Datetime,SPY_High
2023-01-03 04:00:00-05:00,386.0
2023-01-03 04:01:00-05:00,386.14
2023-01-03 04:02:00-05:00,386.23
2023-01-03 04:03:00-05:00,386.46
2023-01-03 04:04:00-05:00,386.55
2023-01-03 04:05:00-05:00,386.57
2023-01-03 04:06:00-05:00,386.48
2023-01-03 04:07:00-05:00,386.2
2023-01-03 04:08:00-05:00,385.99
2023-01-03 04:09:00-05:00,386.04
2023-01-03 04:10:00-05:00,386.28
2023-01-03 04:11:00-05:00,386.37
2023-01-03 04:12:00-05:00,386.43
2023-01-03 04:13:00-05:00,386.52
2023-01-03 04:14:00-05:00,386.51
2023-01-03 04:15:00-05:00,386.58
2023-01-03 04:16:00-05:00,386.79
2023-01-03 04:17:00-05:00,386.78
2023-01-03 04:18:00-05:00,386.67
2023-01-03 04:19:00-05:00,386.59
2023-01-03 04:20:00-05:00,386.58
2023-01-03 04:21:00-05:00,386.54
2023-01-03 04:22:00-05:00,386.59
2023-01-03 04:23:00-05:00,386.63
2023-01-03 04:24:00-05:00,386.8
2023-01-03 04:25:00-05:00,386.83
2023-01-03 04:26:00-05:00,386.8
2023-01-03 04:27:00-05:00,386.61
2023-01-03 04:28:00-05:00,386.5
2023-01-03 04:29:00-05:00,386.51
2023-01-03 04:30:00-05:00,386.68
2023-01-03 04:31:00-05:00,386.53
2023-01-03 04:32:00-05:00,386.71
2023-01-03 04:33:00-05:00,386.69
2023-01-03 04:34:00-05:00,386.67
2023-01-03 04:35:00-05:00,386.75
2023-01-03 04:36:00-05:00,386.72
2023-01-03 04:37:00-05:00,386.63
2023-01-03 04:38:00-05:00,386.61
2023-01-03 04:39:00-05:00,386.51
2023-01-03 04:40:00-05:00,386.64
2023-01-03 04:41:00-05:00,386.7
2023-01-03 04:42:00-05:00,386.74
2023-01-03 04:43:00-05:00,386.74
2023-01-03 04:44:00-05:00,386.62
2023-01-03 04:45:00-05:00,386.7
2023-01-03 04:46:00-05:00,386.7
2023-01-03 04:47:00-05:00,386.72
2023-01-03 04:48:00-05:00,386.67
2023-01-03 04:49:00-05:00,386.75
2023-01-03 04:50:00-05:00,386.82
2023-01-03 04:51:00-05:00,386.81
2023-01-03 04:52:00-05:00,386.78
2023-01-03 04:53:00-05:00,386.77
2023-01-03 04:54:00-05:00,386.78
2023-01-03 04:55:00-05:00,386.7
2023-01-03 04:56:00-05:00,386.7
2023-01-03 04:57:00-05:00,386.69
2023-01-03 04:58:00-05:00,386.76
2023-01-03 04:59:00-05:00,386.83
2023-01-03 05:00:00-05:00,386.86
2023-01-03 05:01:00-05:00,386.71
2023-01-03 05:02:00-05:00,386.63
2023-01-03 05:03:00-05:00,386.63
2023-01-03 05:04:00-05:00,386.69
2023-01-03 05:05:00-05:00,386.73
2023-01-03 05:06:00-05:00,386.73
2023-01-03 05:07:00-05:00,386.74
2023-01-03 05:08:00-05:00,386.65
2023-01-03 05:09:00-05:00,386.52
2023-01-03 05:10:00-05:00,386.49
2023-01-03 05:11:00-05:00,386.41
2023-01-03 05:12:00-05:00,386.38
2023-01-03 05:13:00-05:00,386.26
2023-01-03 05:14:00-05:00,386.21
2023-01-03 05:15:00-05:00,386.25
2023-01-03 05:16:00-05:00,386.23
2023-01-03 05:17:00-05:00,386.07
2023-01-03 05:18:00-05:00,386.06
2023-01-03 05:19:00-05:00,386.0
2023-01-03 05:20:00-05:00,386.0
2023-01-03 05:21:00-05:00,385.99
2023-01-03 05:22:00-05:00,385.8
2023-01-03 05:23:00-05:00,385.68
2023-01-03 05:24:00-05:00,385.79
2023-01-03 05:25:00-05:00,385.88
2023-01-03 05:26:00-05:00,385.84
2023-01-03 05:27:00-05:00,385.82
2023-01-03 05:28:00-05:00,385.84
2023-01-03 05:29:00-05:00,385.8
2023-01-03 05:30:00-05:00,385.81
2023-01-03 05:31:00-05:00,385.87
2023-01-03 05:32:00-05:00,385.75
2023-01-03 05:33:00-05:00,385.72
2023-01-03 05:34:00-05:00,385.91
2023-01-03 05:35:00-05:00,385.81
2023-01-03 05:36:00-05:00,385.68
2023-01-03 05:37:00-05:00,385.68
2023-01-03 05:38:00-05:00,385.89
2023-01-03 05:39:00-05:00,385.89
2023-01-03 05:40:00-05:00,385.86
2023-01-03 05:41:00-05:00,385.86
2023-01-03 05:42:00-05:00,386.05
2023-01-03 05:43:00-05:00,386.07
2023-01-03 05:44:00-05:00,386.07
2023-01-03 05:45:00-05:00,386.16
2023-01-03 05:46:00-05:00,386.12
2023-01-03 05:47:00-05:00,386.03
2023-01-03 05:48:00-05:00,385.99
2023-01-03 05:49:00-05:00,386.07
2023-01-03 05:50:00-05:00,386.12
2023-01-03 05:51:00-05:00,386.07
2023-01-03 05:52:00-05:00,386.07
2023-01-03 05:53:00-05:00,386.12
2023-01-03 05:54:00-05:00,386.13
2023-01-03 05:55:00-05:00,386.2
2023-01-03 05:56:00-05:00,386.27
2023-01-03 05:57:00-05:00,386.21
2023-01-03 05:58:00-05:00,386.06
2023-01-03 05:59:00-05:00,386.03
2023-01-03 06:00:00-05:00,385.9
2023-01-03 06:01:00-05:00,386.09
2023-01-03 06:02:00-05:00,386.13
2023-01-03 06:03:00-05:00,386.11
2023-01-03 06:04:00-05:00,386.0
2023-01-03 06:05:00-05:00,386.05
2023-01-03 06:06:00-05:00,386.0
2023-01-03 06:07:00-05:00,385.9
2023-01-03 06:08:00-05:00,385.91
2023-01-03 06:09:00-05:00,385.78
2023-01-03 06:10:00-05:00,385.77
2023-01-03 06:11:00-05:00,385.65
2023-01-03 06:12:00-05:00,385.6
2023-01-03 06:13:00-05:00,385.45
2023-01-03 06:14:00-05:00,385.42
2023-01-03 06:15:00-05:00,385.4
2023-01-03 06:16:00-05:00,385.54
2023-01-03 06:17:00-05:00,385.61
2023-01-03 06:18:00-05:00,385.58
2023-01-03 06:19:00-05:00,385.48
2023-01-03 06:20:00-05:00,385.52
2023-01-03 06:21:00-05:00,385.55
2023-01-03 06:22:00-05:00,385.59
2023-01-03 06:23:00-05:00,385.62
2023-01-03 06:24:00-05:00,385.54
2023-01-03 06:25:00-05:00,385.52
2023-01-03 06:26:00-05:00,385.6
2023-01-03 06:27:00-05:00,385.53
2023-01-03 06:28:00-05:00,385.58
2023-01-03 06:29:00-05:00,385.61
2023-01-03 06:30:00-05:00,385.62
2023-01-03 06:31:00-05:00,385.62
2023-01-03 06:32:00-05:00,385.67
2023-01-03 06:33:00-05:00,385.64
2023-01-03 06:34:00-05:00,385.57
2023-01-03 06:35:00-05:00,385.62
2023-01-03 06:36:00-05:00,385.6
2023-01-03 06:37:00-05:00,385.55
2023-01-03 06:38:00-05:00,385.51
2023-01-03 06:39:00-05:00,385.59
2023-01-03 06:40:00-05:00,385.56
2023-01-03 06:41:00-05:00,385.61
2023-01-03 06:42:00-05:00,385.56
2023-01-03 06:43:00-05:00,385.2
2023-01-03 06:44:00-05:00,384.69
2023-01-03 06:45:00-05:00,384.06
2023-01-03 06:46:00-05:00,384.23
2023-01-03 06:47:00-05:00,384.07
2023-01-03 06:48:00-05:00,384.01
2023-01-03 06:49:00-05:00,383.97
2023-01-03 06:50:00-05:00,384.05
2023-01-03 06:51:00-05:00,384.1
2023-01-03 06:52:00-05:00,384.12
2023-01-03 06:53:00-05:00,383.97
2023-01-03 06:54:00-05:00,383.99
2023-01-03 06:55:00-05:00,384.02
2023-01-03 06:56:00-05:00,384.19
2023-01-03 06:57:00-05:00,384.13
2023-01-03 06:58:00-05:00,384.01
2023-01-03 06:59:00-05:00,384.0
2023-01-03 07:00:00-05:00,384.01
2023-01-03 07:01:00-05:00,383.87
2023-01-03 07:02:00-05:00,383.53
2023-01-03 07:03:00-05:00,383.6
2023-01-03 07:04:00-05:00,383.63
2023-01-03 07:05:00-05:00,383.73
2023-01-03 07:06:00-05:00,383.73
2023-01-03 07:07:00-05:00,383.82
2023-01-03 07:08:00-05:00,383.6
2023-01-03 07:09:00-05:00,383.6
2023-01-03 07:10:00-05:00,383.53
2023-01-03 07:11:00-05:00,383.52
2023-01-03 07:12:00-05:00,383.45
2023-01-03 07:13:00-05:00,383.63
2023-01-03 07:14:00-05:00,383.72
2023-01-03 07:15:00-05:00,383.71
2023-01-03 07:16:00-05:00,383.8
2023-01-03 07:17:00-05:00,383.88
2023-01-03 07:18:00-05:00,383.89
2023-01-03 07:19:00-05:00,383.93
2023-01-03 07:20:00-05:00,383.9
2023-01-03 07:21:00-05:00,384.03
2023-01-03 07:22:00-05:00,384.05
2023-01-03 07:23:00-05:00,384.16
2023-01-03 07:24:00-05:00,384.14
2023-01-03 07:25:00-05:00,384.14
2023-01-03 07:26:00-05:00,384.08
2023-01-03 07:27:00-05:00,384.1
2023-01-03 07:28:00-05:00,384.0
2023-01-03 07:29:00-05:00,383.89
2023-01-03 07:30:00-05:00,384.1
2023-01-03 07:31:00-05:00,384.28
2023-01-03 07:32:00-05:00,384.2
2023-01-03 07:33:00-05:00,384.26
2023-01-03 07:34:00-05:00,384.27
2023-01-03 07:35:00-05:00,384.28
2023-01-03 07:36:00-05:00,384.26
2023-01-03 07:37:00-05:00,384.18
2023-01-03 07:38:00-05:00,384.22
2023-01-03 07:39:00-05:00,384.3
2023-01-03 07:40:00-05:00,384.42
2023-01-03 07:41:00-05:00,384.44
2023-01-03 07:42:00-05:00,384.44
2023-01-03 07:43:00-05:00,384.33
2023-01-03 07:44:00-05:00,384.36
2023-01-03 07:45:00-05:00,384.36
2023-01-03 07:46:00-05:00,384.29
2023-01-03 07:47:00-05:00,384.23
2023-01-03 07:48:00-05:00,384.17
2023-01-03 07:49:00-05:00,384.3
2023-01-03 07:50:00-05:00,384.25
2023-01-03 07:51:00-05:00,384.21
2023-01-03 07:52:00-05:00,384.25
2023-01-03 07:53:00-05:00,384.17
2023-01-03 07:54:00-05:00,384.1
2023-01-03 07:55:00-05:00,384.01
2023-01-03 07:56:00-05:00,384.03
2023-01-03 07:57:00-05:00,383.97
2023-01-03 07:58:00-05:00,383.97
2023-01-03 07:59:00-05:00,384.31
2023-01-03 08:00:00-05:00,386.7804
2023-01-03 08:01:00-05:00,385.99
2023-01-03 08:02:00-05:00,384.8
2023-01-03 08:03:00-05:00,384.85
2023-01-03 08:04:00-05:00,384.76
2023-01-03 08:05:00-05:00,384.75
2023-01-03 08:06:00-05:00,384.57
2023-01-03 08:07:00-05:00,384.42
2023-01-03 08:08:00-05:00,384.17
2023-01-03 08:09:00-05:00,383.88
2023-01-03 08:10:00-05:00,383.76
2023-01-03 08:11:00-05:00,383.8
2023-01-03 08:12:00-05:00,383.86
2023-01-03 08:13:00-05:00,384.07
2023-01-03 08:14:00-05:00,383.97
2023-01-03 08:15:00-05:00,384.04
2023-01-03 08:16:00-05:00,384.03
2023-01-03 08:17:00-05:00,384.1
2023-01-03 08:18:00-05:00,384.08
2023-01-03 08:19:00-05:00,384.1
2023-01-03 08:20:00-05:00,384.35
2023-01-03 08:21:00-05:00,384.39
2023-01-03 08:22:00-05:00,384.66
2023-01-03 08:23:00-05:00,384.65
2023-01-03 08:24:00-05:00,384.64
2023-01-03 08:25:00-05:00,384.53
2023-01-03 08:26:00-05:00,384.5
2023-01-03 08:27:00-05:00,384.26
2023-01-03 08:28:00-05:00,384.19
2023-01-03 08:29:00-05:00,384.17
2023-01-03 08:30:00-05:00,384.13
2023-01-03 08:31:00-05:00,384.14
2023-01-03 08:32:00-05:00,384.31
2023-01-03 08:33:00-05:00,384.37
2023-01-03 08:34:00-05:00,384.32
2023-01-03 08:35:00-05:00,384.31
2023-01-03 08:36:00-05:00,384.4
2023-01-03 08:37:00-05:00,384.49
2023-01-03 08:38:00-05:00,384.56
2023-01-03 08:39:00-05:00,384.52
2023-01-03 08:40:00-05:00,384.64
2023-01-03 08:41:00-05:00,384.52
2023-01-03 08:42:00-05:00,384.52
2023-01-03 08:43:00-05:00,384.5
2023-01-03 08:44:00-05:00,384.56
2023-01-03 08:45:00-05:00,384.6
2023-01-03 08:46:00-05:00,384.64
2023-01-03 08:47:00-05:00,384.6
2023-01-03 08:48:00-05:00,384.62
2023-01-03 08:49:00-05:00,384.65
2023-01-03 08:50:00-05:00,384.75
2023-01-03 08:51:00-05:00,384.82
2023-01-03 08:52:00-05:00,384.88
2023-01-03 08:53:00-05:00,384.83
2023-01-03 08:54:00-05:00,384.75
2023-01-03 08:55:00-05:00,384.8
2023-01-03 08:56:00-05:00,384.82
2023-01-03 08:57:00-05:00,384.84
2023-01-03 08:58:00-05:00,384.84
2023-01-03 08:59:00-05:00,384.91
2023-01-03 09:00:00-05:00,384.79
2023-01-03 09:01:00-05:00,384.76
2023-01-03 09:02:00-05:00,384.67
2023-01-03 09:03:00-05:00,384.61
2023-01-03 09:04:00-05:00,384.53
2023-01-03 09:05:00-05:00,384.56
2023-01-03 09:06:00-05:00,384.7
2023-01-03 09:07:00-05:00,384.6
2023-01-03 09:08:00-05:00,384.75
2023-01-03 09:09:00-05:00,384.84
2023-01-03 09:10:00-05:00,384.97
2023-01-03 09:11:00-05:00,384.9
2023-01-03 09:12:00-05:00,384.9
2023-01-03 09:13:00-05:00,385.05
2023-01-03 09:14:00-05:00,385.2
2023-01-03 09:30:00-05:00,384.4599914550781
2023-01-03 09:31:00-05:00,384.1300048828125
2023-01-03 09:32:00-05:00,384.4200134277344
2023-01-03 09:33:00-05:00,385.0799865722656
2023-01-03 09:34:00-05:00,385.1199951171875
2023-01-03 09:35:00-05:00,384.989990234375
2023-01-03 09:36:00-05:00,384.7799987792969
2023-01-03 09:37:00-05:00,384.8550109863281
2023-01-03 09:38:00-05:00,384.8900146484375
2023-01-03 09:39:00-05:00,385.4400024414063
2023-01-03 09:40:00-05:00,385.7842102050781
2023-01-03 09:41:00-05:00,386.2199096679688
2023-01-03 09:42:00-05:00,386.4299926757813
2023-01-03 09:43:00-05:00,386.2799987792969
2023-01-03 09:44:00-05:00,386.1099853515625
2023-01-03 09:45:00-05:00,385.3999938964844
2023-01-03 09:46:00-05:00,384.6600036621094
2023-01-03 09:47:00-05:00,384.7000122070313
2023-01-03 09:48:00-05:00,383.9400024414063
2023-01-03 09:49:00-05:00,383.5499877929688
2023-01-03 09:50:00-05:00,383.9599914550781
2023-01-03 09:51:00-05:00,383.8800048828125
2023-01-03 09:52:00-05:00,383.739990234375
2023-01-03 09:53:00-05:00,382.989990234375
2023-01-03 09:54:00-05:00,382.9399108886719
2023-01-03 09:55:00-05:00,383.1000061035156
2023-01-03 09:56:00-05:00,382.6700134277344
2023-01-03 09:57:00-05:00,382.5098876953125
2023-01-03 09:58:00-05:00,382.18499755859375
2023-01-03 09:59:00-05:00,381.9700012207031
2023-01-03 10:00:00-05:00,382.4500122070313
2023-01-03 10:01:00-05:00,382.5799865722656
2023-01-03 10:02:00-05:00,382.38909912109375
2023-01-03 10:03:00-05:00,382.4800109863281
2023-01-03 10:04:00-05:00,382.5199890136719
2023-01-03 10:05:00-05:00,382.3299865722656
2023-01-03 10:06:00-05:00,382.2999877929688
2023-01-03 10:07:00-05:00,382.239990234375
2023-01-03 10:08:00-05:00,382.4100036621094
2023-01-03 10:09:00-05:00,382.2200012207031
2023-01-03 10:10:00-05:00,382.0199890136719
2023-01-03 10:11:00-05:00,382.0299987792969
2023-01-03 10:12:00-05:00,381.7799987792969
2023-01-03 10:13:00-05:00,381.4599914550781
2023-01-03 10:14:00-05:00,381.3299865722656
2023-01-03 10:15:00-05:00,381.3699951171875
2023-01-03 10:16:00-05:00,381.3699951171875
2023-01-03 10:17:00-05:00,381.2799987792969
2023-01-03 10:18:00-05:00,380.9599914550781
2023-01-03 10:19:00-05:00,380.6799926757813
2023-01-03 10:20:00-05:00,380.75
2023-01-03 10:21:00-05:00,380.7999877929688
2023-01-03 10:22:00-05:00,380.6499938964844
2023-01-03 10:23:00-05:00,380.9100036621094
2023-01-03 10:24:00-05:00,380.9884948730469
2023-01-03 10:25:00-05:00,380.8901062011719
2023-01-03 10:26:00-05:00,380.9100036621094
2023-01-03 10:27:00-05:00,380.80999755859375
2023-01-03 10:28:00-05:00,380.7799987792969
2023-01-03 10:29:00-05:00,381.0
2023-01-03 10:30:00-05:00,380.8900146484375
2023-01-03 10:31:00-05:00,380.6799926757813
2023-01-03 10:32:00-05:00,380.8999938964844
2023-01-03 10:33:00-05:00,380.6299133300781
2023-01-03 10:34:00-05:00,380.6900024414063
2023-01-03 10:35:00-05:00,380.9599914550781
2023-01-03 10:36:00-05:00,380.9599914550781
2023-01-03 10:37:00-05:00,380.9299926757813
2023-01-03 10:38:00-05:00,381.1700134277344
2023-01-03 10:39:00-05:00,381.1099853515625
2023-01-03 10:40:00-05:00,381.2999877929688
2023-01-03 10:41:00-05:00,381.3500061035156
2023-01-03 10:42:00-05:00,381.3900146484375
2023-01-03 10:43:00-05:00,381.2799987792969
2023-01-03 10:44:00-05:00,381.30999755859375
2023-01-03 10:45:00-05:00,381.3999938964844
2023-01-03 10:46:00-05:00,381.7200012207031
2023-01-03 10:47:00-05:00,381.6799926757813
2023-01-03 10:48:00-05:00,381.5130004882813
2023-01-03 10:49:00-05:00,381.5050048828125
2023-01-03 10:50:00-05:00,381.5
2023-01-03 10:51:00-05:00,381.2000122070313
2023-01-03 10:52:00-05:00,381.3299865722656
2023-01-03 10:53:00-05:00,381.4800109863281
2023-01-03 10:54:00-05:00,381.1099853515625
2023-01-03 10:55:00-05:00,381.28851318359375
2023-01-03 10:56:00-05:00,381.659912109375
2023-01-03 10:57:00-05:00,381.8699951171875
2023-01-03 10:58:00-05:00,381.989990234375
2023-01-03 10:59:00-05:00,382.0950012207031
2023-01-03 11:00:00-05:00,382.3299865722656
2023-01-03 11:01:00-05:00,382.30999755859375
2023-01-03 11:02:00-05:00,382.1900024414063
2023-01-03 11:03:00-05:00,381.9800109863281
2023-01-03 11:04:00-05:00,381.997314453125
2023-01-03 11:05:00-05:00,381.6799926757813
2023-01-03 11:06:00-05:00,381.6170959472656
2023-01-03 11:07:00-05:00,381.5498962402344
2023-01-03 11:08:00-05:00,381.6000061035156
2023-01-03 11:09:00-05:00,381.489990234375
2023-01-03 11:10:00-05:00,380.8399963378906
2023-01-03 11:11:00-05:00,380.7200012207031
2023-01-03 11:12:00-05:00,380.489990234375
2023-01-03 11:13:00-05:00,380.3500061035156
2023-01-03 11:14:00-05:00,380.090087890625
2023-01-03 11:15:00-05:00,379.9299926757813
2023-01-03 11:16:00-05:00,379.7699890136719
2023-01-03 11:17:00-05:00,379.8599853515625
2023-01-03 11:18:00-05:00,380.139892578125
2023-01-03 11:19:00-05:00,380.1391906738281
2023-01-03 11:20:00-05:00,380.0299987792969
2023-01-03 11:21:00-05:00,379.8999938964844
2023-01-03 11:22:00-05:00,380.0299987792969
2023-01-03 11:23:00-05:00,380.4599914550781
2023-01-03 11:24:00-05:00,380.30999755859375
2023-01-03 11:25:00-05:00,380.1799926757813
2023-01-03 11:26:00-05:00,380.0499877929688
2023-01-03 11:27:00-05:00,379.9299926757813
2023-01-03 11:28:00-05:00,380.0400085449219
2023-01-03 11:29:00-05:00,380.0700073242188
2023-01-03 11:30:00-05:00,380.0499877929688
2023-01-03 11:31:00-05:00,379.9100036621094
2023-01-03 11:32:00-05:00,379.7200012207031
2023-01-03 11:33:00-05:00,379.7699890136719
2023-01-03 11:34:00-05:00,379.6000061035156
2023-01-03 11:35:00-05:00,379.6600036621094
2023-01-03 11:36:00-05:00,379.4299926757813
2023-01-03 11:37:00-05:00,379.5549926757813
2023-01-03 11:38:00-05:00,379.6900024414063
2023-01-03 11:39:00-05:00,379.80999755859375
2023-01-03 11:40:00-05:00,379.6549987792969
2023-01-03 11:41:00-05:00,379.739990234375
2023-01-03 11:42:00-05:00,379.4800109863281
2023-01-03 11:43:00-05:00,379.3699951171875
2023-01-03 11:44:00-05:00,379.3049926757813
2023-01-03 11:45:00-05:00,379.2099914550781
2023-01-03 11:46:00-05:00,379.1900024414063
2023-01-03 11:47:00-05:00,379.0899963378906
2023-01-03 11:48:00-05:00,379.1400146484375
2023-01-03 11:49:00-05:00,379.2200012207031
2023-01-03 11:50:00-05:00,379.1000061035156
2023-01-03 11:51:00-05:00,378.9949951171875
2023-01-03 11:52:00-05:00,379.260009765625
2023-01-03 11:53:00-05:00,379.3399963378906
2023-01-03 11:54:00-05:00,379.1900024414063
2023-01-03 11:55:00-05:00,379.0299987792969
2023-01-03 11:56:00-05:00,378.989990234375
2023-01-03 11:57:00-05:00,379.0400085449219
2023-01-03 11:58:00-05:00,379.2699890136719
2023-01-03 11:59:00-05:00,379.2149963378906
2023-01-03 12:00:00-05:00,379.260009765625
2023-01-03 12:01:00-05:00,379.1950073242188
2023-01-03 12:02:00-05:00,379.0199890136719
2023-01-03 12:03:00-05:00,379.1000061035156
2023-01-03 12:04:00-05:00,379.1499938964844
2023-01-03 12:05:00-05:00,379.1400146484375
2023-01-03 12:06:00-05:00,379.239990234375
2023-01-03 12:07:00-05:00,379.6700134277344
2023-01-03 12:08:00-05:00,379.6600036621094
2023-01-03 12:09:00-05:00,379.6000061035156
2023-01-03 12:10:00-05:00,379.4649963378906
2023-01-03 12:11:00-05:00,379.4700012207031
2023-01-03 12:12:00-05:00,379.55999755859375
2023-01-03 12:13:00-05:00,379.7000122070313
2023-01-03 12:14:00-05:00,379.7300109863281
2023-01-03 12:15:00-05:00,379.6099853515625
2023-01-03 12:16:00-05:00,379.6199951171875
2023-01-03 12:17:00-05:00,379.4801025390625
2023-01-03 12:18:00-05:00,379.2998962402344
2023-01-03 12:19:00-05:00,379.2900085449219
2023-01-03 12:20:00-05:00,379.3399963378906
2023-01-03 12:21:00-05:00,379.489990234375
2023-01-03 12:22:00-05:00,379.3800048828125
2023-01-03 12:23:00-05:00,379.1499938964844
2023-01-03 12:24:00-05:00,378.7999877929688
2023-01-03 12:25:00-05:00,378.9299926757813
2023-01-03 12:26:00-05:00,379.1050109863281
2023-01-03 12:27:00-05:00,379.1000061035156
2023-01-03 12:28:00-05:00,379.05999755859375
2023-01-03 12:29:00-05:00,378.9700012207031
2023-01-03 12:30:00-05:00,379.0150146484375
2023-01-03 12:31:00-05:00,379.3599853515625
2023-01-03 12:32:00-05:00,379.3699951171875
2023-01-03 12:33:00-05:00,379.739990234375
2023-01-03 12:34:00-05:00,380.0199890136719
2023-01-03 12:35:00-05:00,379.9500122070313
2023-01-03 12:36:00-05:00,379.9500122070313
2023-01-03 12:37:00-05:00,379.7800903320313
2023-01-03 12:38:00-05:00,379.6600036621094
2023-01-03 12:39:00-05:00,379.6400146484375
2023-01-03 12:40:00-05:00,379.489990234375
2023-01-03 12:41:00-05:00,379.260009765625
2023-01-03 12:42:00-05:00,379.1300048828125
2023-01-03 12:43:00-05:00,378.9299926757813
2023-01-03 12:44:00-05:00,378.8999938964844
2023-01-03 12:45:00-05:00,378.8399963378906
2023-01-03 12:46:00-05:00,378.5498962402344
2023-01-03 12:47:00-05:00,378.2200012207031
2023-01-03 12:48:00-05:00,378.2699890136719
2023-01-03 12:49:00-05:00,378.2300109863281
2023-01-03 12:50:00-05:00,378.2749938964844
2023-01-03 12:51:00-05:00,378.2799987792969
2023-01-03 12:52:00-05:00,378.3299865722656
2023-01-03 12:53:00-05:00,378.2699890136719
2023-01-03 12:54:00-05:00,378.260009765625
2023-01-03 12:55:00-05:00,378.2699890136719
2023-01-03 12:56:00-05:00,378.5400085449219
2023-01-03 12:57:00-05:00,378.9299926757813
2023-01-03 12:58:00-05:00,378.8500061035156
2023-01-03 12:59:00-05:00,378.6700134277344
2023-01-03 13:00:00-05:00,378.6883850097656
2023-01-03 13:01:00-05:00,378.6499938964844
2023-01-03 13:02:00-05:00,378.5499877929688
2023-01-03 13:03:00-05:00,378.5199890136719
2023-01-03 13:04:00-05:00,378.7999877929688
2023-01-03 13:05:00-05:00,378.7200012207031
2023-01-03 13:06:00-05:00,378.5799865722656
2023-01-03 13:07:00-05:00,378.6950073242188
2023-01-03 13:08:00-05:00,378.6600036621094
2023-01-03 13:09:00-05:00,378.6600036621094
2023-01-03 13:10:00-05:00,378.7799987792969
2023-01-03 13:11:00-05:00,379.0
2023-01-03 13:12:00-05:00,378.9100036621094
2023-01-03 13:13:00-05:00,378.7099914550781
2023-01-03 13:14:00-05:00,378.5450134277344
2023-01-03 13:15:00-05:00,378.55999755859375
2023-01-03 13:16:00-05:00,378.55999755859375
2023-01-03 13:17:00-05:00,378.5398864746094
2023-01-03 13:18:00-05:00,378.6799926757813
2023-01-03 13:19:00-05:00,378.6099853515625
2023-01-03 13:20:00-05:00,378.5249938964844
2023-01-03 13:21:00-05:00,378.4150085449219
2023-01-03 13:22:00-05:00,378.489990234375
2023-01-03 13:23:00-05:00,378.7200012207031
2023-01-03 13:24:00-05:00,378.760009765625
2023-01-03 13:25:00-05:00,379.239990234375
2023-01-03 13:26:00-05:00,379.6300048828125
2023-01-03 13:27:00-05:00,379.6000061035156
2023-01-03 13:28:00-05:00,379.4400024414063
2023-01-03 13:29:00-05:00,379.6856994628906
2023-01-03 13:30:00-05:00,379.6099853515625
2023-01-03 13:31:00-05:00,379.5799865722656
2023-01-03 13:32:00-05:00,379.5
2023-01-03 13:33:00-05:00,379.4500122070313
2023-01-03 13:34:00-05:00,379.55999755859375
2023-01-03 13:35:00-05:00,379.39599609375
2023-01-03 13:36:00-05:00,379.5842895507813
2023-01-03 13:37:00-05:00,379.6000061035156
2023-01-03 13:38:00-05:00,379.6199951171875
2023-01-03 13:39:00-05:00,379.4800109863281
2023-01-03 13:40:00-05:00,379.5400085449219
2023-01-03 13:41:00-05:00,379.7491149902344
2023-01-03 13:42:00-05:00,379.5799865722656
2023-01-03 13:43:00-05:00,379.4800109863281
2023-01-03 13:44:00-05:00,379.3999938964844
2023-01-03 13:45:00-05:00,379.3536071777344
2023-01-03 13:46:00-05:00,379.2000122070313
2023-01-03 13:47:00-05:00,379.2799987792969
2023-01-03 13:48:00-05:00,379.2622985839844
2023-01-03 13:49:00-05:00,379.35650634765625
2023-01-03 13:50:00-05:00,379.4800109863281
2023-01-03 13:51:00-05:00,379.4299926757813
2023-01-03 13:52:00-05:00,379.5799865722656
2023-01-03 13:53:00-05:00,379.7099914550781
2023-01-03 13:54:00-05:00,379.9299926757813
2023-01-03 13:55:00-05:00,379.989990234375
2023-01-03 13:56:00-05:00,379.92138671875
2023-01-03 13:57:00-05:00,379.8999938964844
2023-01-03 13:58:00-05:00,379.8800048828125
2023-01-03 13:59:00-05:00,379.9352111816406
2023-01-03 14:00:00-05:00,380.2300109863281
2023-01-03 14:01:00-05:00,379.9500122070313
2023-01-03 14:02:00-05:00,379.6900024414063
2023-01-03 14:03:00-05:00,379.5499877929688
2023-01-03 14:04:00-05:00,379.6099853515625
2023-01-03 14:05:00-05:00,379.6899108886719
2023-01-03 14:06:00-05:00,379.5799865722656
2023-01-03 14:07:00-05:00,379.6400146484375
2023-01-03 14:08:00-05:00,379.7999877929688
2023-01-03 14:09:00-05:00,379.6900024414063
2023-01-03 14:10:00-05:00,379.6950073242188
2023-01-03 14:11:00-05:00,379.5199890136719
2023-01-03 14:12:00-05:00,379.4299926757813
2023-01-03 14:13:00-05:00,379.3399963378906
2023-01-03 14:14:00-05:00,379.3500061035156
2023-01-03 14:15:00-05:00,379.5199890136719
2023-01-03 14:16:00-05:00,379.6600036621094
2023-01-03 14:17:00-05:00,379.625
2023-01-03 14:18:00-05:00,379.6199951171875
2023-01-03 14:19:00-05:00,379.5581970214844
2023-01-03 14:20:00-05:00,379.3599853515625
2023-01-03 14:21:00-05:00,379.4200134277344
2023-01-03 14:22:00-05:00,379.4100036621094
2023-01-03 14:23:00-05:00,379.4249877929688
2023-01-03 14:24:00-05:00,379.1000061035156
2023-01-03 14:25:00-05:00,379.0299987792969
2023-01-03 14:26:00-05:00,378.9400024414063
2023-01-03 14:27:00-05:00,379.1400146484375
2023-01-03 14:28:00-05:00,379.0199890136719
2023-01-03 14:29:00-05:00,379.0700073242188
2023-01-03 14:30:00-05:00,379.0700073242188
2023-01-03 14:31:00-05:00,378.8699951171875
2023-01-03 14:32:00-05:00,378.5700073242188
2023-01-03 14:33:00-05:00,378.4736022949219
2023-01-03 14:34:00-05:00,378.4700012207031
2023-01-03 14:35:00-05:00,378.3699951171875
2023-01-03 14:36:00-05:00,378.489990234375
2023-01-03 14:37:00-05:00,378.489990234375
2023-01-03 14:38:00-05:00,378.489990234375
2023-01-03 14:39:00-05:00,378.5
2023-01-03 14:40:00-05:00,378.4400024414063
2023-01-03 14:41:00-05:00,378.9200134277344
2023-01-03 14:42:00-05:00,378.8900146484375
2023-01-03 14:43:00-05:00,379.3299865722656
2023-01-03 14:44:00-05:00,379.4800109863281
2023-01-03 14:45:00-05:00,380.6199951171875
2023-01-03 14:46:00-05:00,380.75
2023-01-03 14:47:00-05:00,380.5299987792969
2023-01-03 14:48:00-05:00,380.4200134277344
2023-01-03 14:49:00-05:00,380.5400085449219
2023-01-03 14:50:00-05:00,380.5799865722656
2023-01-03 14:51:00-05:00,380.3800048828125
2023-01-03 14:52:00-05:00,380.1900024414063
2023-01-03 14:53:00-05:00,380.1199951171875
2023-01-03 14:54:00-05:00,380.14990234375
2023-01-03 14:55:00-05:00,380.510009765625
2023-01-03 14:56:00-05:00,380.2966003417969
2023-01-03 14:57:00-05:00,380.0
2023-01-03 14:58:00-05:00,380.1199035644531
2023-01-03 14:59:00-05:00,380.0700073242188
2023-01-03 15:00:00-05:00,380.6199951171875
2023-01-03 15:01:00-05:00,380.6700134277344
2023-01-03 15:02:00-05:00,380.4200134277344
2023-01-03 15:03:00-05:00,380.1400146484375
2023-01-03 15:04:00-05:00,380.3599853515625
2023-01-03 15:05:00-05:00,380.4200134277344
2023-01-03 15:06:00-05:00,380.3900146484375
2023-01-03 15:07:00-05:00,380.2699890136719
2023-01-03 15:08:00-05:00,380.1099853515625
2023-01-03 15:09:00-05:00,380.1050109863281
2023-01-03 15:10:00-05:00,380.2300109863281
2023-01-03 15:11:00-05:00,380.4400024414063
2023-01-03 15:12:00-05:00,380.4500122070313
2023-01-03 15:13:00-05:00,380.5499877929688
2023-01-03 15:14:00-05:00,380.6499938964844
2023-01-03 15:15:00-05:00,381.1499938964844
2023-01-03 15:16:00-05:00,380.989990234375
2023-01-03 15:17:00-05:00,381.0799865722656
2023-01-03 15:18:00-05:00,381.0698852539063
2023-01-03 15:19:00-05:00,380.9800109863281
2023-01-03 15:20:00-05:00,380.6799926757813
2023-01-03 15:21:00-05:00,380.260009765625
2023-01-03 15:22:00-05:00,380.2099914550781
2023-01-03 15:23:00-05:00,380.1199951171875
2023-01-03 15:24:00-05:00,380.0400085449219
2023-01-03 15:25:00-05:00,380.16009521484375
2023-01-03 15:26:00-05:00,380.4400024414063
2023-01-03 15:27:00-05:00,380.3500061035156
2023-01-03 15:28:00-05:00,380.3500061035156
2023-01-03 15:29:00-05:00,380.4200134277344
2023-01-03 15:30:00-05:00,380.6499938964844
2023-01-03 15:31:00-05:00,380.6000061035156
2023-01-03 15:32:00-05:00,381.0
2023-01-03 15:33:00-05:00,381.0499877929688
2023-01-03 15:34:00-05:00,381.0299987792969
2023-01-03 15:35:00-05:00,381.0799865722656
2023-01-03 15:36:00-05:00,381.0499877929688
2023-01-03 15:37:00-05:00,380.9100036621094
2023-01-03 15:38:00-05:00,380.760009765625
2023-01-03 15:39:00-05:00,380.7650146484375
2023-01-03 15:40:00-05:00,380.9500122070313
2023-01-03 15:41:00-05:00,380.8800048828125
2023-01-03 15:42:00-05:00,380.6600036621094
2023-01-03 15:43:00-05:00,380.7300109863281
2023-01-03 15:44:00-05:00,380.7777099609375
2023-01-03 15:45:00-05:00,380.6099853515625
2023-01-03 15:46:00-05:00,380.739990234375
2023-01-03 15:47:00-05:00,380.7099914550781
2023-01-03 15:48:00-05:00,381.010009765625
2023-01-03 15:49:00-05:00,380.9299926757813
2023-01-03 15:50:00-05:00,381.2000122070313
2023-01-03 15:51:00-05:00,381.010009765625
2023-01-03 15:52:00-05:00,380.9800109863281
2023-01-03 15:53:00-05:00,380.989990234375
2023-01-03 15:54:00-05:00,381.2200012207031
2023-01-03 15:55:00-05:00,381.1400146484375
2023-01-03 15:56:00-05:00,380.9100036621094
2023-01-03 15:57:00-05:00,381.2999877929688
2023-01-03 15:58:00-05:00,381.2900085449219
2023-01-03 15:59:00-05:00,381.0700073242188
2023-01-03 16:00:00-05:00,380.93
2023-01-03 16:01:00-05:00,380.46
2023-01-03 16:02:00-05:00,380.82
2023-01-03 16:03:00-05:00,380.31
2023-01-03 16:04:00-05:00,382.4558
2023-01-03 16:05:00-05:00,380.82
2023-01-03 16:06:00-05:00,380.9258
2023-01-03 16:07:00-05:00,380.9258
2023-01-03 16:08:00-05:00,380.55
2023-01-03 16:09:00-05:00,380.54
2023-01-03 16:10:00-05:00,380.9363
2023-01-03 16:11:00-05:00,380.65
2023-01-03 16:12:00-05:00,380.82
2023-01-03 16:13:00-05:00,380.66
2023-01-03 16:14:00-05:00,380.49
2023-01-03 16:15:00-05:00,380.82
2023-01-03 16:16:00-05:00,380.67
2023-01-03 16:17:00-05:00,380.65
2023-01-03 16:18:00-05:00,380.69
2023-01-03 16:19:00-05:00,380.7
2023-01-03 16:20:00-05:00,380.7
2023-01-03 16:21:00-05:00,380.71
2023-01-03 16:22:00-05:00,380.71
2023-01-03 16:23:00-05:00,380.6
2023-01-03 16:24:00-05:00,380.62
2023-01-03 16:25:00-05:00,380.7
2023-01-03 16:26:00-05:00,380.7
2023-01-03 16:27:00-05:00,380.625
2023-01-03 16:28:00-05:00,380.63
2023-01-03 16:29:00-05:00,380.65
2023-01-03 16:30:00-05:00,380.66
2023-01-03 16:31:00-05:00,380.64
2023-01-03 16:32:00-05:00,380.555
2023-01-03 16:33:00-05:00,380.59
2023-01-03 16:34:00-05:00,380.535
2023-01-03 16:35:00-05:00,380.55
2023-01-03 16:36:00-05:00,380.56
2023-01-03 16:37:00-05:00,380.58
2023-01-03 16:38:00-05:00,380.61
2023-01-03 16:39:00-05:00,380.515
2023-01-03 16:40:00-05:00,380.56
2023-01-03 16:41:00-05:00,380.58
2023-01-03 16:42:00-05:00,380.54
2023-01-03 16:43:00-05:00,380.555
2023-01-03 16:44:00-05:00,380.59
2023-01-03 16:45:00-05:00,380.575
2023-01-03 16:46:00-05:00,380.57
2023-01-03 16:47:00-05:00,380.6
2023-01-03 16:48:00-05:00,380.68
2023-01-03 16:49:00-05:00,380.72
2023-01-03 16:50:00-05:00,380.72
2023-01-03 16:51:00-05:00,380.7
2023-01-03 16:52:00-05:00,380.72
2023-01-03 16:53:00-05:00,380.82
2023-01-03 16:54:00-05:00,380.79
2023-01-03 16:55:00-05:00,380.795
2023-01-03 16:56:00-05:00,380.81
2023-01-03 16:57:00-05:00,380.79
2023-01-03 16:58:00-05:00,380.77
2023-01-03 16:59:00-05:00,384.18146
2023-01-03 17:00:00-05:00,380.73
2023-01-03 17:01:00-05:00,395.18655
2023-01-03 17:02:00-05:00,384.18167
2023-01-03 17:03:00-05:00,380.66
2023-01-03 17:04:00-05:00,380.66
2023-01-03 17:05:00-05:00,380.68
2023-01-03 17:06:00-05:00,380.645
2023-01-03 17:07:00-05:00,384.18134
2023-01-03 17:08:00-05:00,380.69
2023-01-03 17:09:00-05:00,380.69
2023-01-03 17:10:00-05:00,380.61
2023-01-03 17:11:00-05:00,380.61
2023-01-03 17:12:00-05:00,380.61
2023-01-03 17:13:00-05:00,380.64
2023-01-03 17:14:00-05:00,380.64
2023-01-03 17:15:00-05:00,380.6
2023-01-03 17:16:00-05:00,380.58
2023-01-03 17:17:00-05:00,380.6
2023-01-03 17:18:00-05:00,380.6
2023-01-03 17:19:00-05:00,380.605
2023-01-03 17:20:00-05:00,380.64
2023-01-03 17:21:00-05:00,380.64
2023-01-03 17:22:00-05:00,380.6
2023-01-03 17:23:00-05:00,380.65
2023-01-03 17:24:00-05:00,380.61
2023-01-03 17:25:00-05:00,380.61
2023-01-03 17:26:00-05:00,380.605
2023-01-03 17:27:00-05:00,380.65
2023-01-03 17:28:00-05:00,380.605
2023-01-03 17:29:00-05:00,380.64
2023-01-03 17:30:00-05:00,380.64
2023-01-03 17:31:00-05:00,380.58
2023-01-03 17:32:00-05:00,380.605
2023-01-03 17:33:00-05:00,380.57
2023-01-03 17:34:00-05:00,380.65
2023-01-03 17:35:00-05:00,380.6
2023-01-03 17:36:00-05:00,380.58
2023-01-03 17:37:00-05:00,380.6
2023-01-03 17:38:00-05:00,380.605
2023-01-03 17:39:00-05:00,380.65
2023-01-03 17:40:00-05:00,380.64
2023-01-03 17:41:00-05:00,380.63
2023-01-03 17:42:00-05:00,380.6
2023-01-03 17:43:00-05:00,380.65
2023-01-03 17:44:00-05:00,380.61
2023-01-03 17:45:00-05:00,380.65
2023-01-03 17:46:00-05:00,380.61
2023-01-03 17:47:00-05:00,380.57
2023-01-03 17:48:00-05:00,380.65
2023-01-03 17:49:00-05:00,380.65
2023-01-03 17:50:00-05:00,380.61
2023-01-03 17:51:00-05:00,380.65
2023-01-03 17:52:00-05:00,380.65
2023-01-03 17:53:00-05:00,380.64
2023-01-03 17:54:00-05:00,380.62
2023-01-03 17:55:00-05:00,380.62
2023-01-03 17:56:00-05:00,380.63
2023-01-03 17:57:00-05:00,380.64
2023-01-03 17:58:00-05:00,380.64
2023-01-03 17:59:00-05:00,380.64
2023-01-03 18:00:00-05:00,380.6
2023-01-03 18:01:00-05:00,380.42
2023-01-03 18:02:00-05:00,380.56
2023-01-03 18:03:00-05:00,380.57
2023-01-03 18:04:00-05:00,380.559
2023-01-03 18:05:00-05:00,380.53
2023-01-03 18:06:00-05:00,380.53
2023-01-03 18:07:00-05:00,380.5
2023-01-03 18:08:00-05:00,380.535
2023-01-03 18:09:00-05:00,380.53
2023-01-03 18:10:00-05:00,380.52
2023-01-03 18:11:00-05:00,380.46
2023-01-03 18:12:00-05:00,380.5
2023-01-03 18:13:00-05:00,380.48
2023-01-03 18:14:00-05:00,380.4
2023-01-03 18:15:00-05:00,380.5
2023-01-03 18:16:00-05:00,380.5
2023-01-03 18:17:00-05:00,380.5
2023-01-03 18:18:00-05:00,380.49
2023-01-03 18:19:00-05:00,380.54
2023-01-03 18:20:00-05:00,380.63
2023-01-03 18:21:00-05:00,380.65
2023-01-03 18:22:00-05:00,380.61
2023-01-03 18:23:00-05:00,380.57
2023-01-03 18:24:00-05:00,380.52
2023-01-03 18:25:00-05:00,380.52
2023-01-03 18:26:00-05:00,380.52
2023-01-03 18:27:00-05:00,380.52
2023-01-03 18:28:00-05:00,380.56
2023-01-03 18:29:00-05:00,380.67
2023-01-03 18:30:00-05:00,380.64
2023-01-03 18:31:00-05:00,380.56
2023-01-03 18:32:00-05:00,380.54
2023-01-03 18:33:00-05:00,381.1301
2023-01-03 18:34:00-05:00,380.5
2023-01-03 18:35:00-05:00,380.49
2023-01-03 18:36:00-05:00,380.445
2023-01-03 18:37:00-05:00,380.505
2023-01-03 18:38:00-05:00,380.5
2023-01-03 18:39:00-05:00,380.5
2023-01-03 18:40:00-05:00,380.495
2023-01-03 18:41:00-05:00,380.6
2023-01-03 18:42:00-05:00,380.63
2023-01-03 18:43:00-05:00,380.69
2023-01-03 18:44:00-05:00,380.65
2023-01-03 18:45:00-05:00,380.605
2023-01-03 18:46:00-05:00,380.62
2023-01-03 18:47:00-05:00,380.65
2023-01-03 18:48:00-05:00,380.665
2023-01-03 18:49:00-05:00,380.7
2023-01-03 18:50:00-05:00,380.67
2023-01-03 18:51:00-05:00,380.77
2023-01-03 18:52:00-05:00,380.75
2023-01-03 18:53:00-05:00,380.725
2023-01-03 18:54:00-05:00,393.16
2023-01-03 18:55:00-05:00,380.68
2023-01-03 18:56:00-05:00,380.9099
2023-01-03 18:57:00-05:00,380.72
2023-01-03 18:58:00-05:00,380.75
2023-01-03 18:59:00-05:00,380.79
2023-01-03 19:00:00-05:00,380.84
2023-01-03 19:01:00-05:00,380.86
2023-01-03 19:02:00-05:00,380.86
2023-01-03 19:03:00-05:00,380.865
2023-01-03 19:04:00-05:00,380.83
2023-01-03 19:05:00-05:00,380.75
2023-01-03 19:06:00-05:00,380.74
2023-01-03 19:07:00-05:00,380.78
2023-01-03 19:08:00-05:00,380.735
2023-01-03 19:09:00-05:00,380.8
2023-01-03 19:10:00-05:00,380.73
2023-01-03 19:11:00-05:00,380.76
2023-01-03 19:12:00-05:00,380.74
2023-01-03 19:13:00-05:00,380.765
2023-01-03 19:14:00-05:00,380.81
2023-01-03 19:15:00-05:00,380.82
2023-01-03 19:16:00-05:00,380.81
2023-01-03 19:17:00-05:00,380.83
2023-01-03 19:18:00-05:00,380.81
2023-01-03 19:19:00-05:00,380.78
2023-01-03 19:20:00-05:00,380.85
2023-01-03 19:21:00-05:00,380.86
2023-01-03 19:22:00-05:00,381.03
2023-01-03 19:23:00-05:00,381.05
2023-01-03 19:24:00-05:00,381.08
2023-01-03 19:25:00-05:00,381.11
2023-01-03 19:26:00-05:00,381.08
2023-01-03 19:27:00-05:00,381.1
2023-01-03 19:28:00-05:00,381.075
2023-01-03 19:29:00-05:00,381.1
2023-01-03 19:30:00-05:00,381.1
2023-01-03 19:31:00-05:00,381.09
2023-01-03 19:32:00-05:00,381.1
2023-01-03 19:33:00-05:00,381.1
2023-01-03 19:34:00-05:00,380.98
2023-01-03 19:35:00-05:00,380.96
2023-01-03 19:36:00-05:00,380.99
2023-01-03 19:37:00-05:00,380.9
2023-01-03 19:38:00-05:00,380.73
2023-01-03 19:39:00-05:00,380.72
2023-01-03 19:40:00-05:00,380.73
2023-01-03 19:41:00-05:00,380.68
2023-01-03 19:42:00-05:00,380.75
2023-01-03 19:43:00-05:00,380.74
2023-01-03 19:44:00-05:00,380.73
2023-01-03 19:45:00-05:00,380.75
2023-01-03 19:46:00-05:00,380.71
2023-01-03 19:47:00-05:00,380.79
2023-01-03 19:48:00-05:00,380.735
2023-01-03 19:49:00-05:00,380.755
2023-01-03 19:50:00-05:00,380.74
2023-01-03 19:51:00-05:00,380.68
2023-01-03 19:52:00-05:00,380.68
2023-01-03 19:53:00-05:00,380.75
2023-01-03 19:54:00-05:00,380.8
2023-01-03 19:55:00-05:00,380.82
2023-01-03 19:56:00-05:00,380.82
2023-01-03 19:57:00-05:00,380.785
2023-01-03 19:58:00-05:00,380.81
2023-01-03 19:59:00-05:00,380.79
2023-01-04 04:00:00-05:00,382.51
2023-01-04 04:01:00-05:00,382.51
2023-01-04 04:02:00-05:00,382.31
2023-01-04 04:03:00-05:00,382.41
2023-01-04 04:04:00-05:00,382.47
2023-01-04 04:05:00-05:00,382.5
2023-01-04 04:06:00-05:00,382.47
2023-01-04 04:07:00-05:00,382.42
2023-01-04 04:08:00-05:00,382.43
2023-01-04 04:09:00-05:00,382.31
2023-01-04 04:12:00-05:00,382.28
2023-01-04 04:13:00-05:00,382.38
2023-01-04 04:14:00-05:00,382.34
2023-01-04 04:15:00-05:00,382.25
2023-01-04 04:16:00-05:00,382.31
2023-01-04 04:17:00-05:00,382.31
2023-01-04 04:18:00-05:00,382.41
2023-01-04 04:19:00-05:00,382.4
2023-01-04 04:20:00-05:00,382.43
2023-01-04 04:21:00-05:00,382.41
2023-01-04 04:22:00-05:00,382.45
2023-01-04 04:23:00-05:00,382.5
2023-01-04 04:24:00-05:00,382.39
2023-01-04 04:25:00-05:00,382.34
2023-01-04 04:26:00-05:00,382.27
2023-01-04 04:27:00-05:00,382.18
2023-01-04 04:28:00-05:00,382.11
2023-01-04 04:29:00-05:00,382.09
2023-01-04 04:30:00-05:00,382.08
2023-01-04 04:31:00-05:00,382.04
2023-01-04 04:32:00-05:00,382.25
2023-01-04 04:33:00-05:00,382.19
2023-01-04 04:34:00-05:00,382.37
2023-01-04 04:35:00-05:00,382.29
2023-01-04 04:36:00-05:00,382.32
2023-01-04 04:37:00-05:00,382.33
2023-01-04 04:38:00-05:00,382.34
2023-01-04 04:39:00-05:00,382.37
2023-01-04 04:40:00-05:00,382.48
2023-01-04 04:41:00-05:00,382.42
2023-01-04 04:42:00-05:00,382.35
2023-01-04 04:43:00-05:00,382.32
2023-01-04 04:44:00-05:00,382.34
2023-01-04 04:45:00-05:00,382.38
2023-01-04 04:46:00-05:00,382.52
2023-01-04 04:47:00-05:00,382.55
2023-01-04 04:48:00-05:00,382.62
2023-01-04 04:49:00-05:00,382.62
2023-01-04 04:50:00-05:00,382.65
2023-01-04 04:51:00-05:00,382.51
2023-01-04 04:52:00-05:00,382.53
2023-01-04 04:53:00-05:00,382.53
2023-01-04 04:54:00-05:00,382.44
2023-01-04 04:55:00-05:00,382.41
2023-01-04 04:56:00-05:00,382.53
2023-01-04 04:57:00-05:00,382.48
2023-01-04 04:58:00-05:00,382.39
2023-01-04 04:59:00-05:00,382.38
2023-01-04 05:00:00-05:00,382.49
2023-01-04 05:01:00-05:00,382.51
2023-01-04 05:04:00-05:00,382.66
2023-01-04 05:05:00-05:00,382.71
2023-01-04 05:06:00-05:00,382.67
2023-01-04 05:07:00-05:00,382.81
2023-01-04 05:08:00-05:00,382.76
2023-01-04 05:09:00-05:00,382.77
2023-01-04 05:10:00-05:00,382.87
2023-01-04 05:11:00-05:00,382.87
2023-01-04 05:12:00-05:00,382.86
2023-01-04 05:13:00-05:00,382.81
2023-01-04 05:14:00-05:00,382.78
2023-01-04 05:15:00-05:00,382.79
2023-01-04 05:17:00-05:00,382.72
2023-01-04 05:18:00-05:00,382.61
2023-01-04 05:19:00-05:00,382.47
2023-01-04 05:20:00-05:00,382.46
2023-01-04 05:22:00-05:00,382.74
2023-01-04 05:23:00-05:00,382.74
2023-01-04 05:24:00-05:00,382.65
2023-01-04 05:27:00-05:00,382.66
2023-01-04 05:28:00-05:00,382.56
2023-01-04 05:30:00-05:00,382.56
2023-01-04 05:31:00-05:00,382.69
2023-01-04 05:33:00-05:00,382.67
2023-01-04 05:34:00-05:00,382.6
2023-01-04 05:35:00-05:00,382.5
2023-01-04 05:36:00-05:00,382.44
2023-01-04 05:37:00-05:00,382.3
2023-01-04 05:38:00-05:00,382.3
2023-01-04 05:39:00-05:00,382.3
2023-01-04 05:40:00-05:00,382.04
2023-01-04 05:41:00-05:00,381.98
2023-01-04 05:42:00-05:00,381.87
2023-01-04 05:43:00-05:00,381.78
2023-01-04 05:44:00-05:00,381.93
2023-01-04 05:45:00-05:00,381.84
2023-01-04 05:46:00-05:00,381.98
2023-01-04 05:47:00-05:00,381.98
2023-01-04 05:48:00-05:00,382.2
2023-01-04 05:49:00-05:00,382.15
2023-01-04 05:50:00-05:00,382.1
2023-01-04 05:52:00-05:00,382.16
2023-01-04 05:53:00-05:00,382.17
2023-01-04 05:54:00-05:00,382.16
2023-01-04 05:55:00-05:00,382.12
2023-01-04 05:57:00-05:00,382.11
2023-01-04 05:58:00-05:00,382.1
2023-01-04 05:59:00-05:00,382.13
2023-01-04 06:00:00-05:00,382.12
2023-01-04 06:01:00-05:00,382.19
2023-01-04 06:02:00-05:00,382.32
2023-01-04 06:03:00-05:00,382.33
2023-01-04 06:04:00-05:00,382.31
2023-01-04 06:05:00-05:00,382.32
2023-01-04 06:06:00-05:00,382.31
2023-01-04 06:07:00-05:00,382.3
2023-01-04 06:08:00-05:00,382.3
2023-01-04 06:09:00-05:00,382.52
2023-01-04 06:10:00-05:00,382.46
2023-01-04 06:11:00-05:00,382.45
2023-01-04 06:12:00-05:00,382.56
2023-01-04 06:13:00-05:00,382.65
2023-01-04 06:14:00-05:00,382.69
2023-01-04 06:15:00-05:00,382.7
2023-01-04 06:17:00-05:00,382.59
2023-01-04 06:18:00-05:00,382.61
2023-01-04 06:19:00-05:00,382.52
2023-01-04 06:20:00-05:00,382.56
2023-01-04 06:21:00-05:00,382.62
2023-01-04 06:22:00-05:00,382.67
2023-01-04 06:24:00-05:00,382.64
2023-01-04 06:25:00-05:00,382.69
2023-01-04 06:26:00-05:00,382.55
2023-01-04 06:27:00-05:00,382.56
2023-01-04 06:29:00-05:00,382.58
2023-01-04 06:30:00-05:00,382.6
2023-01-04 06:31:00-05:00,382.64
2023-01-04 06:32:00-05:00,382.65
2023-01-04 06:33:00-05:00,382.64
2023-01-04 06:34:00-05:00,382.47
2023-01-04 06:35:00-05:00,382.64
2023-01-04 06:36:00-05:00,382.84
2023-01-04 06:37:00-05:00,382.79
2023-01-04 06:38:00-05:00,382.84
2023-01-04 06:39:00-05:00,382.79
2023-01-04 06:41:00-05:00,382.77
2023-01-04 06:42:00-05:00,382.72
2023-01-04 06:43:00-05:00,382.64
2023-01-04 06:44:00-05:00,382.72
2023-01-04 06:45:00-05:00,382.67
2023-01-04 06:47:00-05:00,382.64
2023-01-04 06:49:00-05:00,382.64
2023-01-04 06:50:00-05:00,382.74
2023-01-04 06:51:00-05:00,382.75
2023-01-04 06:53:00-05:00,382.67
2023-01-04 06:54:00-05:00,382.73
2023-01-04 06:56:00-05:00,382.8
2023-01-04 06:57:00-05:00,382.78
2023-01-04 06:58:00-05:00,382.62
2023-01-04 06:59:00-05:00,382.41
2023-01-04 07:00:00-05:00,382.35
2023-01-04 07:01:00-05:00,382.4
2023-01-04 07:02:00-05:00,382.24
2023-01-04 07:03:00-05:00,382.22
2023-01-04 07:04:00-05:00,382.23
2023-01-04 07:05:00-05:00,382.19
2023-01-04 07:06:00-05:00,382.2
2023-01-04 07:07:00-05:00,382.19
2023-01-04 07:08:00-05:00,382.11
2023-01-04 07:09:00-05:00,382.01
2023-01-04 07:10:00-05:00,382.0
2023-01-04 07:11:00-05:00,382.18
2023-01-04 07:12:00-05:00,382.3
2023-01-04 07:13:00-05:00,382.27
2023-01-04 07:14:00-05:00,382.27
2023-01-04 07:15:00-05:00,382.3
2023-01-04 07:16:00-05:00,382.22
2023-01-04 07:17:00-05:00,382.2
2023-01-04 07:18:00-05:00,382.21
2023-01-04 07:19:00-05:00,382.15
2023-01-04 07:20:00-05:00,382.1
2023-01-04 07:21:00-05:00,382.02
2023-01-04 07:22:00-05:00,381.9
2023-01-04 07:23:00-05:00,381.9
2023-01-04 07:24:00-05:00,381.87
2023-01-04 07:25:00-05:00,381.85
2023-01-04 07:26:00-05:00,382.02
2023-01-04 07:27:00-05:00,382.03
2023-01-04 07:28:00-05:00,382.04
2023-01-04 07:29:00-05:00,381.93
2023-01-04 07:30:00-05:00,382.04
2023-01-04 07:31:00-05:00,382.03
2023-01-04 07:32:00-05:00,382.0
2023-01-04 07:33:00-05:00,382.1
2023-01-04 07:34:00-05:00,382.19
2023-01-04 07:35:00-05:00,382.09
2023-01-04 07:36:00-05:00,382.12
2023-01-04 07:37:00-05:00,382.01
2023-01-04 07:38:00-05:00,382.03
2023-01-04 07:39:00-05:00,382.0
2023-01-04 07:40:00-05:00,381.93
2023-01-04 07:41:00-05:00,381.92
2023-01-04 07:42:00-05:00,381.96
2023-01-04 07:43:00-05:00,381.92
2023-01-04 07:44:00-05:00,382.01
2023-01-04 07:45:00-05:00,382.01
2023-01-04 07:46:00-05:00,381.9
2023-01-04 07:47:00-05:00,381.62
2023-01-04 07:48:00-05:00,381.63
2023-01-04 07:49:00-05:00,381.58
2023-01-04 07:50:00-05:00,381.51
2023-01-04 07:51:00-05:00,381.52
2023-01-04 07:52:00-05:00,381.63
2023-01-04 07:53:00-05:00,381.68
2023-01-04 07:54:00-05:00,381.8
2023-01-04 07:55:00-05:00,381.77
2023-01-04 07:56:00-05:00,381.76
2023-01-04 07:57:00-05:00,381.86
2023-01-04 07:58:00-05:00,381.91
2023-01-04 07:59:00-05:00,381.85
2023-01-04 08:00:00-05:00,382.8004
2023-01-04 08:01:00-05:00,383.09
2023-01-04 08:02:00-05:00,382.03
2023-01-04 08:03:00-05:00,382.11
2023-01-04 08:04:00-05:00,382.25
2023-01-04 08:05:00-05:00,382.2
2023-01-04 08:06:00-05:00,382.16
2023-01-04 08:07:00-05:00,382.17
2023-01-04 08:08:00-05:00,382.34
2023-01-04 08:09:00-05:00,382.39
2023-01-04 08:10:00-05:00,382.43
2023-01-04 08:11:00-05:00,382.42
2023-01-04 08:12:00-05:00,382.48
2023-01-04 08:13:00-05:00,382.47
2023-01-04 08:14:00-05:00,382.4
2023-01-04 08:15:00-05:00,382.39
2023-01-04 08:16:00-05:00,382.39
2023-01-04 08:17:00-05:00,382.44
2023-01-04 08:18:00-05:00,382.47
2023-01-04 08:19:00-05:00,382.55
2023-01-04 08:20:00-05:00,382.75
2023-01-04 08:21:00-05:00,382.89
2023-01-04 08:22:00-05:00,383.03
2023-01-04 08:23:00-05:00,383.0
2023-01-04 08:24:00-05:00,383.11
2023-01-04 08:25:00-05:00,383.15
2023-01-04 08:26:00-05:00,383.25
2023-01-04 08:27:00-05:00,383.17
2023-01-04 08:28:00-05:00,383.11
2023-01-04 08:29:00-05:00,383.03
2023-01-04 08:30:00-05:00,383.11
2023-01-04 08:31:00-05:00,383.12
2023-01-04 08:32:00-05:00,383.19
2023-01-04 08:33:00-05:00,383.13
2023-01-04 08:34:00-05:00,383.06
2023-01-04 08:35:00-05:00,383.005
2023-01-04 08:36:00-05:00,382.92
2023-01-04 08:37:00-05:00,382.98
2023-01-04 08:38:00-05:00,382.98
2023-01-04 08:39:00-05:00,383.07
2023-01-04 08:40:00-05:00,383.03
2023-01-04 08:41:00-05:00,383.03
2023-01-04 08:42:00-05:00,383.05
2023-01-04 08:43:00-05:00,383.1
2023-01-04 08:44:00-05:00,383.18
2023-01-04 08:45:00-05:00,383.28
2023-01-04 08:46:00-05:00,383.29
2023-01-04 08:47:00-05:00,383.22
2023-01-04 08:48:00-05:00,383.16
2023-01-04 08:49:00-05:00,383.21
2023-01-04 08:50:00-05:00,383.2
2023-01-04 08:51:00-05:00,383.18
2023-01-04 08:52:00-05:00,383.11
2023-01-04 08:53:00-05:00,383.06
2023-01-04 08:54:00-05:00,383.0
2023-01-04 08:55:00-05:00,382.89
2023-01-04 08:56:00-05:00,382.84
2023-01-04 08:57:00-05:00,382.84
2023-01-04 08:58:00-05:00,382.97
2023-01-04 08:59:00-05:00,382.96
2023-01-04 09:00:00-05:00,383.01
2023-01-04 09:01:00-05:00,382.86
2023-01-04 09:02:00-05:00,382.74
2023-01-04 09:03:00-05:00,382.63
2023-01-04 09:04:00-05:00,382.62
2023-01-04 09:05:00-05:00,382.64
2023-01-04 09:06:00-05:00,382.59
2023-01-04 09:07:00-05:00,382.6
2023-01-04 09:08:00-05:00,382.62
2023-01-04 09:09:00-05:00,382.68
2023-01-04 09:10:00-05:00,382.61
2023-01-04 09:11:00-05:00,382.8
2023-01-04 09:12:00-05:00,382.75
2023-01-04 09:13:00-05:00,382.57
2023-01-04 09:14:00-05:00,382.61
2023-01-04 09:30:00-05:00,383.239990234375
2023-01-04 09:31:00-05:00,383.2799987792969
2023-01-04 09:32:00-05:00,382.6600036621094
2023-01-04 09:33:00-05:00,382.3800048828125
2023-01-04 09:34:00-05:00,382.489990234375
2023-01-04 09:35:00-05:00,383.2699890136719
2023-01-04 09:36:00-05:00,383.6799926757813
2023-01-04 09:37:00-05:00,383.7999877929688
2023-01-04 09:38:00-05:00,383.6400146484375
2023-01-04 09:39:00-05:00,383.3800048828125
2023-01-04 09:40:00-05:00,383.7900085449219
2023-01-04 09:41:00-05:00,384.0499877929688
2023-01-04 09:42:00-05:00,384.1700134277344
2023-01-04 09:43:00-05:00,383.75
2023-01-04 09:44:00-05:00,383.5
2023-01-04 09:45:00-05:00,382.8280029296875
2023-01-04 09:46:00-05:00,382.7200012207031
2023-01-04 09:47:00-05:00,382.8999938964844
2023-01-04 09:48:00-05:00,383.01019287109375
2023-01-04 09:49:00-05:00,382.7349853515625
2023-01-04 09:50:00-05:00,383.1449890136719
2023-01-04 09:51:00-05:00,383.0299987792969
2023-01-04 09:52:00-05:00,382.8399963378906
2023-01-04 09:53:00-05:00,382.8499145507813
2023-01-04 09:54:00-05:00,382.9599914550781
2023-01-04 09:55:00-05:00,383.1300048828125
2023-01-04 09:56:00-05:00,383.0299987792969
2023-01-04 09:57:00-05:00,383.0899963378906
2023-01-04 09:58:00-05:00,383.1098937988281
2023-01-04 09:59:00-05:00,383.2900085449219
2023-01-04 10:00:00-05:00,383.2000122070313
2023-01-04 10:01:00-05:00,382.9859924316406
2023-01-04 10:02:00-05:00,384.2699890136719
2023-01-04 10:03:00-05:00,383.5199890136719
2023-01-04 10:04:00-05:00,382.760009765625
2023-01-04 10:05:00-05:00,381.875
2023-01-04 10:06:00-05:00,381.239990234375
2023-01-04 10:07:00-05:00,381.260009765625
2023-01-04 10:08:00-05:00,381.0499877929688
2023-01-04 10:09:00-05:00,380.989990234375
2023-01-04 10:10:00-05:00,380.9700012207031
2023-01-04 10:11:00-05:00,380.7300109863281
2023-01-04 10:12:00-05:00,380.6099853515625
2023-01-04 10:13:00-05:00,380.75
2023-01-04 10:14:00-05:00,381.0299987792969
2023-01-04 10:15:00-05:00,381.2000122070313
2023-01-04 10:16:00-05:00,381.4500122070313
2023-01-04 10:17:00-05:00,381.5199890136719
2023-01-04 10:18:00-05:00,381.409912109375
2023-01-04 10:19:00-05:00,381.3500061035156
2023-01-04 10:20:00-05:00,381.510009765625
2023-01-04 10:21:00-05:00,381.4500122070313
2023-01-04 10:22:00-05:00,381.4200134277344
2023-01-04 10:23:00-05:00,381.1400146484375
2023-01-04 10:24:00-05:00,381.25
2023-01-04 10:25:00-05:00,381.3200073242188
2023-01-04 10:26:00-05:00,380.9500122070313
2023-01-04 10:27:00-05:00,381.0552978515625
2023-01-04 10:28:00-05:00,381.239990234375
2023-01-04 10:29:00-05:00,381.6700134277344
2023-01-04 10:30:00-05:00,381.6799926757813
2023-01-04 10:31:00-05:00,381.2699890136719
2023-01-04 10:32:00-05:00,381.2200012207031
2023-01-04 10:33:00-05:00,381.4198913574219
2023-01-04 10:34:00-05:00,381.6567077636719
2023-01-04 10:35:00-05:00,381.510009765625
2023-01-04 10:36:00-05:00,381.7200012207031
2023-01-04 10:37:00-05:00,381.7000122070313
2023-01-04 10:38:00-05:00,381.55999755859375
2023-01-04 10:39:00-05:00,381.5199890136719
2023-01-04 10:40:00-05:00,381.3699951171875
2023-01-04 10:41:00-05:00,381.3200073242188
2023-01-04 10:42:00-05:00,381.510009765625
2023-01-04 10:43:00-05:00,381.6400146484375
2023-01-04 10:44:00-05:00,382.2850036621094
2023-01-04 10:45:00-05:00,382.75
2023-01-04 10:46:00-05:00,382.864990234375
2023-01-04 10:47:00-05:00,382.7999877929688
2023-01-04 10:48:00-05:00,382.8500061035156
2023-01-04 10:49:00-05:00,382.7912902832031
2023-01-04 10:50:00-05:00,382.7999877929688
2023-01-04 10:51:00-05:00,382.66900634765625
2023-01-04 10:52:00-05:00,382.7898864746094
2023-01-04 10:53:00-05:00,382.7550048828125
2023-01-04 10:54:00-05:00,382.6700134277344
2023-01-04 10:55:00-05:00,382.6700134277344
2023-01-04 10:56:00-05:00,382.7699890136719
2023-01-04 10:57:00-05:00,382.8500061035156
2023-01-04 10:58:00-05:00,382.8200073242188
2023-01-04 10:59:00-05:00,382.9750061035156
2023-01-04 11:00:00-05:00,383.0899963378906
2023-01-04 11:01:00-05:00,382.8450012207031
2023-01-04 11:02:00-05:00,382.5924987792969
2023-01-04 11:03:00-05:00,382.7049865722656
2023-01-04 11:04:00-05:00,382.7099914550781
2023-01-04 11:05:00-05:00,382.760009765625
2023-01-04 11:06:00-05:00,382.6700134277344
2023-01-04 11:07:00-05:00,382.6799926757813
2023-01-04 11:08:00-05:00,382.9500122070313
2023-01-04 11:09:00-05:00,382.9400024414063
2023-01-04 11:10:00-05:00,383.239990234375
2023-01-04 11:11:00-05:00,383.0498962402344
2023-01-04 11:12:00-05:00,383.30999755859375
2023-01-04 11:13:00-05:00,383.4400024414063
2023-01-04 11:14:00-05:00,383.4700012207031
2023-01-04 11:15:00-05:00,383.6199951171875
2023-01-04 11:16:00-05:00,383.4599914550781
2023-01-04 11:17:00-05:00,383.3900146484375
2023-01-04 11:18:00-05:00,383.3699951171875
2023-01-04 11:19:00-05:00,383.3699951171875
2023-01-04 11:20:00-05:00,383.3800048828125
2023-01-04 11:21:00-05:00,383.3900146484375
2023-01-04 11:22:00-05:00,383.360107421875
2023-01-04 11:23:00-05:00,383.3800048828125
2023-01-04 11:24:00-05:00,383.2799987792969
2023-01-04 11:25:00-05:00,383.2699890136719
2023-01-04 11:26:00-05:00,383.239990234375
2023-01-04 11:27:00-05:00,383.5400085449219
2023-01-04 11:28:00-05:00,383.6900024414063
2023-01-04 11:29:00-05:00,383.6900024414063
2023-01-04 11:30:00-05:00,384.1199951171875
2023-01-04 11:31:00-05:00,384.739990234375
2023-01-04 11:32:00-05:00,384.8699951171875
2023-01-04 11:33:00-05:00,384.8399963378906
2023-01-04 11:34:00-05:00,384.739990234375
2023-01-04 11:35:00-05:00,385.1099853515625
2023-01-04 11:36:00-05:00,385.2200012207031
2023-01-04 11:37:00-05:00,385.05999755859375
2023-01-04 11:38:00-05:00,385.1099853515625
2023-01-04 11:39:00-05:00,385.1499938964844
2023-01-04 11:40:00-05:00,385.4100036621094
2023-01-04 11:41:00-05:00,385.3800048828125
2023-01-04 11:42:00-05:00,385.3299865722656
2023-01-04 11:43:00-05:00,385.3599853515625
2023-01-04 11:44:00-05:00,385.4299926757813
2023-01-04 11:45:00-05:00,385.3198852539063
2023-01-04 11:46:00-05:00,385.3200073242188
2023-01-04 11:47:00-05:00,385.4299926757813
2023-01-04 11:48:00-05:00,385.3900146484375
2023-01-04 11:49:00-05:00,385.3699951171875
2023-01-04 11:50:00-05:00,385.5
2023-01-04 11:51:00-05:00,385.5700073242188
2023-01-04 11:52:00-05:00,385.5199890136719
2023-01-04 11:53:00-05:00,385.55999755859375
2023-01-04 11:54:00-05:00,385.6199951171875
2023-01-04 11:55:00-05:00,385.7699890136719
2023-01-04 11:56:00-05:00,385.739990234375
2023-01-04 11:57:00-05:00,385.8800048828125
2023-01-04 11:58:00-05:00,385.75
2023-01-04 11:59:00-05:00,385.6900024414063
2023-01-04 12:00:00-05:00,385.6449890136719
2023-01-04 12:01:00-05:00,385.5700073242188
2023-01-04 12:02:00-05:00,385.510009765625
2023-01-04 12:03:00-05:00,385.4400024414063
2023-01-04 12:04:00-05:00,385.4800109863281
2023-01-04 12:05:00-05:00,385.4299926757813
2023-01-04 12:06:00-05:00,385.3900146484375
2023-01-04 12:07:00-05:00,385.2799987792969
2023-01-04 12:08:00-05:00,385.4299926757813
2023-01-04 12:09:00-05:00,385.3840026855469
2023-01-04 12:10:00-05:00,385.3500061035156
2023-01-04 12:11:00-05:00,385.3298950195313
2023-01-04 12:12:00-05:00,385.4299926757813
2023-01-04 12:13:00-05:00,385.4100036621094
2023-01-04 12:14:00-05:00,385.2999877929688
2023-01-04 12:15:00-05:00,385.3299865722656
2023-01-04 12:16:00-05:00,385.3800048828125
2023-01-04 12:17:00-05:00,385.30999755859375
2023-01-04 12:18:00-05:00,385.4399108886719
2023-01-04 12:19:00-05:00,385.4200134277344
2023-01-04 12:20:00-05:00,385.3900146484375
2023-01-04 12:21:00-05:00,385.6000061035156
2023-01-04 12:22:00-05:00,385.6299133300781
2023-01-04 12:23:00-05:00,385.5400085449219
2023-01-04 12:24:00-05:00,385.6099853515625
2023-01-04 12:25:00-05:00,385.5899963378906
2023-01-04 12:26:00-05:00,385.5700073242188
2023-01-04 12:27:00-05:00,385.3800048828125
2023-01-04 12:28:00-05:00,385.364990234375
2023-01-04 12:29:00-05:00,385.30999755859375
2023-01-04 12:30:00-05:00,385.3880920410156
2023-01-04 12:31:00-05:00,385.4800109863281
2023-01-04 12:32:00-05:00,385.6000061035156
2023-01-04 12:33:00-05:00,385.6799926757813
2023-01-04 12:34:00-05:00,385.5750122070313
2023-01-04 12:35:00-05:00,385.5400085449219
2023-01-04 12:36:00-05:00,385.6799926757813
2023-01-04 12:37:00-05:00,385.7200012207031
2023-01-04 12:38:00-05:00,385.6499938964844
2023-01-04 12:39:00-05:00,385.635009765625
2023-01-04 12:40:00-05:00,385.6700134277344
2023-01-04 12:41:00-05:00,385.6499938964844
2023-01-04 12:42:00-05:00,385.6700134277344
2023-01-04 12:43:00-05:00,385.739990234375
2023-01-04 12:44:00-05:00,385.6900024414063
2023-01-04 12:45:00-05:00,385.7049865722656
2023-01-04 12:46:00-05:00,385.6650085449219
2023-01-04 12:47:00-05:00,385.6300048828125
2023-01-04 12:48:00-05:00,385.5799865722656
2023-01-04 12:49:00-05:00,385.3999938964844
2023-01-04 12:50:00-05:00,385.4999084472656
2023-01-04 12:51:00-05:00,385.3599853515625
2023-01-04 12:52:00-05:00,385.1499938964844
2023-01-04 12:53:00-05:00,385.1799011230469
2023-01-04 12:54:00-05:00,385.2101135253906
2023-01-04 12:55:00-05:00,385.1083068847656
2023-01-04 12:56:00-05:00,384.8599853515625
2023-01-04 12:57:00-05:00,384.8299865722656
2023-01-04 12:58:00-05:00,384.5700073242188
2023-01-04 12:59:00-05:00,384.5400085449219
2023-01-04 13:00:00-05:00,384.3699951171875
2023-01-04 13:01:00-05:00,384.1449890136719
2023-01-04 13:02:00-05:00,383.9599914550781
2023-01-04 13:03:00-05:00,384.1799926757813
2023-01-04 13:04:00-05:00,384.1799926757813
2023-01-04 13:05:00-05:00,384.1300048828125
2023-01-04 13:06:00-05:00,384.1000061035156
2023-01-04 13:07:00-05:00,384.2799987792969
2023-01-04 13:08:00-05:00,384.2699890136719
2023-01-04 13:09:00-05:00,384.30999755859375
2023-01-04 13:10:00-05:00,384.4299926757813
2023-01-04 13:11:00-05:00,384.4400024414063
2023-01-04 13:12:00-05:00,384.489990234375
2023-01-04 13:13:00-05:00,384.5199890136719
2023-01-04 13:14:00-05:00,384.55999755859375
2023-01-04 13:15:00-05:00,384.760009765625
2023-01-04 13:16:00-05:00,384.8200073242188
2023-01-04 13:17:00-05:00,384.95989990234375
2023-01-04 13:18:00-05:00,385.1000061035156
2023-01-04 13:19:00-05:00,385.0700073242188
2023-01-04 13:20:00-05:00,385.0299987792969
2023-01-04 13:21:00-05:00,385.0849914550781
2023-01-04 13:22:00-05:00,385.0249938964844
2023-01-04 13:23:00-05:00,385.05999755859375
2023-01-04 13:24:00-05:00,385.0899963378906
2023-01-04 13:25:00-05:00,385.0700073242188
2023-01-04 13:26:00-05:00,385.1000061035156
2023-01-04 13:27:00-05:00,385.05999755859375
2023-01-04 13:28:00-05:00,385.0198974609375
2023-01-04 13:29:00-05:00,384.9299926757813
2023-01-04 13:30:00-05:00,385.0299987792969
2023-01-04 13:31:00-05:00,385.0
2023-01-04 13:32:00-05:00,385.0101013183594
2023-01-04 13:33:00-05:00,385.0499877929688
2023-01-04 13:34:00-05:00,385.0499877929688
2023-01-04 13:35:00-05:00,385.0299987792969
2023-01-04 13:36:00-05:00,385.2999877929688
2023-01-04 13:37:00-05:00,385.3088989257813
2023-01-04 13:38:00-05:00,385.3299865722656
2023-01-04 13:39:00-05:00,385.2699890136719
2023-01-04 13:40:00-05:00,385.2699890136719
2023-01-04 13:41:00-05:00,385.260009765625
2023-01-04 13:42:00-05:00,385.1499938964844
2023-01-04 13:43:00-05:00,385.0650024414063
2023-01-04 13:44:00-05:00,385.0549926757813
2023-01-04 13:45:00-05:00,385.0499877929688
2023-01-04 13:46:00-05:00,385.0450134277344
2023-01-04 13:47:00-05:00,384.9549865722656
2023-01-04 13:48:00-05:00,384.8599853515625
2023-01-04 13:49:00-05:00,384.8399963378906
2023-01-04 13:50:00-05:00,384.9500122070313
2023-01-04 13:51:00-05:00,384.9599914550781
2023-01-04 13:52:00-05:00,384.8981018066406
2023-01-04 13:53:00-05:00,384.9200134277344
2023-01-04 13:54:00-05:00,384.8599853515625
2023-01-04 13:55:00-05:00,384.8200073242188
2023-01-04 13:56:00-05:00,384.6099853515625
2023-01-04 13:57:00-05:00,384.5700073242188
2023-01-04 13:58:00-05:00,384.5
2023-01-04 13:59:00-05:00,384.8150024414063
2023-01-04 14:00:00-05:00,385.3999938964844
2023-01-04 14:01:00-05:00,385.55999755859375
2023-01-04 14:02:00-05:00,384.4299926757813
2023-01-04 14:03:00-05:00,383.3699951171875
2023-01-04 14:04:00-05:00,383.6099853515625
2023-01-04 14:05:00-05:00,384.5
2023-01-04 14:06:00-05:00,384.4500122070313
2023-01-04 14:07:00-05:00,384.30999755859375
2023-01-04 14:08:00-05:00,383.8999938964844
2023-01-04 14:09:00-05:00,383.4800109863281
2023-01-04 14:10:00-05:00,383.2799987792969
2023-01-04 14:11:00-05:00,383.5199890136719
2023-01-04 14:12:00-05:00,383.2300109863281
2023-01-04 14:13:00-05:00,383.5199890136719
2023-01-04 14:14:00-05:00,383.5499877929688
2023-01-04 14:15:00-05:00,384.0
2023-01-04 14:16:00-05:00,384.3599853515625
2023-01-04 14:17:00-05:00,384.6799926757813
2023-01-04 14:18:00-05:00,384.5799865722656
2023-01-04 14:19:00-05:00,384.5700073242188
2023-01-04 14:20:00-05:00,384.4599914550781
2023-01-04 14:21:00-05:00,384.4299926757813
2023-01-04 14:22:00-05:00,383.7099914550781
2023-01-04 14:23:00-05:00,383.3399963378906
2023-01-04 14:24:00-05:00,383.2200012207031
2023-01-04 14:25:00-05:00,383.1799926757813
2023-01-04 14:26:00-05:00,382.25
2023-01-04 14:27:00-05:00,382.0400085449219
2023-01-04 14:28:00-05:00,381.9100036621094
2023-01-04 14:29:00-05:00,381.5299987792969
2023-01-04 14:30:00-05:00,381.9200134277344
2023-01-04 14:31:00-05:00,381.8399963378906
2023-01-04 14:32:00-05:00,381.6199951171875
2023-01-04 14:33:00-05:00,381.75
2023-01-04 14:34:00-05:00,382.1000061035156
2023-01-04 14:35:00-05:00,382.2200012207031
2023-01-04 14:36:00-05:00,382.0899963378906
2023-01-04 14:37:00-05:00,382.0899963378906
2023-01-04 14:38:00-05:00,382.0400085449219
2023-01-04 14:39:00-05:00,382.1000061035156
2023-01-04 14:40:00-05:00,381.9700012207031
2023-01-04 14:41:00-05:00,382.75
2023-01-04 14:42:00-05:00,382.489990234375
2023-01-04 14:43:00-05:00,382.3800048828125
2023-01-04 14:44:00-05:00,382.1400146484375
2023-01-04 14:45:00-05:00,382.2000122070313
2023-01-04 14:46:00-05:00,382.489990234375
2023-01-04 14:47:00-05:00,382.6199951171875
2023-01-04 14:48:00-05:00,382.5400085449219
2023-01-04 14:49:00-05:00,382.4100036621094
2023-01-04 14:50:00-05:00,382.1600036621094
2023-01-04 14:51:00-05:00,382.2699890136719
2023-01-04 14:52:00-05:00,382.2200012207031
2023-01-04 14:53:00-05:00,382.5499877929688
2023-01-04 14:54:00-05:00,382.4200134277344
2023-01-04 14:55:00-05:00,382.739990234375
2023-01-04 14:56:00-05:00,383.25
2023-01-04 14:57:00-05:00,383.1600036621094
2023-01-04 14:58:00-05:00,383.1499938964844
2023-01-04 14:59:00-05:00,383.3500061035156
2023-01-04 15:00:00-05:00,383.4549865722656
2023-01-04 15:01:00-05:00,384.0799865722656
2023-01-04 15:02:00-05:00,383.8299865722656
2023-01-04 15:03:00-05:00,383.7799987792969
2023-01-04 15:04:00-05:00,383.9400024414063
2023-01-04 15:05:00-05:00,383.9360046386719
2023-01-04 15:06:00-05:00,383.8500061035156
2023-01-04 15:07:00-05:00,383.5400085449219
2023-01-04 15:08:00-05:00,383.4699096679688
2023-01-04 15:09:00-05:00,383.489990234375
2023-01-04 15:10:00-05:00,383.5450134277344
2023-01-04 15:11:00-05:00,383.489990234375
2023-01-04 15:12:00-05:00,383.6799926757813
2023-01-04 15:13:00-05:00,383.4100036621094
2023-01-04 15:14:00-05:00,383.5499877929688
2023-01-04 15:15:00-05:00,383.5400085449219
2023-01-04 15:16:00-05:00,383.5
2023-01-04 15:17:00-05:00,383.6600036621094
2023-01-04 15:18:00-05:00,383.7699890136719
2023-01-04 15:19:00-05:00,383.6400146484375
2023-01-04 15:20:00-05:00,383.6400146484375
2023-01-04 15:21:00-05:00,383.5799865722656
2023-01-04 15:22:00-05:00,383.1400146484375
2023-01-04 15:23:00-05:00,382.9299926757813
2023-01-04 15:24:00-05:00,383.0
2023-01-04 15:25:00-05:00,383.2699890136719
2023-01-04 15:26:00-05:00,383.3900146484375
2023-01-04 15:27:00-05:00,382.9100036621094
2023-01-04 15:28:00-05:00,383.1400146484375
2023-01-04 15:29:00-05:00,383.1499938964844
2023-01-04 15:30:00-05:00,382.89111328125
2023-01-04 15:31:00-05:00,382.7763977050781
2023-01-04 15:32:00-05:00,382.75
2023-01-04 15:33:00-05:00,382.6600036621094
2023-01-04 15:34:00-05:00,382.5799865722656
2023-01-04 15:35:00-05:00,382.5
2023-01-04 15:36:00-05:00,381.8349914550781
2023-01-04 15:37:00-05:00,381.89990234375
2023-01-04 15:38:00-05:00,382.0499877929688
2023-01-04 15:39:00-05:00,382.089599609375
2023-01-04 15:40:00-05:00,381.8949890136719
2023-01-04 15:41:00-05:00,381.6900024414063
2023-01-04 15:42:00-05:00,381.6600036621094
2023-01-04 15:43:00-05:00,381.6449890136719
2023-01-04 15:44:00-05:00,381.5899963378906
2023-01-04 15:45:00-05:00,381.4200134277344
2023-01-04 15:46:00-05:00,381.55999755859375
2023-01-04 15:47:00-05:00,381.7099914550781
2023-01-04 15:48:00-05:00,381.9800109863281
2023-01-04 15:49:00-05:00,382.2000122070313
2023-01-04 15:50:00-05:00,382.489990234375
2023-01-04 15:51:00-05:00,382.55999755859375
2023-01-04 15:52:00-05:00,382.5499877929688
2023-01-04 15:53:00-05:00,382.55999755859375
2023-01-04 15:54:00-05:00,382.74798583984375
2023-01-04 15:55:00-05:00,383.1700134277344
2023-01-04 15:56:00-05:00,383.2099914550781
2023-01-04 15:57:00-05:00,383.3999938964844
2023-01-04 15:58:00-05:00,383.510009765625
2023-01-04 15:59:00-05:00,383.989990234375
2023-01-04 16:00:00-05:00,383.76
2023-01-04 16:01:00-05:00,383.49
2023-01-04 16:02:00-05:00,383.69
2023-01-04 16:03:00-05:00,383.82
2023-01-04 16:04:00-05:00,383.81
2023-01-04 16:05:00-05:00,383.77
2023-01-04 16:06:00-05:00,383.92
2023-01-04 16:07:00-05:00,383.95
2023-01-04 16:08:00-05:00,383.93
2023-01-04 16:09:00-05:00,383.84
2023-01-04 16:10:00-05:00,383.8149
2023-01-04 16:11:00-05:00,383.82
2023-01-04 16:12:00-05:00,383.8136
2023-01-04 16:13:00-05:00,383.78
2023-01-04 16:14:00-05:00,383.78
2023-01-04 16:15:00-05:00,383.68
2023-01-04 16:16:00-05:00,383.7
2023-01-04 16:17:00-05:00,383.7
2023-01-04 16:18:00-05:00,383.76
2023-01-04 16:19:00-05:00,383.75
2023-01-04 16:20:00-05:00,383.725
2023-01-04 16:21:00-05:00,383.73
2023-01-04 16:22:00-05:00,383.71
2023-01-04 16:23:00-05:00,383.66
2023-01-04 16:24:00-05:00,383.64
2023-01-04 16:25:00-05:00,383.61
2023-01-04 16:26:00-05:00,383.52
2023-01-04 16:27:00-05:00,383.45
2023-01-04 16:28:00-05:00,383.47
2023-01-04 16:29:00-05:00,383.5
2023-01-04 16:30:00-05:00,383.46
2023-01-04 16:31:00-05:00,383.45
2023-01-04 16:32:00-05:00,383.42
2023-01-04 16:33:00-05:00,383.37
2023-01-04 16:34:00-05:00,383.37
2023-01-04 16:35:00-05:00,383.26
2023-01-04 16:36:00-05:00,383.24
2023-01-04 16:37:00-05:00,383.245
2023-01-04 16:38:00-05:00,383.23
2023-01-04 16:39:00-05:00,383.2
2023-01-04 16:40:00-05:00,383.22
2023-01-04 16:41:00-05:00,383.27
2023-01-04 16:42:00-05:00,383.28
2023-01-04 16:43:00-05:00,383.259
2023-01-04 16:44:00-05:00,383.76
2023-01-04 16:45:00-05:00,383.27
2023-01-04 16:46:00-05:00,383.27
2023-01-04 16:47:00-05:00,383.23
2023-01-04 16:48:00-05:00,383.26
2023-01-04 16:49:00-05:00,383.25
2023-01-04 16:50:00-05:00,383.23
2023-01-04 16:51:00-05:00,383.21
2023-01-04 16:52:00-05:00,383.19
2023-01-04 16:53:00-05:00,383.19
2023-01-04 16:54:00-05:00,383.26
2023-01-04 16:55:00-05:00,383.3
2023-01-04 16:56:00-05:00,383.34
2023-01-04 16:57:00-05:00,383.41
2023-01-04 16:58:00-05:00,383.47
2023-01-04 16:59:00-05:00,383.76
2023-01-04 17:00:00-05:00,383.41
2023-01-04 17:01:00-05:00,383.36
2023-01-04 17:02:00-05:00,383.35
2023-01-04 17:03:00-05:00,383.35
2023-01-04 17:04:00-05:00,383.33
2023-01-04 17:05:00-05:00,383.41
2023-01-04 17:06:00-05:00,383.41
2023-01-04 17:07:00-05:00,383.41
2023-01-04 17:08:00-05:00,383.51
2023-01-04 17:09:00-05:00,383.51
2023-01-04 17:10:00-05:00,383.54
2023-01-04 17:11:00-05:00,407.23938
2023-01-04 17:12:00-05:00,383.58
2023-01-04 17:13:00-05:00,383.55
2023-01-04 17:14:00-05:00,383.65
2023-01-04 17:15:00-05:00,383.59
2023-01-04 17:16:00-05:00,383.55
2023-01-04 17:17:00-05:00,383.52
2023-01-04 17:18:00-05:00,383.57
2023-01-04 17:19:00-05:00,383.58
2023-01-04 17:20:00-05:00,383.7
2023-01-04 17:21:00-05:00,383.75
2023-01-04 17:22:00-05:00,383.72
2023-01-04 17:23:00-05:00,383.8
2023-01-04 17:24:00-05:00,383.82
2023-01-04 17:25:00-05:00,383.9
2023-01-04 17:26:00-05:00,383.85
2023-01-04 17:27:00-05:00,383.805
2023-01-04 17:28:00-05:00,383.8
2023-01-04 17:29:00-05:00,383.82
2023-01-04 17:30:00-05:00,383.79
2023-01-04 17:31:00-05:00,383.82
2023-01-04 17:32:00-05:00,383.84
2023-01-04 17:33:00-05:00,383.8
2023-01-04 17:34:00-05:00,383.8
2023-01-04 17:35:00-05:00,383.8
2023-01-04 17:36:00-05:00,383.8
2023-01-04 17:37:00-05:00,383.78
2023-01-04 17:38:00-05:00,383.8
2023-01-04 17:39:00-05:00,383.75
2023-01-04 17:40:00-05:00,383.725
2023-01-04 17:41:00-05:00,383.75
2023-01-04 17:42:00-05:00,383.75
2023-01-04 17:43:00-05:00,383.75
2023-01-04 17:44:00-05:00,383.75
2023-01-04 17:45:00-05:00,383.75
2023-01-04 17:46:00-05:00,383.75
2023-01-04 17:47:00-05:00,383.75
2023-01-04 17:48:00-05:00,383.8
2023-01-04 17:49:00-05:00,383.8
2023-01-04 17:50:00-05:00,383.79
2023-01-04 17:51:00-05:00,383.76
2023-01-04 17:52:00-05:00,383.78
2023-01-04 17:53:00-05:00,383.78
2023-01-04 17:54:00-05:00,383.78
2023-01-04 17:55:00-05:00,383.76
2023-01-04 17:56:00-05:00,383.735
2023-01-04 17:57:00-05:00,383.7
2023-01-04 17:58:00-05:00,383.73
2023-01-04 17:59:00-05:00,383.675
2023-01-04 18:00:00-05:00,383.59
2023-01-04 18:01:00-05:00,383.5
2023-01-04 18:02:00-05:00,383.54
2023-01-04 18:03:00-05:00,383.51
2023-01-04 18:04:00-05:00,383.495
2023-01-04 18:05:00-05:00,383.42
2023-01-04 18:06:00-05:00,383.465
2023-01-04 18:07:00-05:00,383.54
2023-01-04 18:08:00-05:00,383.4905
2023-01-04 18:09:00-05:00,383.57
2023-01-04 18:10:00-05:00,383.59
2023-01-04 18:11:00-05:00,383.5082
2023-01-04 18:12:00-05:00,383.49
2023-01-04 18:13:00-05:00,383.45
2023-01-04 18:14:00-05:00,383.5
2023-01-04 18:15:00-05:00,383.52
2023-01-04 18:16:00-05:00,383.53
2023-01-04 18:17:00-05:00,383.54
2023-01-04 18:18:00-05:00,383.54
2023-01-04 18:19:00-05:00,383.57
2023-01-04 18:20:00-05:00,383.53
2023-01-04 18:21:00-05:00,383.49
2023-01-04 18:22:00-05:00,383.48
2023-01-04 18:23:00-05:00,383.52
2023-01-04 18:24:00-05:00,383.58
2023-01-04 18:25:00-05:00,383.59
2023-01-04 18:26:00-05:00,383.57
2023-01-04 18:27:00-05:00,383.61
2023-01-04 18:28:00-05:00,383.59
2023-01-04 18:29:00-05:00,383.63
2023-01-04 18:30:00-05:00,383.7
2023-01-04 18:31:00-05:00,383.7
2023-01-04 18:32:00-05:00,383.76
2023-01-04 18:33:00-05:00,383.8
2023-01-04 18:34:00-05:00,383.79
2023-01-04 18:35:00-05:00,383.77
2023-01-04 18:36:00-05:00,383.72
2023-01-04 18:37:00-05:00,383.72
2023-01-04 18:38:00-05:00,383.71
2023-01-04 18:39:00-05:00,383.9
2023-01-04 18:40:00-05:00,383.87
2023-01-04 18:41:00-05:00,383.86
2023-01-04 18:42:00-05:00,383.87
2023-01-04 18:43:00-05:00,383.89
2023-01-04 18:44:00-05:00,383.85
2023-01-04 18:45:00-05:00,383.86
2023-01-04 18:46:00-05:00,383.86
2023-01-04 18:47:00-05:00,383.85
2023-01-04 18:48:00-05:00,383.85
2023-01-04 18:49:00-05:00,383.88
2023-01-04 18:50:00-05:00,383.86
2023-01-04 18:51:00-05:00,383.85
2023-01-04 18:52:00-05:00,383.87
2023-01-04 18:53:00-05:00,383.86
2023-01-04 18:54:00-05:00,383.86
2023-01-04 18:55:00-05:00,383.861
2023-01-04 18:56:00-05:00,383.835
2023-01-04 18:57:00-05:00,383.7
2023-01-04 18:58:00-05:00,383.7
2023-01-04 18:59:00-05:00,383.63
2023-01-04 19:00:00-05:00,383.615
2023-01-04 19:01:00-05:00,383.645
2023-01-04 19:02:00-05:00,383.66
2023-01-04 19:03:00-05:00,383.66
2023-01-04 19:04:00-05:00,383.52
2023-01-04 19:05:00-05:00,383.53
2023-01-04 19:06:00-05:00,383.52
2023-01-04 19:07:00-05:00,383.545
2023-01-04 19:08:00-05:00,383.52
2023-01-04 19:09:00-05:00,383.515
2023-01-04 19:10:00-05:00,383.46
2023-01-04 19:11:00-05:00,383.5
2023-01-04 19:12:00-05:00,383.56
2023-01-04 19:13:00-05:00,383.53
2023-01-04 19:14:00-05:00,383.49
2023-01-04 19:15:00-05:00,383.61
2023-01-04 19:16:00-05:00,383.625
2023-01-04 19:17:00-05:00,383.65
2023-01-04 19:18:00-05:00,383.675
2023-01-04 19:19:00-05:00,383.74
2023-01-04 19:20:00-05:00,383.76
2023-01-04 19:21:00-05:00,383.76
2023-01-04 19:22:00-05:00,383.73
2023-01-04 19:23:00-05:00,383.73
2023-01-04 19:24:00-05:00,383.71
2023-01-04 19:25:00-05:00,383.69
2023-01-04 19:26:00-05:00,383.635
2023-01-04 19:27:00-05:00,383.63
2023-01-04 19:28:00-05:00,383.7
2023-01-04 19:29:00-05:00,383.73
2023-01-04 19:30:00-05:00,383.7
2023-01-04 19:31:00-05:00,383.67
2023-01-04 19:32:00-05:00,383.66
2023-01-04 19:33:00-05:00,383.73
2023-01-04 19:34:00-05:00,383.655
2023-01-04 19:35:00-05:00,383.61
2023-01-04 19:36:00-05:00,383.58
2023-01-04 19:37:00-05:00,383.54
2023-01-04 19:38:00-05:00,383.53
2023-01-04 19:39:00-05:00,384.4401
2023-01-04 19:40:00-05:00,383.61
2023-01-04 19:41:00-05:00,383.58
2023-01-04 19:42:00-05:00,383.545
2023-01-04 19:43:00-05:00,383.495
2023-01-04 19:44:00-05:00,383.46
2023-01-04 19:45:00-05:00,383.42
2023-01-04 19:46:00-05:00,383.42
2023-01-04 19:47:00-05:00,383.365
2023-01-04 19:48:00-05:00,383.44
2023-01-04 19:49:00-05:00,383.445
2023-01-04 19:50:00-05:00,383.44
2023-01-04 19:51:00-05:00,383.44
2023-01-04 19:52:00-05:00,383.42
2023-01-04 19:53:00-05:00,383.47
2023-01-04 19:54:00-05:00,383.49
2023-01-04 19:55:00-05:00,383.5
2023-01-04 19:56:00-05:00,383.49
2023-01-04 19:57:00-05:00,383.48
2023-01-04 19:58:00-05:00,383.46
2023-01-04 19:59:00-05:00,383.43
2023-01-05 04:00:00-05:00,383.35
2023-01-05 04:01:00-05:00,383.04
2023-01-05 04:02:00-05:00,383.02
2023-01-05 04:03:00-05:00,382.96
2023-01-05 04:04:00-05:00,382.9
2023-01-05 04:05:00-05:00,382.83
2023-01-05 04:06:00-05:00,382.93
2023-01-05 04:07:00-05:00,382.86
2023-01-05 04:08:00-05:00,382.82
2023-01-05 04:09:00-05:00,382.72
2023-01-05 04:10:00-05:00,382.6
2023-01-05 04:11:00-05:00,382.67
2023-01-05 04:12:00-05:00,382.65
2023-01-05 04:13:00-05:00,382.75
2023-01-05 04:14:00-05:00,382.83
2023-01-05 04:15:00-05:00,382.97
2023-01-05 04:16:00-05:00,382.95
2023-01-05 04:17:00-05:00,383.15
2023-01-05 04:18:00-05:00,383.42
2023-01-05 04:19:00-05:00,383.41
2023-01-05 04:20:00-05:00,383.43
2023-01-05 04:21:00-05:00,383.26
2023-01-05 04:22:00-05:00,383.39
2023-01-05 04:23:00-05:00,383.4
2023-01-05 04:24:00-05:00,383.51
2023-01-05 04:25:00-05:00,383.37
2023-01-05 04:26:00-05:00,383.34
2023-01-05 04:27:00-05:00,383.29
2023-01-05 04:28:00-05:00,383.3
2023-01-05 04:29:00-05:00,383.28
2023-01-05 04:30:00-05:00,383.34
2023-01-05 04:31:00-05:00,383.3
2023-01-05 04:32:00-05:00,383.27
2023-01-05 04:33:00-05:00,383.27
2023-01-05 04:34:00-05:00,383.04
2023-01-05 04:35:00-05:00,383.08
2023-01-05 04:36:00-05:00,383.17
2023-01-05 04:37:00-05:00,383.05
2023-01-05 04:39:00-05:00,383.27
2023-01-05 04:40:00-05:00,383.39
2023-01-05 04:41:00-05:00,383.4
2023-01-05 04:42:00-05:00,383.35
2023-01-05 04:43:00-05:00,383.24
2023-01-05 04:44:00-05:00,383.22
2023-01-05 04:45:00-05:00,383.22
2023-01-05 04:46:00-05:00,383.17
2023-01-05 04:47:00-05:00,383.11
2023-01-05 04:49:00-05:00,383.3
2023-01-05 04:50:00-05:00,383.35
2023-01-05 04:51:00-05:00,383.31
2023-01-05 04:52:00-05:00,383.09
2023-01-05 04:53:00-05:00,383.13
2023-01-05 04:54:00-05:00,383.24
2023-01-05 04:55:00-05:00,383.2
2023-01-05 04:56:00-05:00,383.41
2023-01-05 04:57:00-05:00,383.42
2023-01-05 04:59:00-05:00,383.63
2023-01-05 05:00:00-05:00,383.65
2023-01-05 05:01:00-05:00,383.76
2023-01-05 05:02:00-05:00,383.96
2023-01-05 05:03:00-05:00,384.04
2023-01-05 05:04:00-05:00,384.1
2023-01-05 05:05:00-05:00,384.01
2023-01-05 05:06:00-05:00,383.81
2023-01-05 05:07:00-05:00,383.74
2023-01-05 05:08:00-05:00,383.73
2023-01-05 05:09:00-05:00,383.71
2023-01-05 05:10:00-05:00,383.83
2023-01-05 05:11:00-05:00,383.77
2023-01-05 05:12:00-05:00,383.77
2023-01-05 05:13:00-05:00,383.73
2023-01-05 05:14:00-05:00,383.73
2023-01-05 05:15:00-05:00,383.78
2023-01-05 05:16:00-05:00,384.0
2023-01-05 05:17:00-05:00,384.0
2023-01-05 05:18:00-05:00,384.03
2023-01-05 05:20:00-05:00,384.03
2023-01-05 05:21:00-05:00,384.1
2023-01-05 05:22:00-05:00,384.1
2023-01-05 05:23:00-05:00,384.07
2023-01-05 05:24:00-05:00,384.0
2023-01-05 05:25:00-05:00,384.03
2023-01-05 05:26:00-05:00,384.03
2023-01-05 05:27:00-05:00,384.0
2023-01-05 05:28:00-05:00,383.95
2023-01-05 05:29:00-05:00,383.87
2023-01-05 05:30:00-05:00,383.99
2023-01-05 05:32:00-05:00,383.93
2023-01-05 05:33:00-05:00,383.9
2023-01-05 05:34:00-05:00,383.95
2023-01-05 05:35:00-05:00,383.95
2023-01-05 05:36:00-05:00,383.98
2023-01-05 05:37:00-05:00,384.01
2023-01-05 05:38:00-05:00,384.1
2023-01-05 05:39:00-05:00,384.24
2023-01-05 05:40:00-05:00,384.22
2023-01-05 05:42:00-05:00,384.35
2023-01-05 05:43:00-05:00,384.32
2023-01-05 05:44:00-05:00,384.36
2023-01-05 05:45:00-05:00,384.36
2023-01-05 05:46:00-05:00,384.12
2023-01-05 05:47:00-05:00,384.12
2023-01-05 05:48:00-05:00,384.15
2023-01-05 05:49:00-05:00,384.16
2023-01-05 05:50:00-05:00,384.12
2023-01-05 05:51:00-05:00,383.96
2023-01-05 05:52:00-05:00,383.93
2023-01-05 05:53:00-05:00,383.97
2023-01-05 05:54:00-05:00,384.01
2023-01-05 05:55:00-05:00,384.04
2023-01-05 05:56:00-05:00,384.02
2023-01-05 05:57:00-05:00,384.06
2023-01-05 05:59:00-05:00,384.08
2023-01-05 06:00:00-05:00,384.22
2023-01-05 06:01:00-05:00,384.2
2023-01-05 06:02:00-05:00,384.23
2023-01-05 06:03:00-05:00,384.28
2023-01-05 06:04:00-05:00,384.27
2023-01-05 06:05:00-05:00,384.2
2023-01-05 06:06:00-05:00,384.18
2023-01-05 06:07:00-05:00,384.33
2023-01-05 06:08:00-05:00,384.33
2023-01-05 06:09:00-05:00,384.32
2023-01-05 06:10:00-05:00,384.39
2023-01-05 06:11:00-05:00,384.54
2023-01-05 06:12:00-05:00,384.58
2023-01-05 06:13:00-05:00,384.48
2023-01-05 06:14:00-05:00,384.55
2023-01-05 06:15:00-05:00,384.55
2023-01-05 06:16:00-05:00,384.62
2023-01-05 06:17:00-05:00,384.58
2023-01-05 06:18:00-05:00,384.51
2023-01-05 06:19:00-05:00,384.42
2023-01-05 06:21:00-05:00,384.42
2023-01-05 06:22:00-05:00,384.4
2023-01-05 06:23:00-05:00,384.41
2023-01-05 06:25:00-05:00,384.3
2023-01-05 06:26:00-05:00,384.26
2023-01-05 06:27:00-05:00,384.27
2023-01-05 06:28:00-05:00,384.28
2023-01-05 06:29:00-05:00,384.3
2023-01-05 06:30:00-05:00,384.37
2023-01-05 06:31:00-05:00,384.31
2023-01-05 06:32:00-05:00,384.34
2023-01-05 06:33:00-05:00,384.27
2023-01-05 06:34:00-05:00,384.27
2023-01-05 06:35:00-05:00,384.25
2023-01-05 06:36:00-05:00,384.27
2023-01-05 06:37:00-05:00,384.35
2023-01-05 06:38:00-05:00,384.38
2023-01-05 06:39:00-05:00,384.33
2023-01-05 06:40:00-05:00,384.27
2023-01-05 06:41:00-05:00,384.21
2023-01-05 06:42:00-05:00,384.22
2023-01-05 06:43:00-05:00,384.36
2023-01-05 06:44:00-05:00,384.3
2023-01-05 06:45:00-05:00,384.31
2023-01-05 06:46:00-05:00,384.3
2023-01-05 06:47:00-05:00,384.44
2023-01-05 06:48:00-05:00,384.4
2023-01-05 06:49:00-05:00,384.36
2023-01-05 06:50:00-05:00,384.35
2023-01-05 06:51:00-05:00,384.31
2023-01-05 06:52:00-05:00,384.41
2023-01-05 06:53:00-05:00,384.5
2023-01-05 06:54:00-05:00,384.74
2023-01-05 06:55:00-05:00,384.64
2023-01-05 06:56:00-05:00,384.65
2023-01-05 06:57:00-05:00,384.65
2023-01-05 06:58:00-05:00,384.49
2023-01-05 06:59:00-05:00,384.33
2023-01-05 07:00:00-05:00,384.32
2023-01-05 07:01:00-05:00,384.18
2023-01-05 07:02:00-05:00,384.14
2023-01-05 07:03:00-05:00,384.15
2023-01-05 07:04:00-05:00,384.15
2023-01-05 07:05:00-05:00,384.18
2023-01-05 07:06:00-05:00,384.17
2023-01-05 07:07:00-05:00,384.21
2023-01-05 07:08:00-05:00,384.19
2023-01-05 07:09:00-05:00,384.11
2023-01-05 07:10:00-05:00,384.22
2023-01-05 07:11:00-05:00,384.19
2023-01-05 07:12:00-05:00,384.14
2023-01-05 07:13:00-05:00,384.22
2023-01-05 07:14:00-05:00,384.19
2023-01-05 07:15:00-05:00,384.18
2023-01-05 07:16:00-05:00,384.25
2023-01-05 07:17:00-05:00,384.44
2023-01-05 07:18:00-05:00,384.37
2023-01-05 07:19:00-05:00,384.37
2023-01-05 07:20:00-05:00,384.49
2023-01-05 07:21:00-05:00,384.53
2023-01-05 07:22:00-05:00,384.52
2023-01-05 07:23:00-05:00,384.5
2023-01-05 07:24:00-05:00,384.55
2023-01-05 07:25:00-05:00,384.56
2023-01-05 07:26:00-05:00,384.52
2023-01-05 07:27:00-05:00,384.41
2023-01-05 07:28:00-05:00,384.43
2023-01-05 07:29:00-05:00,384.45
2023-01-05 07:30:00-05:00,384.45
2023-01-05 07:31:00-05:00,384.45
2023-01-05 07:32:00-05:00,384.63
2023-01-05 07:33:00-05:00,384.62
2023-01-05 07:34:00-05:00,384.96
2023-01-05 07:35:00-05:00,384.95
2023-01-05 07:36:00-05:00,384.88
2023-01-05 07:37:00-05:00,384.83
2023-01-05 07:38:00-05:00,384.795
2023-01-05 07:39:00-05:00,384.72
2023-01-05 07:40:00-05:00,384.66
2023-01-05 07:41:00-05:00,384.64
2023-01-05 07:42:00-05:00,384.59
2023-01-05 07:43:00-05:00,384.63
2023-01-05 07:44:00-05:00,384.61
2023-01-05 07:45:00-05:00,384.34
2023-01-05 07:46:00-05:00,384.17
2023-01-05 07:47:00-05:00,384.08
2023-01-05 07:48:00-05:00,383.99
2023-01-05 07:49:00-05:00,384.0
2023-01-05 07:50:00-05:00,383.96
2023-01-05 07:51:00-05:00,383.91
2023-01-05 07:52:00-05:00,384.01
2023-01-05 07:53:00-05:00,383.97
2023-01-05 07:54:00-05:00,384.03
2023-01-05 07:55:00-05:00,384.11
2023-01-05 07:56:00-05:00,384.1
2023-01-05 07:57:00-05:00,384.0
2023-01-05 07:58:00-05:00,383.97
2023-01-05 07:59:00-05:00,383.95
2023-01-05 08:00:00-05:00,384.94
2023-01-05 08:01:00-05:00,384.88
2023-01-05 08:02:00-05:00,383.94
2023-01-05 08:03:00-05:00,383.83
2023-01-05 08:04:00-05:00,383.88
2023-01-05 08:05:00-05:00,383.75
2023-01-05 08:06:00-05:00,383.73
2023-01-05 08:07:00-05:00,383.67
2023-01-05 08:08:00-05:00,383.61
2023-01-05 08:09:00-05:00,383.86
2023-01-05 08:10:00-05:00,383.75
2023-01-05 08:11:00-05:00,383.6
2023-01-05 08:12:00-05:00,383.655
2023-01-05 08:13:00-05:00,383.75
2023-01-05 08:14:00-05:00,384.43
2023-01-05 08:15:00-05:00,384.43
2023-01-05 08:16:00-05:00,383.05
2023-01-05 08:17:00-05:00,383.17
2023-01-05 08:18:00-05:00,383.085
2023-01-05 08:19:00-05:00,382.81
2023-01-05 08:20:00-05:00,382.72
2023-01-05 08:21:00-05:00,382.8
2023-01-05 08:22:00-05:00,382.72
2023-01-05 08:23:00-05:00,382.9
2023-01-05 08:24:00-05:00,382.91
2023-01-05 08:25:00-05:00,382.83
2023-01-05 08:26:00-05:00,382.81
2023-01-05 08:27:00-05:00,382.89
2023-01-05 08:28:00-05:00,382.775
2023-01-05 08:29:00-05:00,382.87
2023-01-05 08:30:00-05:00,382.78
2023-01-05 08:31:00-05:00,382.48
2023-01-05 08:32:00-05:00,382.1
2023-01-05 08:33:00-05:00,382.15
2023-01-05 08:34:00-05:00,382.24
2023-01-05 08:35:00-05:00,382.03
2023-01-05 08:36:00-05:00,381.85
2023-01-05 08:37:00-05:00,381.8
2023-01-05 08:38:00-05:00,381.7
2023-01-05 08:39:00-05:00,381.98
2023-01-05 08:40:00-05:00,381.98
2023-01-05 08:41:00-05:00,382.06
2023-01-05 08:42:00-05:00,382.16
2023-01-05 08:43:00-05:00,382.12
2023-01-05 08:44:00-05:00,382.06
2023-01-05 08:45:00-05:00,382.13
2023-01-05 08:46:00-05:00,382.13
2023-01-05 08:47:00-05:00,383.76
2023-01-05 08:48:00-05:00,381.88
2023-01-05 08:49:00-05:00,382.01
2023-01-05 08:50:00-05:00,382.05
2023-01-05 08:51:00-05:00,382.1
2023-01-05 08:52:00-05:00,382.12
2023-01-05 08:53:00-05:00,381.96
2023-01-05 08:54:00-05:00,381.93
2023-01-05 08:55:00-05:00,382.0
2023-01-05 08:56:00-05:00,381.89
2023-01-05 08:57:00-05:00,381.81
2023-01-05 08:58:00-05:00,381.85
2023-01-05 08:59:00-05:00,381.82
2023-01-05 09:00:00-05:00,381.7
2023-01-05 09:01:00-05:00,381.56
2023-01-05 09:02:00-05:00,381.32
2023-01-05 09:03:00-05:00,381.38
2023-01-05 09:04:00-05:00,381.28
2023-01-05 09:05:00-05:00,381.23
2023-01-05 09:06:00-05:00,381.38
2023-01-05 09:07:00-05:00,381.5
2023-01-05 09:08:00-05:00,381.45
2023-01-05 09:09:00-05:00,381.44
2023-01-05 09:10:00-05:00,381.41
2023-01-05 09:11:00-05:00,381.37
2023-01-05 09:12:00-05:00,381.24
2023-01-05 09:13:00-05:00,381.31
2023-01-05 09:14:00-05:00,381.56
2023-01-05 09:30:00-05:00,381.760009765625
2023-01-05 09:31:00-05:00,381.7099914550781
2023-01-05 09:32:00-05:00,381.2200012207031
2023-01-05 09:33:00-05:00,380.7799987792969
2023-01-05 09:34:00-05:00,380.6700134277344
2023-01-05 09:35:00-05:00,380.8500061035156
2023-01-05 09:36:00-05:00,380.6199951171875
2023-01-05 09:37:00-05:00,380.760009765625
2023-01-05 09:38:00-05:00,380.4700012207031
2023-01-05 09:39:00-05:00,380.3299865722656
2023-01-05 09:40:00-05:00,379.9599914550781
2023-01-05 09:41:00-05:00,379.6199951171875
2023-01-05 09:42:00-05:00,379.6000061035156
2023-01-05 09:43:00-05:00,379.5499877929688
2023-01-05 09:44:00-05:00,379.8200073242188
2023-01-05 09:45:00-05:00,379.7200012207031
2023-01-05 09:46:00-05:00,379.3599853515625
2023-01-05 09:47:00-05:00,379.1799926757813
2023-01-05 09:48:00-05:00,379.2999877929688
2023-01-05 09:49:00-05:00,379.4400024414063
2023-01-05 09:50:00-05:00,379.5799865722656
2023-01-05 09:51:00-05:00,379.8800048828125
2023-01-05 09:52:00-05:00,379.8800048828125
2023-01-05 09:53:00-05:00,379.75
2023-01-05 09:54:00-05:00,379.8599853515625
2023-01-05 09:55:00-05:00,380.3200073242188
2023-01-05 09:56:00-05:00,379.9599914550781
2023-01-05 09:57:00-05:00,380.4100036621094
2023-01-05 09:58:00-05:00,380.5199890136719
2023-01-05 09:59:00-05:00,380.2900085449219
2023-01-05 10:00:00-05:00,380.2300109863281
2023-01-05 10:01:00-05:00,380.3299865722656
2023-01-05 10:02:00-05:00,380.5499877929688
2023-01-05 10:03:00-05:00,380.5499877929688
2023-01-05 10:04:00-05:00,380.4549865722656
2023-01-05 10:05:00-05:00,380.340087890625
2023-01-05 10:06:00-05:00,380.0199890136719
2023-01-05 10:07:00-05:00,380.4299926757813
2023-01-05 10:08:00-05:00,381.8399963378906
2023-01-05 10:09:00-05:00,381.3699951171875
2023-01-05 10:10:00-05:00,380.8999938964844
2023-01-05 10:11:00-05:00,380.989990234375
2023-01-05 10:12:00-05:00,381.3999938964844
2023-01-05 10:13:00-05:00,381.5799865722656
2023-01-05 10:14:00-05:00,381.1000061035156
2023-01-05 10:15:00-05:00,381.1199951171875
2023-01-05 10:16:00-05:00,380.8500061035156
2023-01-05 10:17:00-05:00,380.8399963378906
2023-01-05 10:18:00-05:00,380.5299987792969
2023-01-05 10:19:00-05:00,380.510009765625
2023-01-05 10:20:00-05:00,380.4700012207031
2023-01-05 10:21:00-05:00,380.4500122070313
2023-01-05 10:22:00-05:00,380.4599914550781
2023-01-05 10:23:00-05:00,380.1900024414063
2023-01-05 10:24:00-05:00,380.0400085449219
2023-01-05 10:25:00-05:00,380.1099853515625
2023-01-05 10:26:00-05:00,380.1300048828125
2023-01-05 10:27:00-05:00,380.4194030761719
2023-01-05 10:28:00-05:00,380.6400146484375
2023-01-05 10:29:00-05:00,380.4700012207031
2023-01-05 10:30:00-05:00,380.4500122070313
2023-01-05 10:31:00-05:00,380.3891906738281
2023-01-05 10:32:00-05:00,380.1499938964844
2023-01-05 10:33:00-05:00,380.0499877929688
2023-01-05 10:34:00-05:00,379.989990234375
2023-01-05 10:35:00-05:00,379.9599914550781
2023-01-05 10:36:00-05:00,379.7250061035156
2023-01-05 10:37:00-05:00,379.7800903320313
2023-01-05 10:38:00-05:00,380.114990234375
2023-01-05 10:39:00-05:00,380.1199951171875
2023-01-05 10:40:00-05:00,379.9800109863281
2023-01-05 10:41:00-05:00,379.9700012207031
2023-01-05 10:42:00-05:00,380.30999755859375
2023-01-05 10:43:00-05:00,380.55999755859375
2023-01-05 10:44:00-05:00,380.7000122070313
2023-01-05 10:45:00-05:00,380.6499938964844
2023-01-05 10:46:00-05:00,380.6400146484375
2023-01-05 10:47:00-05:00,380.5700073242188
2023-01-05 10:48:00-05:00,380.3500061035156
2023-01-05 10:49:00-05:00,380.260009765625
2023-01-05 10:50:00-05:00,380.2948913574219
2023-01-05 10:51:00-05:00,380.1900024414063
2023-01-05 10:52:00-05:00,380.0911865234375
2023-01-05 10:53:00-05:00,379.8900146484375
2023-01-05 10:54:00-05:00,379.6400146484375
2023-01-05 10:55:00-05:00,379.7200012207031
2023-01-05 10:56:00-05:00,379.6050109863281
2023-01-05 10:57:00-05:00,379.576904296875
2023-01-05 10:58:00-05:00,379.5
2023-01-05 10:59:00-05:00,379.5299987792969
2023-01-05 11:00:00-05:00,379.5899963378906
2023-01-05 11:01:00-05:00,379.510009765625
2023-01-05 11:03:00-05:00,379.5299987792969
2023-01-05 11:04:00-05:00,379.6199951171875
2023-01-05 11:05:00-05:00,379.8200073242188
2023-01-05 11:06:00-05:00,379.760009765625
2023-01-05 11:07:00-05:00,379.8299865722656
2023-01-05 11:08:00-05:00,379.6000061035156
2023-01-05 11:09:00-05:00,379.6749877929688
2023-01-05 11:10:00-05:00,379.80999755859375
2023-01-05 11:11:00-05:00,379.8699951171875
2023-01-05 11:12:00-05:00,379.7799987792969
2023-01-05 11:13:00-05:00,380.3399963378906
2023-01-05 11:14:00-05:00,380.0199890136719
2023-01-05 11:15:00-05:00,379.9801025390625
2023-01-05 11:16:00-05:00,379.8800048828125
2023-01-05 11:17:00-05:00,379.8500061035156
2023-01-05 11:18:00-05:00,379.7699890136719
2023-01-05 11:19:00-05:00,379.7000122070313
2023-01-05 11:20:00-05:00,379.5499877929688
2023-01-05 11:21:00-05:00,379.5
2023-01-05 11:22:00-05:00,379.2200012207031
2023-01-05 11:23:00-05:00,379.1499938964844
2023-01-05 11:24:00-05:00,379.010009765625
2023-01-05 11:25:00-05:00,379.1099853515625
2023-01-05 11:26:00-05:00,379.1199951171875
2023-01-05 11:27:00-05:00,379.25
2023-01-05 11:28:00-05:00,379.25
2023-01-05 11:29:00-05:00,379.3399963378906
2023-01-05 11:30:00-05:00,379.3399963378906
2023-01-05 11:31:00-05:00,379.5793151855469
2023-01-05 11:32:00-05:00,379.5
2023-01-05 11:33:00-05:00,379.4700012207031
2023-01-05 11:34:00-05:00,379.4150085449219
2023-01-05 11:35:00-05:00,379.5
2023-01-05 11:36:00-05:00,379.7200012207031
2023-01-05 11:37:00-05:00,379.6099853515625
2023-01-05 11:38:00-05:00,379.3699951171875
2023-01-05 11:39:00-05:00,379.5199890136719
2023-01-05 11:40:00-05:00,379.4400024414063
2023-01-05 11:41:00-05:00,379.5499877929688
2023-01-05 11:42:00-05:00,379.7365112304688
2023-01-05 11:43:00-05:00,379.80999755859375
2023-01-05 11:44:00-05:00,379.9399108886719
2023-01-05 11:45:00-05:00,380.1199951171875
2023-01-05 11:46:00-05:00,380.0249938964844
2023-01-05 11:47:00-05:00,379.9599914550781
2023-01-05 11:48:00-05:00,379.989990234375
2023-01-05 11:49:00-05:00,379.89990234375
2023-01-05 11:50:00-05:00,379.9200134277344
2023-01-05 11:51:00-05:00,379.7799987792969
2023-01-05 11:52:00-05:00,379.7900085449219
2023-01-05 11:53:00-05:00,379.6400146484375
2023-01-05 11:54:00-05:00,379.5498962402344
2023-01-05 11:55:00-05:00,379.659912109375
2023-01-05 11:56:00-05:00,379.5199890136719
2023-01-05 11:57:00-05:00,379.5
2023-01-05 11:58:00-05:00,379.3499145507813
2023-01-05 11:59:00-05:00,379.3900146484375
2023-01-05 12:00:00-05:00,379.3999938964844
2023-01-05 12:01:00-05:00,379.5284118652344
2023-01-05 12:02:00-05:00,379.8500061035156
2023-01-05 12:03:00-05:00,379.7449951171875
2023-01-05 12:04:00-05:00,379.8049926757813
2023-01-05 12:05:00-05:00,379.75
2023-01-05 12:06:00-05:00,379.9800109863281
2023-01-05 12:07:00-05:00,380.1900024414063
2023-01-05 12:08:00-05:00,380.1199951171875
2023-01-05 12:09:00-05:00,380.1449890136719
2023-01-05 12:10:00-05:00,380.0299987792969
2023-01-05 12:11:00-05:00,379.9150085449219
2023-01-05 12:12:00-05:00,379.8198852539063
2023-01-05 12:13:00-05:00,379.7999877929688
2023-01-05 12:14:00-05:00,379.7999877929688
2023-01-05 12:15:00-05:00,379.7149963378906
2023-01-05 12:16:00-05:00,379.7099914550781
2023-01-05 12:17:00-05:00,379.8200073242188
2023-01-05 12:18:00-05:00,379.8320007324219
2023-01-05 12:19:00-05:00,379.4849853515625
2023-01-05 12:20:00-05:00,379.2835998535156
2023-01-05 12:21:00-05:00,379.4299926757813
2023-01-05 12:22:00-05:00,379.5400085449219
2023-01-05 12:23:00-05:00,379.7200012207031
2023-01-05 12:24:00-05:00,380.0
2023-01-05 12:25:00-05:00,379.9599914550781
2023-01-05 12:26:00-05:00,379.9399108886719
2023-01-05 12:27:00-05:00,379.8800048828125
2023-01-05 12:28:00-05:00,379.80999755859375
2023-01-05 12:29:00-05:00,379.7900085449219
2023-01-05 12:30:00-05:00,380.0499877929688
2023-01-05 12:31:00-05:00,380.0249938964844
2023-01-05 12:32:00-05:00,380.1549987792969
2023-01-05 12:33:00-05:00,380.1000061035156
2023-01-05 12:34:00-05:00,380.4500122070313
2023-01-05 12:35:00-05:00,380.4100036621094
2023-01-05 12:36:00-05:00,380.1776123046875
2023-01-05 12:37:00-05:00,380.125
2023-01-05 12:38:00-05:00,380.05999755859375
2023-01-05 12:39:00-05:00,379.9249877929688
2023-01-05 12:40:00-05:00,379.9100036621094
2023-01-05 12:41:00-05:00,379.8198852539063
2023-01-05 12:42:00-05:00,379.8900146484375
2023-01-05 12:43:00-05:00,379.7300109863281
2023-01-05 12:44:00-05:00,379.625
2023-01-05 12:45:00-05:00,379.7699890136719
2023-01-05 12:46:00-05:00,379.7900085449219
2023-01-05 12:47:00-05:00,379.6700134277344
2023-01-05 12:48:00-05:00,379.6510009765625
2023-01-05 12:49:00-05:00,379.7699890136719
2023-01-05 12:50:00-05:00,379.8200073242188
2023-01-05 12:51:00-05:00,379.7799072265625
2023-01-05 12:52:00-05:00,379.6000061035156
2023-01-05 12:53:00-05:00,379.5799865722656
2023-01-05 12:54:00-05:00,379.5650024414063
2023-01-05 12:55:00-05:00,379.510009765625
2023-01-05 12:56:00-05:00,379.4800109863281
2023-01-05 12:57:00-05:00,379.4801025390625
2023-01-05 12:58:00-05:00,379.5700073242188
2023-01-05 12:59:00-05:00,379.5600891113281
2023-01-05 13:00:00-05:00,379.489990234375
2023-01-05 13:01:00-05:00,379.4400024414063
2023-01-05 13:02:00-05:00,379.3399963378906
2023-01-05 13:03:00-05:00,379.3299865722656
2023-01-05 13:04:00-05:00,379.3500061035156
2023-01-05 13:05:00-05:00,379.489990234375
2023-01-05 13:06:00-05:00,379.6700134277344
2023-01-05 13:07:00-05:00,379.6900024414063
2023-01-05 13:08:00-05:00,379.6799926757813
2023-01-05 13:09:00-05:00,379.6741943359375
2023-01-05 13:10:00-05:00,379.6199951171875
2023-01-05 13:11:00-05:00,379.5700073242188
2023-01-05 13:12:00-05:00,379.5050048828125
2023-01-05 13:13:00-05:00,379.4400024414063
2023-01-05 13:14:00-05:00,379.3299865722656
2023-01-05 13:15:00-05:00,379.1900024414063
2023-01-05 13:16:00-05:00,379.1499938964844
2023-01-05 13:17:00-05:00,379.2200012207031
2023-01-05 13:18:00-05:00,379.2099914550781
2023-01-05 13:19:00-05:00,379.1600036621094
2023-01-05 13:20:00-05:00,380.3500061035156
2023-01-05 13:21:00-05:00,380.2699890136719
2023-01-05 13:22:00-05:00,381.0499877929688
2023-01-05 13:23:00-05:00,380.9200134277344
2023-01-05 13:24:00-05:00,381.1000061035156
2023-01-05 13:25:00-05:00,380.9800109863281
2023-01-05 13:26:00-05:00,381.0700073242188
2023-01-05 13:27:00-05:00,381.4299926757813
2023-01-05 13:28:00-05:00,381.4100036621094
2023-01-05 13:29:00-05:00,381.1106872558594
2023-01-05 13:30:00-05:00,381.0499877929688
2023-01-05 13:31:00-05:00,380.9599914550781
2023-01-05 13:32:00-05:00,381.3299865722656
2023-01-05 13:33:00-05:00,381.4700012207031
2023-01-05 13:34:00-05:00,381.30999755859375
2023-01-05 13:35:00-05:00,381.4100036621094
2023-01-05 13:36:00-05:00,381.2999877929688
2023-01-05 13:37:00-05:00,380.9500122070313
2023-01-05 13:38:00-05:00,380.9500122070313
2023-01-05 13:39:00-05:00,380.95989990234375
2023-01-05 13:40:00-05:00,381.239990234375
2023-01-05 13:41:00-05:00,381.1700134277344
2023-01-05 13:42:00-05:00,381.2200012207031
2023-01-05 13:43:00-05:00,380.9100036621094
2023-01-05 13:44:00-05:00,380.739990234375
2023-01-05 13:45:00-05:00,380.7999877929688
2023-01-05 13:46:00-05:00,380.7200012207031
2023-01-05 13:47:00-05:00,380.8420104980469
2023-01-05 13:48:00-05:00,380.9500122070313
2023-01-05 13:49:00-05:00,380.7999877929688
2023-01-05 13:50:00-05:00,380.75
2023-01-05 13:51:00-05:00,380.8599853515625
2023-01-05 13:52:00-05:00,380.80999755859375
2023-01-05 13:53:00-05:00,380.8399963378906
2023-01-05 13:54:00-05:00,380.8399963378906
2023-01-05 13:55:00-05:00,381.0199890136719
2023-01-05 13:56:00-05:00,381.01019287109375
2023-01-05 13:57:00-05:00,380.9200134277344
2023-01-05 13:58:00-05:00,380.7799987792969
2023-01-05 13:59:00-05:00,380.6000061035156
2023-01-05 14:00:00-05:00,380.8599853515625
2023-01-05 14:01:00-05:00,380.9155883789063
2023-01-05 14:02:00-05:00,381.0199890136719
2023-01-05 14:03:00-05:00,381.0299987792969
2023-01-05 14:04:00-05:00,380.8949890136719
2023-01-05 14:05:00-05:00,380.8500061035156
2023-01-05 14:06:00-05:00,380.9100036621094
2023-01-05 14:07:00-05:00,380.9500122070313
2023-01-05 14:08:00-05:00,380.9800109863281
2023-01-05 14:09:00-05:00,381.0299987792969
2023-01-05 14:10:00-05:00,381.0700073242188
2023-01-05 14:11:00-05:00,380.8999938964844
2023-01-05 14:12:00-05:00,380.8699951171875
2023-01-05 14:13:00-05:00,380.8900146484375
2023-01-05 14:14:00-05:00,380.6600036621094
2023-01-05 14:15:00-05:00,380.489990234375
2023-01-05 14:16:00-05:00,380.6700134277344
2023-01-05 14:17:00-05:00,380.7300109863281
2023-01-05 14:18:00-05:00,380.6700134277344
2023-01-05 14:19:00-05:00,380.7699890136719
2023-01-05 14:20:00-05:00,380.7999877929688
2023-01-05 14:21:00-05:00,380.7250061035156
2023-01-05 14:22:00-05:00,380.7699890136719
2023-01-05 14:23:00-05:00,380.7099914550781
2023-01-05 14:24:00-05:00,380.635009765625
2023-01-05 14:25:00-05:00,380.7200012207031
2023-01-05 14:26:00-05:00,380.5199890136719
2023-01-05 14:27:00-05:00,380.5050048828125
2023-01-05 14:28:00-05:00,380.4100036621094
2023-01-05 14:29:00-05:00,380.2999877929688
2023-01-05 14:30:00-05:00,380.3900146484375
2023-01-05 14:31:00-05:00,380.4601135253906
2023-01-05 14:32:00-05:00,380.5299072265625
2023-01-05 14:33:00-05:00,380.5199890136719
2023-01-05 14:34:00-05:00,380.4500122070313
2023-01-05 14:35:00-05:00,380.4599914550781
2023-01-05 14:36:00-05:00,380.8699951171875
2023-01-05 14:37:00-05:00,381.3800048828125
2023-01-05 14:38:00-05:00,381.260009765625
2023-01-05 14:39:00-05:00,381.1153869628906
2023-01-05 14:40:00-05:00,381.2398986816406
2023-01-05 14:41:00-05:00,381.3200073242188
2023-01-05 14:42:00-05:00,381.2099914550781
2023-01-05 14:43:00-05:00,381.0899963378906
2023-01-05 14:44:00-05:00,381.0798950195313
2023-01-05 14:45:00-05:00,381.2698974609375
2023-01-05 14:46:00-05:00,381.3399963378906
2023-01-05 14:47:00-05:00,381.33990478515625
2023-01-05 14:48:00-05:00,381.30999755859375
2023-01-05 14:49:00-05:00,381.7099914550781
2023-01-05 14:50:00-05:00,381.489990234375
2023-01-05 14:51:00-05:00,381.5480041503906
2023-01-05 14:52:00-05:00,381.4299926757813
2023-01-05 14:53:00-05:00,381.4299926757813
2023-01-05 14:54:00-05:00,381.510009765625
2023-01-05 14:55:00-05:00,381.5499877929688
2023-01-05 14:56:00-05:00,381.30999755859375
2023-01-05 14:57:00-05:00,381.239990234375
2023-01-05 14:58:00-05:00,381.14990234375
2023-01-05 14:59:00-05:00,381.0199890136719
2023-01-05 15:00:00-05:00,380.8200073242188
2023-01-05 15:01:00-05:00,380.7099914550781
2023-01-05 15:02:00-05:00,380.7000122070313
2023-01-05 15:03:00-05:00,380.5400085449219
2023-01-05 15:04:00-05:00,380.5799865722656
2023-01-05 15:05:00-05:00,380.5499877929688
2023-01-05 15:06:00-05:00,380.4500122070313
2023-01-05 15:07:00-05:00,380.3485107421875
2023-01-05 15:08:00-05:00,380.3999938964844
2023-01-05 15:09:00-05:00,380.3999938964844
2023-01-05 15:10:00-05:00,380.2901916503906
2023-01-05 15:11:00-05:00,380.1799926757813
2023-01-05 15:12:00-05:00,380.2300109863281
2023-01-05 15:13:00-05:00,380.0700073242188
2023-01-05 15:14:00-05:00,380.1300048828125
2023-01-05 15:15:00-05:00,380.3299865722656
2023-01-05 15:16:00-05:00,380.2778015136719
2023-01-05 15:17:00-05:00,380.260009765625
2023-01-05 15:18:00-05:00,380.1000061035156
2023-01-05 15:19:00-05:00,379.9800109863281
2023-01-05 15:20:00-05:00,379.9200134277344
2023-01-05 15:21:00-05:00,380.0798950195313
2023-01-05 15:22:00-05:00,379.8699951171875
2023-01-05 15:23:00-05:00,379.8999938964844
2023-01-05 15:24:00-05:00,379.875
2023-01-05 15:25:00-05:00,379.7799987792969
2023-01-05 15:26:00-05:00,379.5400085449219
2023-01-05 15:27:00-05:00,379.6499938964844
2023-01-05 15:28:00-05:00,379.6700134277344
2023-01-05 15:29:00-05:00,379.7699890136719
2023-01-05 15:30:00-05:00,379.6300964355469
2023-01-05 15:31:00-05:00,379.3800048828125
2023-01-05 15:32:00-05:00,379.364990234375
2023-01-05 15:33:00-05:00,379.5400085449219
2023-01-05 15:34:00-05:00,379.6499938964844
2023-01-05 15:35:00-05:00,379.9400024414063
2023-01-05 15:36:00-05:00,379.9549865722656
2023-01-05 15:37:00-05:00,379.9500122070313
2023-01-05 15:38:00-05:00,379.8799133300781
2023-01-05 15:39:00-05:00,379.8800048828125
2023-01-05 15:40:00-05:00,379.8299865722656
2023-01-05 15:41:00-05:00,379.80999755859375
2023-01-05 15:42:00-05:00,379.6900024414063
2023-01-05 15:43:00-05:00,379.55999755859375
2023-01-05 15:44:00-05:00,379.489990234375
2023-01-05 15:45:00-05:00,379.7999877929688
2023-01-05 15:46:00-05:00,379.8900146484375
2023-01-05 15:47:00-05:00,379.6700134277344
2023-01-05 15:48:00-05:00,379.5700073242188
2023-01-05 15:49:00-05:00,379.3500061035156
2023-01-05 15:50:00-05:00,379.3900146484375
2023-01-05 15:51:00-05:00,379.2900085449219
2023-01-05 15:52:00-05:00,379.2999877929688
2023-01-05 15:53:00-05:00,379.2049865722656
2023-01-05 15:54:00-05:00,379.2300109863281
2023-01-05 15:55:00-05:00,379.3900146484375
2023-01-05 15:56:00-05:00,379.2699890136719
2023-01-05 15:57:00-05:00,379.510009765625
2023-01-05 15:58:00-05:00,379.5
2023-01-05 15:59:00-05:00,379.5776977539063
2023-01-05 16:00:00-05:00,379.69
2023-01-05 16:01:00-05:00,379.58
2023-01-05 16:02:00-05:00,379.4
2023-01-05 16:03:00-05:00,379.49
2023-01-05 16:04:00-05:00,379.61
2023-01-05 16:05:00-05:00,379.58
2023-01-05 16:06:00-05:00,379.52
2023-01-05 16:07:00-05:00,379.47
2023-01-05 16:08:00-05:00,379.45
2023-01-05 16:09:00-05:00,379.49
2023-01-05 16:10:00-05:00,379.48
2023-01-05 16:11:00-05:00,379.42
2023-01-05 16:12:00-05:00,379.49
2023-01-05 16:13:00-05:00,379.55
2023-01-05 16:14:00-05:00,379.55
2023-01-05 16:15:00-05:00,379.55
2023-01-05 16:16:00-05:00,379.61
2023-01-05 16:17:00-05:00,379.59
2023-01-05 16:18:00-05:00,383.8717
2023-01-05 16:19:00-05:00,379.62
2023-01-05 16:20:00-05:00,379.65
2023-01-05 16:21:00-05:00,379.71
2023-01-05 16:22:00-05:00,379.73
2023-01-05 16:23:00-05:00,379.76
2023-01-05 16:24:00-05:00,379.77
2023-01-05 16:25:00-05:00,379.79
2023-01-05 16:26:00-05:00,379.76
2023-01-05 16:27:00-05:00,379.79
2023-01-05 16:28:00-05:00,379.79
2023-01-05 16:29:00-05:00,379.8
2023-01-05 16:30:00-05:00,379.84
2023-01-05 16:31:00-05:00,379.83
2023-01-05 16:32:00-05:00,379.76
2023-01-05 16:33:00-05:00,379.76
2023-01-05 16:34:00-05:00,379.82
2023-01-05 16:35:00-05:00,379.79
2023-01-05 16:36:00-05:00,379.77
2023-01-05 16:37:00-05:00,379.75
2023-01-05 16:38:00-05:00,379.78
2023-01-05 16:39:00-05:00,379.69
2023-01-05 16:40:00-05:00,379.72
2023-01-05 16:41:00-05:00,379.765
2023-01-05 16:42:00-05:00,379.8
2023-01-05 16:43:00-05:00,379.8
2023-01-05 16:44:00-05:00,379.76
2023-01-05 16:45:00-05:00,379.835
2023-01-05 16:46:00-05:00,379.74
2023-01-05 16:47:00-05:00,379.76
2023-01-05 16:48:00-05:00,379.74
2023-01-05 16:49:00-05:00,379.75
2023-01-05 16:50:00-05:00,379.76
2023-01-05 16:51:00-05:00,379.785
2023-01-05 16:52:00-05:00,379.8
2023-01-05 16:53:00-05:00,379.78
2023-01-05 16:54:00-05:00,379.75
2023-01-05 16:55:00-05:00,379.73
2023-01-05 16:56:00-05:00,379.72
2023-01-05 16:57:00-05:00,379.775
2023-01-05 16:58:00-05:00,379.77
2023-01-05 16:59:00-05:00,379.76
2023-01-05 17:00:00-05:00,379.77
2023-01-05 17:01:00-05:00,382.0125
2023-01-05 17:02:00-05:00,379.729
2023-01-05 17:03:00-05:00,379.7
2023-01-05 17:04:00-05:00,379.68
2023-01-05 17:05:00-05:00,379.7
2023-01-05 17:06:00-05:00,379.7
2023-01-05 17:08:00-05:00,379.65
2023-01-05 17:09:00-05:00,379.62
2023-01-05 17:10:00-05:00,379.62
2023-01-05 17:11:00-05:00,379.6
2023-01-05 17:12:00-05:00,379.625
2023-01-05 17:13:00-05:00,379.65
2023-01-05 17:14:00-05:00,379.635
2023-01-05 17:15:00-05:00,379.635
2023-01-05 17:16:00-05:00,379.64
2023-01-05 17:17:00-05:00,379.6219
2023-01-05 17:18:00-05:00,379.63
2023-01-05 17:19:00-05:00,379.64
2023-01-05 17:20:00-05:00,379.65
2023-01-05 17:21:00-05:00,379.68
2023-01-05 17:22:00-05:00,379.7
2023-01-05 17:23:00-05:00,379.73
2023-01-05 17:24:00-05:00,379.72
2023-01-05 17:25:00-05:00,379.72
2023-01-05 17:26:00-05:00,379.7
2023-01-05 17:27:00-05:00,379.67
2023-01-05 17:28:00-05:00,379.68
2023-01-05 17:29:00-05:00,379.66
2023-01-05 17:30:00-05:00,379.68
2023-01-05 17:31:00-05:00,379.69
2023-01-05 17:32:00-05:00,379.69
2023-01-05 17:33:00-05:00,379.69
2023-01-05 17:34:00-05:00,379.69
2023-01-05 17:35:00-05:00,379.69
2023-01-05 17:36:00-05:00,379.69
2023-01-05 17:37:00-05:00,379.665
2023-01-05 17:38:00-05:00,379.69
2023-01-05 17:39:00-05:00,379.69
2023-01-05 17:40:00-05:00,379.69
2023-01-05 17:41:00-05:00,379.69
2023-01-05 17:42:00-05:00,379.69
2023-01-05 17:43:00-05:00,379.69
2023-01-05 17:44:00-05:00,379.69
2023-01-05 17:45:00-05:00,379.78
2023-01-05 17:46:00-05:00,379.82
2023-01-05 17:47:00-05:00,379.82
2023-01-05 17:48:00-05:00,379.8
2023-01-05 17:49:00-05:00,379.78
2023-01-05 17:50:00-05:00,379.75
2023-01-05 17:51:00-05:00,379.7
2023-01-05 17:53:00-05:00,379.72
2023-01-05 17:54:00-05:00,379.7
2023-01-05 17:55:00-05:00,379.8
2023-01-05 17:56:00-05:00,379.79
2023-01-05 17:57:00-05:00,379.87
2023-01-05 17:58:00-05:00,379.8
2023-01-05 17:59:00-05:00,379.85
2023-01-05 18:00:00-05:00,379.94
2023-01-05 18:01:00-05:00,379.95
2023-01-05 18:02:00-05:00,379.94
2023-01-05 18:03:00-05:00,379.905
2023-01-05 18:04:00-05:00,379.85
2023-01-05 18:05:00-05:00,379.85
2023-01-05 18:06:00-05:00,379.76
2023-01-05 18:07:00-05:00,379.77
2023-01-05 18:08:00-05:00,379.72
2023-01-05 18:09:00-05:00,379.7
2023-01-05 18:10:00-05:00,379.72
2023-01-05 18:11:00-05:00,379.719
2023-01-05 18:12:00-05:00,379.75
2023-01-05 18:13:00-05:00,379.75
2023-01-05 18:14:00-05:00,379.89
2023-01-05 18:15:00-05:00,379.9
2023-01-05 18:16:00-05:00,379.91
2023-01-05 18:17:00-05:00,379.91
2023-01-05 18:18:00-05:00,380.0
2023-01-05 18:19:00-05:00,379.96
2023-01-05 18:20:00-05:00,379.96
2023-01-05 18:21:00-05:00,379.87
2023-01-05 18:22:00-05:00,379.97
2023-01-05 18:23:00-05:00,379.95
2023-01-05 18:24:00-05:00,379.9
2023-01-05 18:25:00-05:00,379.9
2023-01-05 18:26:00-05:00,379.9
2023-01-05 18:27:00-05:00,379.9
2023-01-05 18:28:00-05:00,379.89
2023-01-05 18:29:00-05:00,379.99
2023-01-05 18:30:00-05:00,379.94
2023-01-05 18:31:00-05:00,380.0
2023-01-05 18:32:00-05:00,379.98
2023-01-05 18:33:00-05:00,379.99
2023-01-05 18:34:00-05:00,380.6201
2023-01-05 18:35:00-05:00,379.97
2023-01-05 18:36:00-05:00,380.0
2023-01-05 18:37:00-05:00,379.96
2023-01-05 18:38:00-05:00,380.22
2023-01-05 18:39:00-05:00,380.0
2023-01-05 18:40:00-05:00,379.945
2023-01-05 18:41:00-05:00,379.98
2023-01-05 18:42:00-05:00,379.98
2023-01-05 18:43:00-05:00,379.99
2023-01-05 18:44:00-05:00,380.05
2023-01-05 18:45:00-05:00,380.2
2023-01-05 18:46:00-05:00,380.19
2023-01-05 18:47:00-05:00,380.15
2023-01-05 18:48:00-05:00,380.13
2023-01-05 18:49:00-05:00,380.14
2023-01-05 18:50:00-05:00,380.13
2023-01-05 18:51:00-05:00,380.06
2023-01-05 18:52:00-05:00,380.06
2023-01-05 18:53:00-05:00,380.07
2023-01-05 18:54:00-05:00,380.1
2023-01-05 18:55:00-05:00,380.14
2023-01-05 18:56:00-05:00,380.1
2023-01-05 18:57:00-05:00,380.09
2023-01-05 18:58:00-05:00,380.05
2023-01-05 18:59:00-05:00,380.01
2023-01-05 19:00:00-05:00,380.09
2023-01-05 19:01:00-05:00,380.15
2023-01-05 19:02:00-05:00,380.15
2023-01-05 19:03:00-05:00,380.19
2023-01-05 19:04:00-05:00,380.15
2023-01-05 19:05:00-05:00,380.07
2023-01-05 19:06:00-05:00,380.13
2023-01-05 19:07:00-05:00,380.15
2023-01-05 19:08:00-05:00,380.23
2023-01-05 19:09:00-05:00,380.25
2023-01-05 19:10:00-05:00,380.27
2023-01-05 19:11:00-05:00,380.22
2023-01-05 19:12:00-05:00,380.16
2023-01-05 19:13:00-05:00,380.09
2023-01-05 19:14:00-05:00,380.06
2023-01-05 19:15:00-05:00,380.04
2023-01-05 19:16:00-05:00,380.03
2023-01-05 19:17:00-05:00,380.11
2023-01-05 19:18:00-05:00,380.075
2023-01-05 19:19:00-05:00,380.17
2023-01-05 19:20:00-05:00,380.205
2023-01-05 19:21:00-05:00,380.22
2023-01-05 19:22:00-05:00,380.21
2023-01-05 19:23:00-05:00,380.25
2023-01-05 19:24:00-05:00,380.2094
2023-01-05 19:25:00-05:00,380.175
2023-01-05 19:26:00-05:00,380.165
2023-01-05 19:27:00-05:00,380.22
2023-01-05 19:28:00-05:00,380.22
2023-01-05 19:29:00-05:00,380.25
2023-01-05 19:30:00-05:00,380.31
2023-01-05 19:31:00-05:00,380.32
2023-01-05 19:32:00-05:00,380.35
2023-01-05 19:33:00-05:00,380.4
2023-01-05 19:34:00-05:00,380.35
2023-01-05 19:35:00-05:00,380.36
2023-01-05 19:36:00-05:00,380.335
2023-01-05 19:37:00-05:00,380.38
2023-01-05 19:38:00-05:00,380.3
2023-01-05 19:39:00-05:00,380.26
2023-01-05 19:40:00-05:00,380.26
2023-01-05 19:41:00-05:00,380.25
2023-01-05 19:42:00-05:00,380.25
2023-01-05 19:43:00-05:00,380.32
2023-01-05 19:44:00-05:00,380.3
2023-01-05 19:45:00-05:00,380.29
2023-01-05 19:46:00-05:00,380.29
2023-01-05 19:47:00-05:00,380.29
2023-01-05 19:48:00-05:00,380.28
2023-01-05 19:49:00-05:00,380.29
2023-01-05 19:50:00-05:00,380.25
2023-01-05 19:51:00-05:00,380.2409
2023-01-05 19:52:00-05:00,380.29
2023-01-05 19:53:00-05:00,380.27
2023-01-05 19:54:00-05:00,380.25
2023-01-05 19:55:00-05:00,380.24
2023-01-05 19:56:00-05:00,380.26
2023-01-05 19:57:00-05:00,380.27
2023-01-05 19:58:00-05:00,380.34
2023-01-05 19:59:00-05:00,380.38
2023-01-06 04:00:00-05:00,380.11
2023-01-06 04:01:00-05:00,379.98
2023-01-06 04:02:00-05:00,379.85
2023-01-06 04:03:00-05:00,379.76
2023-01-06 04:04:00-05:00,379.87
2023-01-06 04:05:00-05:00,379.81
2023-01-06 04:06:00-05:00,379.81
2023-01-06 04:07:00-05:00,379.78
2023-01-06 04:08:00-05:00,379.72
2023-01-06 04:09:00-05:00,379.6
2023-01-06 04:10:00-05:00,379.6
2023-01-06 04:11:00-05:00,379.5
2023-01-06 04:12:00-05:00,379.45
2023-01-06 04:13:00-05:00,379.36
2023-01-06 04:14:00-05:00,379.34
2023-01-06 04:15:00-05:00,379.43
2023-01-06 04:16:00-05:00,379.55
2023-01-06 04:17:00-05:00,379.56
2023-01-06 04:18:00-05:00,379.5
2023-01-06 04:19:00-05:00,379.56
2023-01-06 04:20:00-05:00,379.44
2023-01-06 04:21:00-05:00,379.37
2023-01-06 04:22:00-05:00,379.18
2023-01-06 04:23:00-05:00,379.32
2023-01-06 04:24:00-05:00,379.34
2023-01-06 04:25:00-05:00,379.19
2023-01-06 04:26:00-05:00,379.3
2023-01-06 04:27:00-05:00,379.33
2023-01-06 04:28:00-05:00,379.27
2023-01-06 04:29:00-05:00,379.26
2023-01-06 04:30:00-05:00,379.23
2023-01-06 04:31:00-05:00,379.2
2023-01-06 04:32:00-05:00,379.15
2023-01-06 04:33:00-05:00,379.26
2023-01-06 04:34:00-05:00,379.15
2023-01-06 04:35:00-05:00,379.13
2023-01-06 04:36:00-05:00,379.06
2023-01-06 04:37:00-05:00,379.02
2023-01-06 04:38:00-05:00,379.1
2023-01-06 04:39:00-05:00,379.11
2023-01-06 04:40:00-05:00,379.09
2023-01-06 04:41:00-05:00,379.08
2023-01-06 04:42:00-05:00,379.25
2023-01-06 04:43:00-05:00,379.47
2023-01-06 04:44:00-05:00,379.47
2023-01-06 04:46:00-05:00,379.33
2023-01-06 04:47:00-05:00,379.32
2023-01-06 04:48:00-05:00,379.42
2023-01-06 04:49:00-05:00,379.42
2023-01-06 04:50:00-05:00,379.42
2023-01-06 04:51:00-05:00,379.33
2023-01-06 04:52:00-05:00,379.37
2023-01-06 04:53:00-05:00,379.38
2023-01-06 04:54:00-05:00,379.5
2023-01-06 04:56:00-05:00,379.45
2023-01-06 04:57:00-05:00,379.43
2023-01-06 04:58:00-05:00,379.45
2023-01-06 04:59:00-05:00,379.53
2023-01-06 05:00:00-05:00,379.47
2023-01-06 05:01:00-05:00,379.28
2023-01-06 05:02:00-05:00,379.19
2023-01-06 05:04:00-05:00,379.4
2023-01-06 05:05:00-05:00,379.46
2023-01-06 05:06:00-05:00,379.44
2023-01-06 05:07:00-05:00,379.44
2023-01-06 05:08:00-05:00,379.36
2023-01-06 05:09:00-05:00,379.39
2023-01-06 05:10:00-05:00,379.44
2023-01-06 05:11:00-05:00,379.58
2023-01-06 05:12:00-05:00,379.63
2023-01-06 05:13:00-05:00,379.69
2023-01-06 05:14:00-05:00,379.69
2023-01-06 05:15:00-05:00,379.7
2023-01-06 05:16:00-05:00,379.73
2023-01-06 05:17:00-05:00,379.92
2023-01-06 05:18:00-05:00,379.92
2023-01-06 05:19:00-05:00,379.77
2023-01-06 05:20:00-05:00,379.79
2023-01-06 05:21:00-05:00,379.75
2023-01-06 05:23:00-05:00,379.77
2023-01-06 05:24:00-05:00,379.75
2023-01-06 05:26:00-05:00,379.62
2023-01-06 05:27:00-05:00,379.69
2023-01-06 05:28:00-05:00,379.7
2023-01-06 05:29:00-05:00,379.55
2023-01-06 05:30:00-05:00,379.62
2023-01-06 05:31:00-05:00,379.63
2023-01-06 05:32:00-05:00,379.66
2023-01-06 05:33:00-05:00,379.66
2023-01-06 05:35:00-05:00,379.56
2023-01-06 05:36:00-05:00,379.65
2023-01-06 05:37:00-05:00,379.71
2023-01-06 05:38:00-05:00,379.73
2023-01-06 05:39:00-05:00,379.7
2023-01-06 05:40:00-05:00,379.77
2023-01-06 05:41:00-05:00,379.84
2023-01-06 05:42:00-05:00,379.93
2023-01-06 05:43:00-05:00,379.91
2023-01-06 05:44:00-05:00,379.84
2023-01-06 05:45:00-05:00,379.86
2023-01-06 05:46:00-05:00,379.8
2023-01-06 05:47:00-05:00,379.72
2023-01-06 05:48:00-05:00,379.73
2023-01-06 05:49:00-05:00,379.8
2023-01-06 05:50:00-05:00,379.85
2023-01-06 05:51:00-05:00,379.7
2023-01-06 05:52:00-05:00,379.64
2023-01-06 05:53:00-05:00,379.67
2023-01-06 05:55:00-05:00,379.62
2023-01-06 05:56:00-05:00,379.55
2023-01-06 05:58:00-05:00,379.57
2023-01-06 05:59:00-05:00,379.4
2023-01-06 06:00:00-05:00,379.38
2023-01-06 06:01:00-05:00,379.33
2023-01-06 06:02:00-05:00,379.37
2023-01-06 06:03:00-05:00,379.55
2023-01-06 06:04:00-05:00,379.62
2023-01-06 06:06:00-05:00,379.65
2023-01-06 06:07:00-05:00,379.67
2023-01-06 06:08:00-05:00,379.63
2023-01-06 06:09:00-05:00,379.78
2023-01-06 06:10:00-05:00,379.8
2023-01-06 06:11:00-05:00,379.89
2023-01-06 06:12:00-05:00,379.8
2023-01-06 06:13:00-05:00,379.8
2023-01-06 06:14:00-05:00,379.82
2023-01-06 06:15:00-05:00,379.82
2023-01-06 06:16:00-05:00,379.82
2023-01-06 06:17:00-05:00,379.84
2023-01-06 06:18:00-05:00,379.86
2023-01-06 06:19:00-05:00,379.92
2023-01-06 06:20:00-05:00,379.96
2023-01-06 06:21:00-05:00,380.0
2023-01-06 06:22:00-05:00,380.0
2023-01-06 06:23:00-05:00,380.04
2023-01-06 06:24:00-05:00,379.94
2023-01-06 06:25:00-05:00,379.98
2023-01-06 06:26:00-05:00,379.85
2023-01-06 06:27:00-05:00,379.82
2023-01-06 06:28:00-05:00,379.77
2023-01-06 06:29:00-05:00,379.78
2023-01-06 06:30:00-05:00,379.89
2023-01-06 06:32:00-05:00,379.78
2023-01-06 06:33:00-05:00,379.72
2023-01-06 06:34:00-05:00,379.71
2023-01-06 06:35:00-05:00,379.68
2023-01-06 06:36:00-05:00,379.67
2023-01-06 06:37:00-05:00,379.58
2023-01-06 06:38:00-05:00,379.46
2023-01-06 06:39:00-05:00,379.44
2023-01-06 06:40:00-05:00,379.44
2023-01-06 06:41:00-05:00,379.39
2023-01-06 06:42:00-05:00,379.36
2023-01-06 06:43:00-05:00,379.35
2023-01-06 06:44:00-05:00,379.49
2023-01-06 06:45:00-05:00,379.55
2023-01-06 06:46:00-05:00,379.57
2023-01-06 06:47:00-05:00,379.49
2023-01-06 06:48:00-05:00,379.54
2023-01-06 06:49:00-05:00,379.54
2023-01-06 06:50:00-05:00,379.6
2023-01-06 06:51:00-05:00,379.63
2023-01-06 06:52:00-05:00,379.62
2023-01-06 06:53:00-05:00,379.59
2023-01-06 06:54:00-05:00,379.64
2023-01-06 06:56:00-05:00,379.57
2023-01-06 06:57:00-05:00,379.66
2023-01-06 06:58:00-05:00,379.66
2023-01-06 06:59:00-05:00,379.66
2023-01-06 07:00:00-05:00,379.58
2023-01-06 07:01:00-05:00,379.5
2023-01-06 07:02:00-05:00,379.49
2023-01-06 07:03:00-05:00,379.57
2023-01-06 07:04:00-05:00,379.5
2023-01-06 07:05:00-05:00,379.47
2023-01-06 07:06:00-05:00,379.43
2023-01-06 07:07:00-05:00,379.42
2023-01-06 07:08:00-05:00,379.44
2023-01-06 07:09:00-05:00,379.47
2023-01-06 07:10:00-05:00,379.46
2023-01-06 07:11:00-05:00,379.4
2023-01-06 07:12:00-05:00,379.42
2023-01-06 07:13:00-05:00,379.3
2023-01-06 07:14:00-05:00,379.36
2023-01-06 07:15:00-05:00,379.45
2023-01-06 07:16:00-05:00,379.4
2023-01-06 07:17:00-05:00,379.4
2023-01-06 07:18:00-05:00,379.33
2023-01-06 07:19:00-05:00,379.44
2023-01-06 07:20:00-05:00,379.45
2023-01-06 07:21:00-05:00,379.46
2023-01-06 07:22:00-05:00,379.46
2023-01-06 07:23:00-05:00,379.53
2023-01-06 07:24:00-05:00,379.56
2023-01-06 07:25:00-05:00,379.65
2023-01-06 07:26:00-05:00,379.66
2023-01-06 07:27:00-05:00,379.65
2023-01-06 07:28:00-05:00,379.51
2023-01-06 07:29:00-05:00,379.55
2023-01-06 07:30:00-05:00,379.59
2023-01-06 07:31:00-05:00,379.61
2023-01-06 07:32:00-05:00,379.65
2023-01-06 07:33:00-05:00,379.51
2023-01-06 07:34:00-05:00,379.52
2023-01-06 07:35:00-05:00,379.54
2023-01-06 07:36:00-05:00,379.5
2023-01-06 07:37:00-05:00,379.46
2023-01-06 07:38:00-05:00,379.41
2023-01-06 07:39:00-05:00,379.36
2023-01-06 07:40:00-05:00,379.43
2023-01-06 07:41:00-05:00,379.43
2023-01-06 07:42:00-05:00,379.45
2023-01-06 07:43:00-05:00,379.38
2023-01-06 07:44:00-05:00,379.33
2023-01-06 07:45:00-05:00,379.22
2023-01-06 07:46:00-05:00,379.26
2023-01-06 07:47:00-05:00,379.29
2023-01-06 07:48:00-05:00,379.28
2023-01-06 07:49:00-05:00,379.34
2023-01-06 07:50:00-05:00,379.42
2023-01-06 07:51:00-05:00,379.46
2023-01-06 07:52:00-05:00,379.33
2023-01-06 07:53:00-05:00,379.4
2023-01-06 07:54:00-05:00,379.65
2023-01-06 07:55:00-05:00,379.58
2023-01-06 07:56:00-05:00,379.58
2023-01-06 07:57:00-05:00,379.52
2023-01-06 07:58:00-05:00,379.52
2023-01-06 07:59:00-05:00,379.48
2023-01-06 08:00:00-05:00,380.0285
2023-01-06 08:01:00-05:00,381.25
2023-01-06 08:02:00-05:00,379.17
2023-01-06 08:03:00-05:00,379.15
2023-01-06 08:04:00-05:00,379.07
2023-01-06 08:05:00-05:00,379.05
2023-01-06 08:06:00-05:00,379.14
2023-01-06 08:07:00-05:00,379.17
2023-01-06 08:08:00-05:00,379.13
2023-01-06 08:09:00-05:00,379.25
2023-01-06 08:10:00-05:00,379.35
2023-01-06 08:11:00-05:00,379.35
2023-01-06 08:12:00-05:00,379.41
2023-01-06 08:13:00-05:00,379.39
2023-01-06 08:14:00-05:00,379.28
2023-01-06 08:15:00-05:00,379.23
2023-01-06 08:16:00-05:00,379.15
2023-01-06 08:17:00-05:00,379.04
2023-01-06 08:18:00-05:00,378.94
2023-01-06 08:19:00-05:00,378.72
2023-01-06 08:20:00-05:00,378.61
2023-01-06 08:21:00-05:00,378.62
2023-01-06 08:22:00-05:00,378.65
2023-01-06 08:23:00-05:00,378.92
2023-01-06 08:24:00-05:00,378.94
2023-01-06 08:25:00-05:00,378.95
2023-01-06 08:26:00-05:00,379.22
2023-01-06 08:27:00-05:00,379.2
2023-01-06 08:28:00-05:00,379.15
2023-01-06 08:29:00-05:00,379.38
2023-01-06 08:30:00-05:00,383.78
2023-01-06 08:31:00-05:00,381.98
2023-01-06 08:32:00-05:00,381.6
2023-01-06 08:33:00-05:00,381.44
2023-01-06 08:34:00-05:00,380.91
2023-01-06 08:35:00-05:00,381.29
2023-01-06 08:36:00-05:00,381.11
2023-01-06 08:37:00-05:00,380.89
2023-01-06 08:38:00-05:00,381.4
2023-01-06 08:39:00-05:00,381.1
2023-01-06 08:40:00-05:00,381.19
2023-01-06 08:41:00-05:00,381.48
2023-01-06 08:42:00-05:00,381.8
2023-01-06 08:43:00-05:00,382.0
2023-01-06 08:44:00-05:00,382.25
2023-01-06 08:45:00-05:00,383.12
2023-01-06 08:46:00-05:00,383.03
2023-01-06 08:47:00-05:00,383.19
2023-01-06 08:48:00-05:00,383.11
2023-01-06 08:49:00-05:00,383.01
2023-01-06 08:50:00-05:00,382.99
2023-01-06 08:51:00-05:00,383.46
2023-01-06 08:52:00-05:00,384.04
2023-01-06 08:53:00-05:00,384.0401
2023-01-06 08:54:00-05:00,383.91
2023-01-06 08:55:00-05:00,383.74
2023-01-06 08:56:00-05:00,383.49
2023-01-06 08:57:00-05:00,383.3
2023-01-06 08:58:00-05:00,383.89
2023-01-06 08:59:00-05:00,383.85
2023-01-06 09:00:00-05:00,383.82
2023-01-06 09:01:00-05:00,383.4
2023-01-06 09:02:00-05:00,383.77
2023-01-06 09:03:00-05:00,383.89
2023-01-06 09:04:00-05:00,383.79
2023-01-06 09:05:00-05:00,383.62
2023-01-06 09:06:00-05:00,383.5
2023-01-06 09:07:00-05:00,383.2
2023-01-06 09:08:00-05:00,383.0
2023-01-06 09:09:00-05:00,382.75
2023-01-06 09:10:00-05:00,382.99
2023-01-06 09:11:00-05:00,382.9
2023-01-06 09:12:00-05:00,382.76
2023-01-06 09:13:00-05:00,383.0
2023-01-06 09:14:00-05:00,383.0
2023-01-06 09:30:00-05:00,382.2601013183594
2023-01-06 09:31:00-05:00,382.3599853515625
2023-01-06 09:32:00-05:00,382.9200134277344
2023-01-06 09:33:00-05:00,383.3299865722656
2023-01-06 09:34:00-05:00,383.6300048828125
2023-01-06 09:35:00-05:00,383.9599914550781
2023-01-06 09:36:00-05:00,383.8699951171875
2023-01-06 09:37:00-05:00,383.2900085449219
2023-01-06 09:38:00-05:00,382.4200134277344
2023-01-06 09:39:00-05:00,381.6700134277344
2023-01-06 09:40:00-05:00,381.5499877929688
2023-01-06 09:41:00-05:00,381.6199951171875
2023-01-06 09:42:00-05:00,381.375
2023-01-06 09:43:00-05:00,381.0199890136719
2023-01-06 09:44:00-05:00,380.3699951171875
2023-01-06 09:45:00-05:00,380.2099914550781
2023-01-06 09:46:00-05:00,380.1400146484375
2023-01-06 09:47:00-05:00,380.2999877929688
2023-01-06 09:48:00-05:00,380.1499938964844
2023-01-06 09:49:00-05:00,380.1799926757813
2023-01-06 09:50:00-05:00,380.2200012207031
2023-01-06 09:51:00-05:00,380.7200012207031
2023-01-06 09:52:00-05:00,380.8699951171875
2023-01-06 09:53:00-05:00,380.9800109863281
2023-01-06 09:54:00-05:00,381.0700073242188
2023-01-06 09:55:00-05:00,381.3900146484375
2023-01-06 09:56:00-05:00,381.5199890136719
2023-01-06 09:57:00-05:00,381.1358947753906
2023-01-06 09:58:00-05:00,380.8349914550781
2023-01-06 09:59:00-05:00,380.8999938964844
2023-01-06 10:00:00-05:00,382.3299865722656
2023-01-06 10:01:00-05:00,381.9500122070313
2023-01-06 10:02:00-05:00,382.9100036621094
2023-01-06 10:03:00-05:00,382.8500061035156
2023-01-06 10:04:00-05:00,381.5400085449219
2023-01-06 10:05:00-05:00,382.1499938964844
2023-01-06 10:06:00-05:00,382.2099914550781
2023-01-06 10:07:00-05:00,382.4599914550781
2023-01-06 10:08:00-05:00,383.0499877929688
2023-01-06 10:09:00-05:00,383.3500061035156
2023-01-06 10:10:00-05:00,383.1400146484375
2023-01-06 10:11:00-05:00,383.3299865722656
2023-01-06 10:12:00-05:00,383.4299926757813
2023-01-06 10:13:00-05:00,383.4500122070313
2023-01-06 10:14:00-05:00,383.1600036621094
2023-01-06 10:15:00-05:00,383.4299926757813
2023-01-06 10:16:00-05:00,383.3039855957031
2023-01-06 10:17:00-05:00,383.9400024414063
2023-01-06 10:18:00-05:00,383.7900085449219
2023-01-06 10:19:00-05:00,383.80999755859375
2023-01-06 10:20:00-05:00,383.7799987792969
2023-01-06 10:21:00-05:00,383.6600036621094
2023-01-06 10:22:00-05:00,383.5400085449219
2023-01-06 10:23:00-05:00,383.3900146484375
2023-01-06 10:24:00-05:00,383.5299987792969
2023-01-06 10:25:00-05:00,383.5299987792969
2023-01-06 10:26:00-05:00,383.3100891113281
2023-01-06 10:27:00-05:00,383.1099853515625
2023-01-06 10:28:00-05:00,383.0199890136719
2023-01-06 10:29:00-05:00,382.989990234375
2023-01-06 10:30:00-05:00,383.5799865722656
2023-01-06 10:31:00-05:00,383.6000061035156
2023-01-06 10:32:00-05:00,383.6099853515625
2023-01-06 10:33:00-05:00,383.75
2023-01-06 10:34:00-05:00,383.7900085449219
2023-01-06 10:35:00-05:00,383.8599853515625
2023-01-06 10:36:00-05:00,384.2999877929688
2023-01-06 10:37:00-05:00,384.6300048828125
2023-01-06 10:38:00-05:00,384.625
2023-01-06 10:39:00-05:00,384.6900024414063
2023-01-06 10:40:00-05:00,384.8500061035156
2023-01-06 10:41:00-05:00,385.0199890136719
2023-01-06 10:42:00-05:00,385.0499877929688
2023-01-06 10:43:00-05:00,385.0
2023-01-06 10:44:00-05:00,384.6300048828125
2023-01-06 10:45:00-05:00,384.4299926757813
2023-01-06 10:46:00-05:00,384.55999755859375
2023-01-06 10:47:00-05:00,384.6700134277344
2023-01-06 10:48:00-05:00,384.75
2023-01-06 10:49:00-05:00,385.25
2023-01-06 10:50:00-05:00,385.3298950195313
2023-01-06 10:51:00-05:00,385.3299865722656
2023-01-06 10:53:00-05:00,385.2749938964844
2023-01-06 10:54:00-05:00,385.3299865722656
2023-01-06 10:55:00-05:00,385.2300109863281
2023-01-06 10:56:00-05:00,385.3800048828125
2023-01-06 10:57:00-05:00,385.3299865722656
2023-01-06 10:58:00-05:00,385.4400024414063
2023-01-06 10:59:00-05:00,385.5700073242188
2023-01-06 11:00:00-05:00,385.5
2023-01-06 11:01:00-05:00,385.4800109863281
2023-01-06 11:02:00-05:00,385.6799926757813
2023-01-06 11:03:00-05:00,385.7300109863281
2023-01-06 11:04:00-05:00,385.6449890136719
2023-01-06 11:05:00-05:00,385.7950134277344
2023-01-06 11:06:00-05:00,386.0299987792969
2023-01-06 11:07:00-05:00,386.1099853515625
2023-01-06 11:08:00-05:00,385.8200073242188
2023-01-06 11:09:00-05:00,385.8399963378906
2023-01-06 11:10:00-05:00,385.9299926757813
2023-01-06 11:11:00-05:00,385.8599853515625
2023-01-06 11:12:00-05:00,385.6700134277344
2023-01-06 11:13:00-05:00,385.6300048828125
2023-01-06 11:14:00-05:00,385.4400024414063
2023-01-06 11:15:00-05:00,385.6099853515625
2023-01-06 11:16:00-05:00,385.5801086425781
2023-01-06 11:17:00-05:00,385.3299865722656
2023-01-06 11:18:00-05:00,385.2999877929688
2023-01-06 11:19:00-05:00,385.3150024414063
2023-01-06 11:20:00-05:00,385.5299987792969
2023-01-06 11:21:00-05:00,385.7200012207031
2023-01-06 11:22:00-05:00,385.760009765625
2023-01-06 11:23:00-05:00,385.7749938964844
2023-01-06 11:24:00-05:00,385.8599853515625
2023-01-06 11:25:00-05:00,385.8512878417969
2023-01-06 11:26:00-05:00,385.7999877929688
2023-01-06 11:27:00-05:00,385.4599914550781
2023-01-06 11:28:00-05:00,385.55999755859375
2023-01-06 11:29:00-05:00,385.5499877929688
2023-01-06 11:30:00-05:00,385.5350036621094
2023-01-06 11:31:00-05:00,385.2900085449219
2023-01-06 11:32:00-05:00,385.4700012207031
2023-01-06 11:33:00-05:00,385.5899963378906
2023-01-06 11:34:00-05:00,385.6799926757813
2023-01-06 11:35:00-05:00,385.8699951171875
2023-01-06 11:36:00-05:00,385.8501892089844
2023-01-06 11:37:00-05:00,385.6400146484375
2023-01-06 11:38:00-05:00,385.7190856933594
2023-01-06 11:39:00-05:00,385.8250122070313
2023-01-06 11:40:00-05:00,385.8699951171875
2023-01-06 11:41:00-05:00,385.760009765625
2023-01-06 11:42:00-05:00,385.7550048828125
2023-01-06 11:43:00-05:00,385.7300109863281
2023-01-06 11:44:00-05:00,385.6499938964844
2023-01-06 11:45:00-05:00,385.6900024414063
2023-01-06 11:46:00-05:00,385.7699890136719
2023-01-06 11:47:00-05:00,385.7699890136719
2023-01-06 11:48:00-05:00,386.0299987792969
2023-01-06 11:49:00-05:00,385.989990234375
2023-01-06 11:50:00-05:00,386.2200012207031
2023-01-06 11:51:00-05:00,386.6099853515625
2023-01-06 11:52:00-05:00,386.6650085449219
2023-01-06 11:53:00-05:00,386.7200012207031
2023-01-06 11:54:00-05:00,386.6950073242188
2023-01-06 11:55:00-05:00,386.6300048828125
2023-01-06 11:56:00-05:00,386.7200012207031
2023-01-06 11:57:00-05:00,386.7099914550781
2023-01-06 11:58:00-05:00,386.635009765625
2023-01-06 11:59:00-05:00,386.4599914550781
2023-01-06 12:00:00-05:00,386.4500122070313
2023-01-06 12:01:00-05:00,386.510009765625
2023-01-06 12:02:00-05:00,386.4200134277344
2023-01-06 12:03:00-05:00,386.4200134277344
2023-01-06 12:04:00-05:00,386.4400024414063
2023-01-06 12:05:00-05:00,386.4280090332031
2023-01-06 12:06:00-05:00,386.4200134277344
2023-01-06 12:07:00-05:00,386.5
2023-01-06 12:08:00-05:00,386.4100036621094
2023-01-06 12:09:00-05:00,386.364990234375
2023-01-06 12:10:00-05:00,386.5
2023-01-06 12:11:00-05:00,386.5050048828125
2023-01-06 12:12:00-05:00,386.3200073242188
2023-01-06 12:13:00-05:00,386.2099914550781
2023-01-06 12:14:00-05:00,386.1499938964844
2023-01-06 12:15:00-05:00,386.1199951171875
2023-01-06 12:16:00-05:00,386.0199890136719
2023-01-06 12:17:00-05:00,386.010009765625
2023-01-06 12:18:00-05:00,386.2000122070313
2023-01-06 12:19:00-05:00,386.2699890136719
2023-01-06 12:20:00-05:00,386.2049865722656
2023-01-06 12:21:00-05:00,386.1954040527344
2023-01-06 12:22:00-05:00,386.1300048828125
2023-01-06 12:23:00-05:00,385.9209899902344
2023-01-06 12:24:00-05:00,385.6600036621094
2023-01-06 12:25:00-05:00,385.7398986816406
2023-01-06 12:26:00-05:00,385.7000122070313
2023-01-06 12:27:00-05:00,385.6600036621094
2023-01-06 12:28:00-05:00,385.6700134277344
2023-01-06 12:29:00-05:00,385.70989990234375
2023-01-06 12:30:00-05:00,385.8399963378906
2023-01-06 12:31:00-05:00,385.8399963378906
2023-01-06 12:32:00-05:00,385.8699035644531
2023-01-06 12:33:00-05:00,385.68499755859375
2023-01-06 12:34:00-05:00,385.6499938964844
2023-01-06 12:35:00-05:00,385.6499938964844
2023-01-06 12:36:00-05:00,385.6400146484375
2023-01-06 12:37:00-05:00,385.6098937988281
2023-01-06 12:38:00-05:00,385.5
2023-01-06 12:39:00-05:00,385.6650085449219
2023-01-06 12:40:00-05:00,385.6799926757813
2023-01-06 12:41:00-05:00,385.4342041015625
2023-01-06 12:42:00-05:00,385.4400024414063
2023-01-06 12:43:00-05:00,385.4299926757813
2023-01-06 12:44:00-05:00,385.4400024414063
2023-01-06 12:45:00-05:00,385.6600036621094
2023-01-06 12:46:00-05:00,385.6700134277344
2023-01-06 12:47:00-05:00,385.6600036621094
2023-01-06 12:48:00-05:00,385.7300109863281
2023-01-06 12:49:00-05:00,385.6900024414063
2023-01-06 12:50:00-05:00,385.6700134277344
2023-01-06 12:51:00-05:00,385.6400146484375
2023-01-06 12:52:00-05:00,385.4700012207031
2023-01-06 12:53:00-05:00,385.5
2023-01-06 12:54:00-05:00,385.5
2023-01-06 12:55:00-05:00,385.3800048828125
2023-01-06 12:56:00-05:00,385.3800048828125
2023-01-06 12:57:00-05:00,385.3999938964844
2023-01-06 12:58:00-05:00,385.4800109863281
2023-01-06 12:59:00-05:00,385.4800109863281
2023-01-06 13:00:00-05:00,385.5899963378906
2023-01-06 13:01:00-05:00,385.6499938964844
2023-01-06 13:02:00-05:00,385.4500122070313
2023-01-06 13:03:00-05:00,385.510009765625
2023-01-06 13:04:00-05:00,385.4599914550781
2023-01-06 13:05:00-05:00,385.6050109863281
2023-01-06 13:06:00-05:00,385.8599853515625
2023-01-06 13:07:00-05:00,385.8200073242188
2023-01-06 13:08:00-05:00,385.7799987792969
2023-01-06 13:09:00-05:00,385.7049865722656
2023-01-06 13:10:00-05:00,385.739990234375
2023-01-06 13:11:00-05:00,385.6400146484375
2023-01-06 13:12:00-05:00,385.8699951171875
2023-01-06 13:13:00-05:00,385.9700012207031
2023-01-06 13:14:00-05:00,385.8900146484375
2023-01-06 13:15:00-05:00,385.9289855957031
2023-01-06 13:16:00-05:00,385.989990234375
2023-01-06 13:17:00-05:00,385.9299926757813
2023-01-06 13:18:00-05:00,385.8349914550781
2023-01-06 13:19:00-05:00,385.8599853515625
2023-01-06 13:20:00-05:00,385.7998962402344
2023-01-06 13:21:00-05:00,385.8100891113281
2023-01-06 13:22:00-05:00,385.8800048828125
2023-01-06 13:23:00-05:00,385.8200073242188
2023-01-06 13:24:00-05:00,385.9299926757813
2023-01-06 13:25:00-05:00,385.9649963378906
2023-01-06 13:26:00-05:00,386.1700134277344
2023-01-06 13:27:00-05:00,386.2301025390625
2023-01-06 13:28:00-05:00,386.1799926757813
2023-01-06 13:29:00-05:00,386.1499938964844
2023-01-06 13:30:00-05:00,386.260009765625
2023-01-06 13:31:00-05:00,386.2000122070313
2023-01-06 13:32:00-05:00,386.3599853515625
2023-01-06 13:33:00-05:00,386.4299926757813
2023-01-06 13:34:00-05:00,386.489990234375
2023-01-06 13:35:00-05:00,386.4700012207031
2023-01-06 13:36:00-05:00,386.3949890136719
2023-01-06 13:37:00-05:00,386.489990234375
2023-01-06 13:38:00-05:00,386.5400085449219
2023-01-06 13:39:00-05:00,386.55999755859375
2023-01-06 13:40:00-05:00,386.7200012207031
2023-01-06 13:41:00-05:00,386.8299865722656
2023-01-06 13:42:00-05:00,386.8500061035156
2023-01-06 13:43:00-05:00,386.4700012207031
2023-01-06 13:44:00-05:00,386.5400085449219
2023-01-06 13:45:00-05:00,386.5549926757813
2023-01-06 13:46:00-05:00,386.5090942382813
2023-01-06 13:47:00-05:00,386.5499877929688
2023-01-06 13:48:00-05:00,386.5849914550781
2023-01-06 13:49:00-05:00,386.5400085449219
2023-01-06 13:50:00-05:00,386.5299987792969
2023-01-06 13:51:00-05:00,386.3900146484375
2023-01-06 13:52:00-05:00,386.4800109863281
2023-01-06 13:53:00-05:00,386.4299926757813
2023-01-06 13:54:00-05:00,386.489990234375
2023-01-06 13:55:00-05:00,386.6199951171875
2023-01-06 13:56:00-05:00,386.7000122070313
2023-01-06 13:57:00-05:00,386.760009765625
2023-01-06 13:58:00-05:00,386.8200073242188
2023-01-06 13:59:00-05:00,386.739990234375
2023-01-06 14:00:00-05:00,387.0299987792969
2023-01-06 14:01:00-05:00,387.0400085449219
2023-01-06 14:02:00-05:00,387.0
2023-01-06 14:03:00-05:00,386.9599914550781
2023-01-06 14:04:00-05:00,387.0899963378906
2023-01-06 14:05:00-05:00,387.1099853515625
2023-01-06 14:06:00-05:00,387.1099853515625
2023-01-06 14:07:00-05:00,387.0700073242188
2023-01-06 14:08:00-05:00,386.9989013671875
2023-01-06 14:09:00-05:00,387.1199951171875
2023-01-06 14:10:00-05:00,387.2300109863281
2023-01-06 14:11:00-05:00,387.3299865722656
2023-01-06 14:12:00-05:00,387.6300048828125
2023-01-06 14:13:00-05:00,387.5750122070313
2023-01-06 14:14:00-05:00,387.5400085449219
2023-01-06 14:15:00-05:00,387.6600036621094
2023-01-06 14:16:00-05:00,387.6199951171875
2023-01-06 14:17:00-05:00,387.6449890136719
2023-01-06 14:18:00-05:00,387.6499938964844
2023-01-06 14:19:00-05:00,387.8200073242188
2023-01-06 14:20:00-05:00,388.04888916015625
2023-01-06 14:21:00-05:00,388.1199951171875
2023-01-06 14:22:00-05:00,388.114990234375
2023-01-06 14:23:00-05:00,388.1199951171875
2023-01-06 14:24:00-05:00,388.1400146484375
2023-01-06 14:25:00-05:00,388.1400146484375
2023-01-06 14:26:00-05:00,388.1050109863281
2023-01-06 14:27:00-05:00,388.0299987792969
2023-01-06 14:28:00-05:00,387.9800109863281
2023-01-06 14:29:00-05:00,387.9049987792969
2023-01-06 14:30:00-05:00,387.8800048828125
2023-01-06 14:31:00-05:00,387.8999938964844
2023-01-06 14:32:00-05:00,387.9750061035156
2023-01-06 14:33:00-05:00,388.0799865722656
2023-01-06 14:34:00-05:00,388.0750122070313
2023-01-06 14:35:00-05:00,387.9649963378906
2023-01-06 14:36:00-05:00,388.0450134277344
2023-01-06 14:37:00-05:00,388.0899963378906
2023-01-06 14:38:00-05:00,388.2669067382813
2023-01-06 14:39:00-05:00,388.3800048828125
2023-01-06 14:40:00-05:00,388.2650146484375
2023-01-06 14:41:00-05:00,388.2550048828125
2023-01-06 14:42:00-05:00,388.2799987792969
2023-01-06 14:43:00-05:00,388.3299865722656
2023-01-06 14:44:00-05:00,388.3900146484375
2023-01-06 14:45:00-05:00,388.3200073242188
2023-01-06 14:46:00-05:00,388.2650146484375
2023-01-06 14:47:00-05:00,388.1099853515625
2023-01-06 14:48:00-05:00,388.2699890136719
2023-01-06 14:49:00-05:00,388.2999877929688
2023-01-06 14:50:00-05:00,388.2999877929688
2023-01-06 14:51:00-05:00,388.4798889160156
2023-01-06 14:52:00-05:00,388.5199890136719
2023-01-06 14:53:00-05:00,388.5400085449219
2023-01-06 14:54:00-05:00,388.7000122070313
2023-01-06 14:55:00-05:00,388.7900085449219
2023-01-06 14:56:00-05:00,388.7349853515625
2023-01-06 14:57:00-05:00,388.68499755859375
2023-01-06 14:58:00-05:00,388.6650085449219
2023-01-06 14:59:00-05:00,388.6700134277344
2023-01-06 15:00:00-05:00,388.6600036621094
2023-01-06 15:01:00-05:00,388.8999938964844
2023-01-06 15:02:00-05:00,389.0050048828125
2023-01-06 15:03:00-05:00,389.1050109863281
2023-01-06 15:04:00-05:00,389.2000122070313
2023-01-06 15:05:00-05:00,389.1099853515625
2023-01-06 15:06:00-05:00,389.1199951171875
2023-01-06 15:07:00-05:00,389.1700134277344
2023-01-06 15:08:00-05:00,389.1799926757813
2023-01-06 15:09:00-05:00,389.1499938964844
2023-01-06 15:10:00-05:00,389.1900024414063
2023-01-06 15:11:00-05:00,389.1600036621094
2023-01-06 15:12:00-05:00,389.010009765625
2023-01-06 15:13:00-05:00,389.010009765625
2023-01-06 15:14:00-05:00,389.0700073242188
2023-01-06 15:15:00-05:00,389.25
2023-01-06 15:16:00-05:00,389.2200012207031
2023-01-06 15:17:00-05:00,389.1650085449219
2023-01-06 15:18:00-05:00,388.9599914550781
2023-01-06 15:19:00-05:00,388.7999877929688
2023-01-06 15:20:00-05:00,388.76708984375
2023-01-06 15:21:00-05:00,388.4599914550781
2023-01-06 15:22:00-05:00,388.5700073242188
2023-01-06 15:23:00-05:00,388.6600036621094
2023-01-06 15:24:00-05:00,388.635009765625
2023-01-06 15:25:00-05:00,388.6419982910156
2023-01-06 15:26:00-05:00,388.5650024414063
2023-01-06 15:27:00-05:00,388.4599914550781
2023-01-06 15:28:00-05:00,388.5398864746094
2023-01-06 15:29:00-05:00,388.4400024414063
2023-01-06 15:30:00-05:00,388.7000122070313
2023-01-06 15:31:00-05:00,388.8699951171875
2023-01-06 15:32:00-05:00,388.9599914550781
2023-01-06 15:33:00-05:00,388.8450012207031
2023-01-06 15:34:00-05:00,388.80999755859375
2023-01-06 15:35:00-05:00,388.8200073242188
2023-01-06 15:36:00-05:00,388.7950134277344
2023-01-06 15:37:00-05:00,388.6600036621094
2023-01-06 15:38:00-05:00,388.6650085449219
2023-01-06 15:39:00-05:00,388.7799987792969
2023-01-06 15:40:00-05:00,388.8250122070313
2023-01-06 15:41:00-05:00,388.8999938964844
2023-01-06 15:42:00-05:00,388.9599914550781
2023-01-06 15:43:00-05:00,388.9100036621094
2023-01-06 15:44:00-05:00,388.8500061035156
2023-01-06 15:45:00-05:00,389.0400085449219
2023-01-06 15:46:00-05:00,389.0700073242188
2023-01-06 15:47:00-05:00,389.0299987792969
2023-01-06 15:48:00-05:00,388.9649963378906
2023-01-06 15:49:00-05:00,388.9299926757813
2023-01-06 15:50:00-05:00,388.5299987792969
2023-01-06 15:51:00-05:00,388.2000122070313
2023-01-06 15:52:00-05:00,388.2106018066406
2023-01-06 15:53:00-05:00,388.2300109863281
2023-01-06 15:54:00-05:00,388.0700073242188
2023-01-06 15:55:00-05:00,388.3200073242188
2023-01-06 15:56:00-05:00,388.0499877929688
2023-01-06 15:57:00-05:00,388.0299987792969
2023-01-06 15:58:00-05:00,387.9299926757813
2023-01-06 15:59:00-05:00,388.1400146484375
2023-01-06 16:00:00-05:00,388.18
2023-01-06 16:01:00-05:00,388.12
2023-01-06 16:02:00-05:00,388.06
2023-01-06 16:03:00-05:00,387.95
2023-01-06 16:04:00-05:00,387.9
2023-01-06 16:05:00-05:00,388.08
2023-01-06 16:06:00-05:00,388.8412
2023-01-06 16:07:00-05:00,387.95
2023-01-06 16:08:00-05:00,388.0772
2023-01-06 16:09:00-05:00,387.92
2023-01-06 16:10:00-05:00,388.08
2023-01-06 16:11:00-05:00,388.08
2023-01-06 16:12:00-05:00,390.0
2023-01-06 16:13:00-05:00,387.91
2023-01-06 16:14:00-05:00,387.8
2023-01-06 16:15:00-05:00,387.79
2023-01-06 16:16:00-05:00,388.0
2023-01-06 16:17:00-05:00,387.955
2023-01-06 16:18:00-05:00,387.9
2023-01-06 16:19:00-05:00,388.08
2023-01-06 16:20:00-05:00,387.85
2023-01-06 16:21:00-05:00,387.84
2023-01-06 16:22:00-05:00,387.85
2023-01-06 16:23:00-05:00,387.85
2023-01-06 16:24:00-05:00,387.92
2023-01-06 16:25:00-05:00,387.88
2023-01-06 16:26:00-05:00,387.87
2023-01-06 16:27:00-05:00,387.86
2023-01-06 16:28:00-05:00,387.86
2023-01-06 16:29:00-05:00,387.86
2023-01-06 16:30:00-05:00,387.83
2023-01-06 16:31:00-05:00,387.87
2023-01-06 16:32:00-05:00,387.87
2023-01-06 16:33:00-05:00,387.82
2023-01-06 16:34:00-05:00,387.85
2023-01-06 16:35:00-05:00,387.87
2023-01-06 16:36:00-05:00,387.82
2023-01-06 16:37:00-05:00,387.83
2023-01-06 16:38:00-05:00,387.85
2023-01-06 16:39:00-05:00,388.08
2023-01-06 16:40:00-05:00,387.82
2023-01-06 16:41:00-05:00,387.87
2023-01-06 16:42:00-05:00,388.08
2023-01-06 16:43:00-05:00,387.88
2023-01-06 16:44:00-05:00,387.915
2023-01-06 16:45:00-05:00,387.9
2023-01-06 16:46:00-05:00,387.86
2023-01-06 16:47:00-05:00,387.85
2023-01-06 16:48:00-05:00,387.84
2023-01-06 16:49:00-05:00,387.83
2023-01-06 16:50:00-05:00,387.81
2023-01-06 16:51:00-05:00,387.82
2023-01-06 16:52:00-05:00,388.08
2023-01-06 16:53:00-05:00,387.81
2023-01-06 16:54:00-05:00,387.81
2023-01-06 16:55:00-05:00,387.79
2023-01-06 16:56:00-05:00,387.81
2023-01-06 16:57:00-05:00,387.82
2023-01-06 16:58:00-05:00,387.82
2023-01-06 16:59:00-05:00,387.79
2023-01-06 17:00:00-05:00,387.79
2023-01-06 17:01:00-05:00,387.79
2023-01-06 17:02:00-05:00,387.85
2023-01-06 17:03:00-05:00,387.83
2023-01-06 17:04:00-05:00,387.81
2023-01-06 17:05:00-05:00,387.8
2023-01-06 17:06:00-05:00,387.8
2023-01-06 17:07:00-05:00,387.8
2023-01-06 17:08:00-05:00,387.7999
2023-01-06 17:09:00-05:00,387.8
2023-01-06 17:10:00-05:00,387.85
2023-01-06 17:11:00-05:00,387.85
2023-01-06 17:12:00-05:00,387.85
2023-01-06 17:13:00-05:00,387.83
2023-01-06 17:14:00-05:00,387.825
2023-01-06 17:15:00-05:00,387.84
2023-01-06 17:16:00-05:00,387.83
2023-01-06 17:17:00-05:00,387.82
2023-01-06 17:18:00-05:00,387.82
2023-01-06 17:19:00-05:00,387.82
2023-01-06 17:20:00-05:00,388.0
2023-01-06 17:21:00-05:00,387.82
2023-01-06 17:22:00-05:00,387.82
2023-01-06 17:23:00-05:00,387.85
2023-01-06 17:24:00-05:00,387.8483
2023-01-06 17:25:00-05:00,387.85
2023-01-06 17:26:00-05:00,387.84
2023-01-06 17:27:00-05:00,387.84
2023-01-06 17:28:00-05:00,387.84
2023-01-06 17:29:00-05:00,387.825
2023-01-06 17:30:00-05:00,387.84
2023-01-06 17:31:00-05:00,387.85
2023-01-06 17:32:00-05:00,387.85
2023-01-06 17:33:00-05:00,387.84
2023-01-06 17:34:00-05:00,387.84
2023-01-06 17:35:00-05:00,387.84
2023-01-06 17:36:00-05:00,387.81
2023-01-06 17:37:00-05:00,387.84
2023-01-06 17:38:00-05:00,387.83
2023-01-06 17:39:00-05:00,387.8
2023-01-06 17:40:00-05:00,387.78
2023-01-06 17:41:00-05:00,387.72
2023-01-06 17:42:00-05:00,387.66
2023-01-06 17:43:00-05:00,387.85
2023-01-06 17:44:00-05:00,387.865
2023-01-06 17:45:00-05:00,387.86
2023-01-06 17:46:00-05:00,387.89
2023-01-06 17:47:00-05:00,387.86
2023-01-06 17:48:00-05:00,387.88
2023-01-06 17:49:00-05:00,387.89
2023-01-06 17:50:00-05:00,387.895
2023-01-06 17:51:00-05:00,387.8
2023-01-06 17:52:00-05:00,387.8
2023-01-06 17:53:00-05:00,387.84
2023-01-06 17:54:00-05:00,387.84
2023-01-06 17:55:00-05:00,387.84
2023-01-06 17:56:00-05:00,387.84
2023-01-06 17:57:00-05:00,387.83
2023-01-06 17:58:00-05:00,387.82
2023-01-06 17:59:00-05:00,387.83
2023-01-06 18:00:00-05:00,387.83
2023-01-06 18:01:00-05:00,387.85
2023-01-06 18:02:00-05:00,387.88
2023-01-06 18:03:00-05:00,387.87
2023-01-06 18:04:00-05:00,387.86
2023-01-06 18:05:00-05:00,387.87
2023-01-06 18:06:00-05:00,387.87
2023-01-06 18:07:00-05:00,387.87
2023-01-06 18:08:00-05:00,387.87
2023-01-06 18:09:00-05:00,387.87
2023-01-06 18:10:00-05:00,387.86
2023-01-06 18:11:00-05:00,387.86
2023-01-06 18:12:00-05:00,387.855
2023-01-06 18:13:00-05:00,387.85
2023-01-06 18:14:00-05:00,387.86
2023-01-06 18:15:00-05:00,387.86
2023-01-06 18:16:00-05:00,387.85
2023-01-06 18:17:00-05:00,387.85
2023-01-06 18:18:00-05:00,387.85
2023-01-06 18:19:00-05:00,387.85
2023-01-06 18:20:00-05:00,387.85
2023-01-06 18:21:00-05:00,387.99
2023-01-06 18:22:00-05:00,387.85
2023-01-06 18:23:00-05:00,387.83
2023-01-06 18:24:00-05:00,387.82
2023-01-06 18:25:00-05:00,387.82
2023-01-06 18:26:00-05:00,387.9
2023-01-06 18:27:00-05:00,387.85
2023-01-06 18:28:00-05:00,387.84
2023-01-06 18:29:00-05:00,387.86
2023-01-06 18:30:00-05:00,387.81
2023-01-06 18:31:00-05:00,387.78
2023-01-06 18:32:00-05:00,387.81
2023-01-06 18:33:00-05:00,388.3101
2023-01-06 18:34:00-05:00,389.0701
2023-01-06 18:35:00-05:00,387.775
2023-01-06 18:36:00-05:00,387.79
2023-01-06 18:37:00-05:00,387.81
2023-01-06 18:38:00-05:00,387.81
2023-01-06 18:39:00-05:00,387.83
2023-01-06 18:40:00-05:00,387.83
2023-01-06 18:41:00-05:00,387.85
2023-01-06 18:42:00-05:00,387.84
2023-01-06 18:43:00-05:00,387.85
2023-01-06 18:44:00-05:00,387.83
2023-01-06 18:45:00-05:00,387.85
2023-01-06 18:46:00-05:00,387.85
2023-01-06 18:47:00-05:00,387.85
2023-01-06 18:48:00-05:00,387.85
2023-01-06 18:49:00-05:00,387.85
2023-01-06 18:50:00-05:00,387.83
2023-01-06 18:51:00-05:00,387.8
2023-01-06 18:52:00-05:00,387.8
2023-01-06 18:53:00-05:00,387.79
2023-01-06 18:54:00-05:00,387.78
2023-01-06 18:55:00-05:00,387.79
2023-01-06 18:56:00-05:00,387.7801
2023-01-06 18:57:00-05:00,387.79
2023-01-06 18:58:00-05:00,387.79
2023-01-06 18:59:00-05:00,387.78
2023-01-06 19:00:00-05:00,387.79
2023-01-06 19:01:00-05:00,387.79
2023-01-06 19:02:00-05:00,387.79
2023-01-06 19:03:00-05:00,387.83
2023-01-06 19:04:00-05:00,387.83
2023-01-06 19:05:00-05:00,387.83
2023-01-06 19:06:00-05:00,387.81
2023-01-06 19:07:00-05:00,387.81
2023-01-06 19:08:00-05:00,387.79
2023-01-06 19:09:00-05:00,387.79
2023-01-06 19:10:00-05:00,387.75
2023-01-06 19:11:00-05:00,387.77
2023-01-06 19:12:00-05:00,387.76
2023-01-06 19:13:00-05:00,387.76
2023-01-06 19:14:00-05:00,387.77
2023-01-06 19:15:00-05:00,387.75
2023-01-06 19:16:00-05:00,387.68
2023-01-06 19:17:00-05:00,387.64
2023-01-06 19:18:00-05:00,387.63
2023-01-06 19:19:00-05:00,387.65
2023-01-06 19:20:00-05:00,387.65
2023-01-06 19:21:00-05:00,387.63
2023-01-06 19:22:00-05:00,387.62
2023-01-06 19:23:00-05:00,387.59
2023-01-06 19:24:00-05:00,387.59
2023-01-06 19:25:00-05:00,387.62
2023-01-06 19:26:00-05:00,387.7
2023-01-06 19:27:00-05:00,387.68
2023-01-06 19:28:00-05:00,387.65
2023-01-06 19:29:00-05:00,387.64
2023-01-06 19:30:00-05:00,387.62
2023-01-06 19:31:00-05:00,387.62
2023-01-06 19:32:00-05:00,387.65
2023-01-06 19:33:00-05:00,387.66
2023-01-06 19:34:00-05:00,387.7
2023-01-06 19:35:00-05:00,387.7
2023-01-06 19:36:00-05:00,387.68
2023-01-06 19:37:00-05:00,387.68
2023-01-06 19:38:00-05:00,387.67
2023-01-06 19:39:00-05:00,387.67
2023-01-06 19:40:00-05:00,387.69
2023-01-06 19:41:00-05:00,387.68
2023-01-06 19:42:00-05:00,387.68
2023-01-06 19:43:00-05:00,387.67
2023-01-06 19:44:00-05:00,387.67
2023-01-06 19:45:00-05:00,387.68
2023-01-06 19:46:00-05:00,387.68
2023-01-06 19:47:00-05:00,387.67
2023-01-06 19:48:00-05:00,387.67
2023-01-06 19:49:00-05:00,387.66
2023-01-06 19:50:00-05:00,387.65
2023-01-06 19:51:00-05:00,387.63
2023-01-06 19:52:00-05:00,387.62
2023-01-06 19:53:00-05:00,387.6
2023-01-06 19:54:00-05:00,387.59
2023-01-06 19:55:00-05:00,387.58
2023-01-06 19:56:00-05:00,387.59
2023-01-06 19:57:00-05:00,387.6
2023-01-06 19:58:00-05:00,387.58
2023-01-06 19:59:00-05:00,387.58
2023-01-09 04:00:00-05:00,389.18
2023-01-09 04:01:00-05:00,388.65
2023-01-09 04:02:00-05:00,388.7
2023-01-09 04:03:00-05:00,388.76
2023-01-09 04:04:00-05:00,388.86
2023-01-09 04:05:00-05:00,388.93
2023-01-09 04:06:00-05:00,388.95
2023-01-09 04:07:00-05:00,388.85
2023-01-09 04:09:00-05:00,388.77
2023-01-09 04:10:00-05:00,388.79
2023-01-09 04:11:00-05:00,388.89
2023-01-09 04:12:00-05:00,389.0
2023-01-09 04:13:00-05:00,388.97
2023-01-09 04:14:00-05:00,388.95
2023-01-09 04:15:00-05:00,389.01
2023-01-09 04:16:00-05:00,388.91
2023-01-09 04:17:00-05:00,389.13
2023-01-09 04:18:00-05:00,389.18
2023-01-09 04:19:00-05:00,389.25
2023-01-09 04:20:00-05:00,389.25
2023-01-09 04:21:00-05:00,389.3
2023-01-09 04:22:00-05:00,389.3
2023-01-09 04:23:00-05:00,389.24
2023-01-09 04:24:00-05:00,389.35
2023-01-09 04:25:00-05:00,389.5
2023-01-09 04:26:00-05:00,389.55
2023-01-09 04:27:00-05:00,389.33
2023-01-09 04:28:00-05:00,389.33
2023-01-09 04:29:00-05:00,389.33
2023-01-09 04:30:00-05:00,389.34
2023-01-09 04:31:00-05:00,389.34
2023-01-09 04:32:00-05:00,389.35
2023-01-09 04:33:00-05:00,389.48
2023-01-09 04:34:00-05:00,389.45
2023-01-09 04:35:00-05:00,389.43
2023-01-09 04:36:00-05:00,389.55
2023-01-09 04:37:00-05:00,389.5
2023-01-09 04:38:00-05:00,389.51
2023-01-09 04:40:00-05:00,389.49
2023-01-09 04:41:00-05:00,389.52
2023-01-09 04:42:00-05:00,389.5
2023-01-09 04:43:00-05:00,389.5
2023-01-09 04:44:00-05:00,389.79
2023-01-09 04:45:00-05:00,389.8
2023-01-09 04:46:00-05:00,389.72
2023-01-09 04:47:00-05:00,389.77
2023-01-09 04:48:00-05:00,389.77
2023-01-09 04:49:00-05:00,389.73
2023-01-09 04:51:00-05:00,389.71
2023-01-09 04:52:00-05:00,389.57
2023-01-09 04:53:00-05:00,389.45
2023-01-09 04:54:00-05:00,389.44
2023-01-09 04:55:00-05:00,389.4
2023-01-09 04:56:00-05:00,389.48
2023-01-09 04:57:00-05:00,389.42
2023-01-09 04:58:00-05:00,389.37
2023-01-09 04:59:00-05:00,389.4
2023-01-09 05:00:00-05:00,389.43
2023-01-09 05:01:00-05:00,389.35
2023-01-09 05:02:00-05:00,389.4
2023-01-09 05:03:00-05:00,389.35
2023-01-09 05:04:00-05:00,389.34
2023-01-09 05:05:00-05:00,389.38
2023-01-09 05:06:00-05:00,389.4
2023-01-09 05:07:00-05:00,389.5
2023-01-09 05:08:00-05:00,389.59
2023-01-09 05:09:00-05:00,389.48
2023-01-09 05:10:00-05:00,389.49
2023-01-09 05:11:00-05:00,389.52
2023-01-09 05:12:00-05:00,389.5
2023-01-09 05:13:00-05:00,389.65
2023-01-09 05:14:00-05:00,389.69
2023-01-09 05:15:00-05:00,389.6
2023-01-09 05:16:00-05:00,389.59
2023-01-09 05:17:00-05:00,389.65
2023-01-09 05:18:00-05:00,389.68
2023-01-09 05:19:00-05:00,389.8
2023-01-09 05:20:00-05:00,389.75
2023-01-09 05:21:00-05:00,389.83
2023-01-09 05:22:00-05:00,389.85
2023-01-09 05:23:00-05:00,389.89
2023-01-09 05:24:00-05:00,389.83
2023-01-09 05:25:00-05:00,389.9
2023-01-09 05:26:00-05:00,389.88
2023-01-09 05:27:00-05:00,389.88
2023-01-09 05:28:00-05:00,389.72
2023-01-09 05:29:00-05:00,389.71
2023-01-09 05:30:00-05:00,389.74
2023-01-09 05:31:00-05:00,389.69
2023-01-09 05:32:00-05:00,389.72
2023-01-09 05:33:00-05:00,389.55
2023-01-09 05:34:00-05:00,389.54
2023-01-09 05:35:00-05:00,389.65
2023-01-09 05:36:00-05:00,389.6
2023-01-09 05:37:00-05:00,389.55
2023-01-09 05:38:00-05:00,389.55
2023-01-09 05:39:00-05:00,389.42
2023-01-09 05:41:00-05:00,389.42
2023-01-09 05:42:00-05:00,389.5
2023-01-09 05:43:00-05:00,389.52
2023-01-09 05:44:00-05:00,389.51
2023-01-09 05:47:00-05:00,389.5
2023-01-09 05:48:00-05:00,389.5
2023-01-09 05:49:00-05:00,389.5
2023-01-09 05:50:00-05:00,389.52
2023-01-09 05:51:00-05:00,389.44
2023-01-09 05:53:00-05:00,389.5
2023-01-09 05:54:00-05:00,389.5
2023-01-09 05:57:00-05:00,389.67
2023-01-09 05:58:00-05:00,389.65
2023-01-09 05:59:00-05:00,389.71
2023-01-09 06:00:00-05:00,389.59
2023-01-09 06:01:00-05:00,389.5
2023-01-09 06:02:00-05:00,389.65
2023-01-09 06:03:00-05:00,389.75
2023-01-09 06:04:00-05:00,389.83
2023-01-09 06:05:00-05:00,389.72
2023-01-09 06:06:00-05:00,389.59
2023-01-09 06:07:00-05:00,389.54
2023-01-09 06:08:00-05:00,389.65
2023-01-09 06:09:00-05:00,389.63
2023-01-09 06:10:00-05:00,389.56
2023-01-09 06:11:00-05:00,389.5
2023-01-09 06:12:00-05:00,389.5
2023-01-09 06:13:00-05:00,389.55
2023-01-09 06:14:00-05:00,389.62
2023-01-09 06:15:00-05:00,389.58
2023-01-09 06:16:00-05:00,389.63
2023-01-09 06:17:00-05:00,389.55
2023-01-09 06:18:00-05:00,389.55
2023-01-09 06:19:00-05:00,389.52
2023-01-09 06:20:00-05:00,389.38
2023-01-09 06:21:00-05:00,389.3
2023-01-09 06:22:00-05:00,389.31
2023-01-09 06:23:00-05:00,389.33
2023-01-09 06:24:00-05:00,389.34
2023-01-09 06:25:00-05:00,389.33
2023-01-09 06:26:00-05:00,389.35
2023-01-09 06:27:00-05:00,389.38
2023-01-09 06:28:00-05:00,389.41
2023-01-09 06:29:00-05:00,389.44
2023-01-09 06:30:00-05:00,389.39
2023-01-09 06:32:00-05:00,389.35
2023-01-09 06:33:00-05:00,389.32
2023-01-09 06:34:00-05:00,389.39
2023-01-09 06:35:00-05:00,389.5
2023-01-09 06:36:00-05:00,389.45
2023-01-09 06:37:00-05:00,389.44
2023-01-09 06:38:00-05:00,389.47
2023-01-09 06:39:00-05:00,389.41
2023-01-09 06:40:00-05:00,389.39
2023-01-09 06:41:00-05:00,389.39
2023-01-09 06:42:00-05:00,389.34
2023-01-09 06:43:00-05:00,389.39
2023-01-09 06:44:00-05:00,389.44
2023-01-09 06:45:00-05:00,389.4
2023-01-09 06:46:00-05:00,389.32
2023-01-09 06:47:00-05:00,389.32
2023-01-09 06:48:00-05:00,389.4
2023-01-09 06:50:00-05:00,389.37
2023-01-09 06:51:00-05:00,389.38
2023-01-09 06:52:00-05:00,389.44
2023-01-09 06:53:00-05:00,389.52
2023-01-09 06:54:00-05:00,389.51
2023-01-09 06:55:00-05:00,389.47
2023-01-09 06:56:00-05:00,389.43
2023-01-09 06:57:00-05:00,389.41
2023-01-09 06:58:00-05:00,389.3
2023-01-09 06:59:00-05:00,389.32
2023-01-09 07:00:00-05:00,389.36
2023-01-09 07:01:00-05:00,389.4
2023-01-09 07:02:00-05:00,389.41
2023-01-09 07:03:00-05:00,389.44
2023-01-09 07:04:00-05:00,389.63
2023-01-09 07:05:00-05:00,389.6
2023-01-09 07:06:00-05:00,389.6
2023-01-09 07:07:00-05:00,389.62
2023-01-09 07:08:00-05:00,389.58
2023-01-09 07:09:00-05:00,389.62
2023-01-09 07:10:00-05:00,389.61
2023-01-09 07:11:00-05:00,389.65
2023-01-09 07:12:00-05:00,389.73
2023-01-09 07:13:00-05:00,389.7
2023-01-09 07:14:00-05:00,389.66
2023-01-09 07:15:00-05:00,389.61
2023-01-09 07:16:00-05:00,389.56
2023-01-09 07:17:00-05:00,389.65
2023-01-09 07:18:00-05:00,389.65
2023-01-09 07:19:00-05:00,389.58
2023-01-09 07:20:00-05:00,389.6
2023-01-09 07:21:00-05:00,389.59
2023-01-09 07:22:00-05:00,389.56
2023-01-09 07:23:00-05:00,389.64
2023-01-09 07:24:00-05:00,389.6
2023-01-09 07:25:00-05:00,389.59
2023-01-09 07:26:00-05:00,389.56
2023-01-09 07:27:00-05:00,389.55
2023-01-09 07:28:00-05:00,389.55
2023-01-09 07:29:00-05:00,389.57
2023-01-09 07:30:00-05:00,389.57
2023-01-09 07:31:00-05:00,389.59
2023-01-09 07:32:00-05:00,389.79
2023-01-09 07:33:00-05:00,390.05
2023-01-09 07:34:00-05:00,389.96
2023-01-09 07:35:00-05:00,389.92
2023-01-09 07:36:00-05:00,390.0
2023-01-09 07:37:00-05:00,390.07
2023-01-09 07:38:00-05:00,389.97
2023-01-09 07:39:00-05:00,389.97
2023-01-09 07:40:00-05:00,389.93
2023-01-09 07:41:00-05:00,389.84
2023-01-09 07:42:00-05:00,389.83
2023-01-09 07:43:00-05:00,389.84
2023-01-09 07:44:00-05:00,389.83
2023-01-09 07:45:00-05:00,389.83
2023-01-09 07:46:00-05:00,389.92
2023-01-09 07:47:00-05:00,389.89
2023-01-09 07:48:00-05:00,389.84
2023-01-09 07:49:00-05:00,389.79
2023-01-09 07:50:00-05:00,389.73
2023-01-09 07:51:00-05:00,389.65
2023-01-09 07:52:00-05:00,389.6
2023-01-09 07:53:00-05:00,389.64
2023-01-09 07:54:00-05:00,389.64
2023-01-09 07:55:00-05:00,389.7
2023-01-09 07:56:00-05:00,389.72
2023-01-09 07:57:00-05:00,389.67
2023-01-09 07:58:00-05:00,389.67
2023-01-09 07:59:00-05:00,389.65
2023-01-09 08:00:00-05:00,390.05
2023-01-09 08:01:00-05:00,389.98
2023-01-09 08:02:00-05:00,389.51
2023-01-09 08:03:00-05:00,389.53
2023-01-09 08:04:00-05:00,389.43
2023-01-09 08:05:00-05:00,389.33
2023-01-09 08:06:00-05:00,389.33
2023-01-09 08:07:00-05:00,389.31
2023-01-09 08:08:00-05:00,389.18
2023-01-09 08:09:00-05:00,389.18
2023-01-09 08:10:00-05:00,389.28
2023-01-09 08:11:00-05:00,389.3
2023-01-09 08:12:00-05:00,389.26
2023-01-09 08:13:00-05:00,389.25
2023-01-09 08:14:00-05:00,389.27
2023-01-09 08:15:00-05:00,389.37
2023-01-09 08:16:00-05:00,389.41
2023-01-09 08:17:00-05:00,389.35
2023-01-09 08:18:00-05:00,389.4
2023-01-09 08:19:00-05:00,389.41
2023-01-09 08:20:00-05:00,389.55
2023-01-09 08:21:00-05:00,389.57
2023-01-09 08:22:00-05:00,389.86
2023-01-09 08:23:00-05:00,389.8
2023-01-09 08:24:00-05:00,389.8
2023-01-09 08:25:00-05:00,389.81
2023-01-09 08:26:00-05:00,389.9
2023-01-09 08:27:00-05:00,389.88
2023-01-09 08:28:00-05:00,389.81
2023-01-09 08:29:00-05:00,389.99
2023-01-09 08:30:00-05:00,389.96
2023-01-09 08:31:00-05:00,390.25
2023-01-09 08:32:00-05:00,390.23
2023-01-09 08:33:00-05:00,390.3
2023-01-09 08:34:00-05:00,390.28
2023-01-09 08:35:00-05:00,390.28
2023-01-09 08:36:00-05:00,390.18
2023-01-09 08:37:00-05:00,390.13
2023-01-09 08:38:00-05:00,390.11
2023-01-09 08:39:00-05:00,390.04
2023-01-09 08:40:00-05:00,390.12
2023-01-09 08:41:00-05:00,390.16
2023-01-09 08:42:00-05:00,390.159
2023-01-09 08:43:00-05:00,390.03
2023-01-09 08:44:00-05:00,390.05
2023-01-09 08:45:00-05:00,390.14
2023-01-09 08:46:00-05:00,390.08
2023-01-09 08:47:00-05:00,390.03
2023-01-09 08:48:00-05:00,389.99
2023-01-09 08:49:00-05:00,389.96
2023-01-09 08:50:00-05:00,389.9
2023-01-09 08:51:00-05:00,389.88
2023-01-09 08:52:00-05:00,389.86
2023-01-09 08:53:00-05:00,389.87
2023-01-09 08:54:00-05:00,389.965
2023-01-09 08:55:00-05:00,390.079
2023-01-09 08:56:00-05:00,390.0
2023-01-09 08:57:00-05:00,389.8
2023-01-09 08:58:00-05:00,389.73
2023-01-09 08:59:00-05:00,389.71
2023-01-09 09:00:00-05:00,389.71
2023-01-09 09:01:00-05:00,389.75
2023-01-09 09:02:00-05:00,389.96
2023-01-09 09:03:00-05:00,389.97
2023-01-09 09:04:00-05:00,390.0
2023-01-09 09:05:00-05:00,390.0
2023-01-09 09:06:00-05:00,389.92
2023-01-09 09:07:00-05:00,389.92
2023-01-09 09:08:00-05:00,389.89
2023-01-09 09:09:00-05:00,389.9
2023-01-09 09:10:00-05:00,389.97
2023-01-09 09:11:00-05:00,390.0
2023-01-09 09:12:00-05:00,389.965
2023-01-09 09:13:00-05:00,389.92
2023-01-09 09:14:00-05:00,389.93
2023-01-09 09:30:00-05:00,390.4500122070313
2023-01-09 09:31:00-05:00,390.4200134277344
2023-01-09 09:32:00-05:00,390.8399963378906
2023-01-09 09:33:00-05:00,390.760009765625
2023-01-09 09:34:00-05:00,390.2000122070313
2023-01-09 09:35:00-05:00,390.30999755859375
2023-01-09 09:36:00-05:00,389.9299926757813
2023-01-09 09:37:00-05:00,389.9599914550781
2023-01-09 09:38:00-05:00,389.8599853515625
2023-01-09 09:39:00-05:00,389.9201049804688
2023-01-09 09:40:00-05:00,390.0
2023-01-09 09:41:00-05:00,390.1700134277344
2023-01-09 09:42:00-05:00,390.2099914550781
2023-01-09 09:43:00-05:00,390.1499938964844
2023-01-09 09:44:00-05:00,390.5698852539063
2023-01-09 09:45:00-05:00,390.8699951171875
2023-01-09 09:46:00-05:00,390.9700012207031
2023-01-09 09:47:00-05:00,390.8905944824219
2023-01-09 09:48:00-05:00,391.1400146484375
2023-01-09 09:49:00-05:00,391.1199951171875
2023-01-09 09:50:00-05:00,391.1499938964844
2023-01-09 09:51:00-05:00,391.0799865722656
2023-01-09 09:52:00-05:00,391.3299865722656
2023-01-09 09:53:00-05:00,391.6099853515625
2023-01-09 09:54:00-05:00,391.4498901367188
2023-01-09 09:55:00-05:00,391.4599914550781
2023-01-09 09:56:00-05:00,391.4500122070313
2023-01-09 09:57:00-05:00,391.3399963378906
2023-01-09 09:58:00-05:00,391.5199890136719
2023-01-09 09:59:00-05:00,391.6700134277344
2023-01-09 10:00:00-05:00,391.7900085449219
2023-01-09 10:01:00-05:00,391.8250122070313
2023-01-09 10:02:00-05:00,391.8399963378906
2023-01-09 10:03:00-05:00,392.0400085449219
2023-01-09 10:04:00-05:00,392.0499877929688
2023-01-09 10:05:00-05:00,391.9200134277344
2023-01-09 10:06:00-05:00,391.8900146484375
2023-01-09 10:07:00-05:00,391.989990234375
2023-01-09 10:08:00-05:00,391.8599853515625
2023-01-09 10:09:00-05:00,391.7799987792969
2023-01-09 10:10:00-05:00,392.0400085449219
2023-01-09 10:11:00-05:00,391.9800109863281
2023-01-09 10:12:00-05:00,391.9400024414063
2023-01-09 10:13:00-05:00,391.5700073242188
2023-01-09 10:14:00-05:00,391.489990234375
2023-01-09 10:15:00-05:00,391.7900085449219
2023-01-09 10:16:00-05:00,392.0799865722656
2023-01-09 10:17:00-05:00,392.010009765625
2023-01-09 10:18:00-05:00,391.8298950195313
2023-01-09 10:19:00-05:00,391.9500122070313
2023-01-09 10:20:00-05:00,392.1600036621094
2023-01-09 10:21:00-05:00,391.9200134277344
2023-01-09 10:22:00-05:00,391.6700134277344
2023-01-09 10:23:00-05:00,391.4700012207031
2023-01-09 10:24:00-05:00,391.6099853515625
2023-01-09 10:25:00-05:00,391.489990234375
2023-01-09 10:26:00-05:00,391.4493103027344
2023-01-09 10:27:00-05:00,391.5700073242188
2023-01-09 10:28:00-05:00,391.6000061035156
2023-01-09 10:29:00-05:00,391.6900024414063
2023-01-09 10:30:00-05:00,391.75
2023-01-09 10:31:00-05:00,391.8089904785156
2023-01-09 10:32:00-05:00,392.1000061035156
2023-01-09 10:33:00-05:00,392.3349914550781
2023-01-09 10:34:00-05:00,392.3699951171875
2023-01-09 10:35:00-05:00,392.4599914550781
2023-01-09 10:36:00-05:00,392.5791015625
2023-01-09 10:37:00-05:00,392.7449951171875
2023-01-09 10:38:00-05:00,392.739990234375
2023-01-09 10:39:00-05:00,392.6799926757813
2023-01-09 10:40:00-05:00,392.7300109863281
2023-01-09 10:41:00-05:00,392.6474914550781
2023-01-09 10:42:00-05:00,392.4400024414063
2023-01-09 10:43:00-05:00,392.6199035644531
2023-01-09 10:44:00-05:00,392.7200012207031
2023-01-09 10:45:00-05:00,392.8800048828125
2023-01-09 10:46:00-05:00,393.1086120605469
2023-01-09 10:47:00-05:00,393.1449890136719
2023-01-09 10:48:00-05:00,393.1799011230469
2023-01-09 10:49:00-05:00,393.25
2023-01-09 10:50:00-05:00,393.239990234375
2023-01-09 10:51:00-05:00,393.1700134277344
2023-01-09 10:52:00-05:00,393.1199951171875
2023-01-09 10:53:00-05:00,393.1499938964844
2023-01-09 10:54:00-05:00,393.1799926757813
2023-01-09 10:55:00-05:00,393.1998901367188
2023-01-09 10:56:00-05:00,393.1900024414063
2023-01-09 10:57:00-05:00,392.9949951171875
2023-01-09 10:58:00-05:00,392.9299926757813
2023-01-09 10:59:00-05:00,392.7900085449219
2023-01-09 11:00:00-05:00,392.7900085449219
2023-01-09 11:01:00-05:00,392.8450012207031
2023-01-09 11:02:00-05:00,392.9699096679688
2023-01-09 11:03:00-05:00,393.1000061035156
2023-01-09 11:04:00-05:00,393.1099853515625
2023-01-09 11:05:00-05:00,393.1600036621094
2023-01-09 11:06:00-05:00,393.3200073242188
2023-01-09 11:07:00-05:00,393.3200073242188
2023-01-09 11:08:00-05:00,393.2099914550781
2023-01-09 11:09:00-05:00,393.260009765625
2023-01-09 11:10:00-05:00,393.3599853515625
2023-01-09 11:11:00-05:00,393.3900146484375
2023-01-09 11:12:00-05:00,393.4500122070313
2023-01-09 11:13:00-05:00,393.3999938964844
2023-01-09 11:14:00-05:00,393.5700073242188
2023-01-09 11:15:00-05:00,393.6400146484375
2023-01-09 11:16:00-05:00,393.7000122070313
2023-01-09 11:17:00-05:00,393.6300048828125
2023-01-09 11:18:00-05:00,393.4999084472656
2023-01-09 11:19:00-05:00,393.4599914550781
2023-01-09 11:20:00-05:00,393.4100036621094
2023-01-09 11:21:00-05:00,393.5199890136719
2023-01-09 11:22:00-05:00,393.5700073242188
2023-01-09 11:23:00-05:00,393.6300048828125
2023-01-09 11:24:00-05:00,393.55999755859375
2023-01-09 11:25:00-05:00,393.6400146484375
2023-01-09 11:26:00-05:00,393.6600036621094
2023-01-09 11:27:00-05:00,393.6499938964844
2023-01-09 11:28:00-05:00,393.5799865722656
2023-01-09 11:29:00-05:00,393.6300048828125
2023-01-09 11:30:00-05:00,393.6099853515625
2023-01-09 11:31:00-05:00,393.5299987792969
2023-01-09 11:32:00-05:00,393.4071044921875
2023-01-09 11:33:00-05:00,393.3298950195313
2023-01-09 11:34:00-05:00,393.25
2023-01-09 11:35:00-05:00,393.1099853515625
2023-01-09 11:36:00-05:00,393.25
2023-01-09 11:37:00-05:00,393.2799987792969
2023-01-09 11:38:00-05:00,393.1950073242188
2023-01-09 11:39:00-05:00,393.0398864746094
2023-01-09 11:40:00-05:00,393.0299987792969
2023-01-09 11:41:00-05:00,393.0199890136719
2023-01-09 11:42:00-05:00,392.9500122070313
2023-01-09 11:43:00-05:00,393.1059875488281
2023-01-09 11:44:00-05:00,393.1698913574219
2023-01-09 11:45:00-05:00,393.2799987792969
2023-01-09 11:46:00-05:00,393.2799987792969
2023-01-09 11:47:00-05:00,393.2699890136719
2023-01-09 11:48:00-05:00,393.2099914550781
2023-01-09 11:49:00-05:00,393.2149963378906
2023-01-09 11:50:00-05:00,393.3299865722656
2023-01-09 11:51:00-05:00,393.2699890136719
2023-01-09 11:52:00-05:00,393.3500061035156
2023-01-09 11:53:00-05:00,393.3800048828125
2023-01-09 11:54:00-05:00,393.6380004882813
2023-01-09 11:55:00-05:00,393.5499877929688
2023-01-09 11:56:00-05:00,393.3900146484375
2023-01-09 11:57:00-05:00,393.3960876464844
2023-01-09 11:58:00-05:00,393.4500122070313
2023-01-09 11:59:00-05:00,393.4549865722656
2023-01-09 12:00:00-05:00,393.3800048828125
2023-01-09 12:01:00-05:00,393.2650146484375
2023-01-09 12:02:00-05:00,393.2200012207031
2023-01-09 12:03:00-05:00,393.05999755859375
2023-01-09 12:04:00-05:00,393.1589965820313
2023-01-09 12:05:00-05:00,393.1449890136719
2023-01-09 12:06:00-05:00,393.0750122070313
2023-01-09 12:07:00-05:00,393.0299987792969
2023-01-09 12:08:00-05:00,392.8800048828125
2023-01-09 12:09:00-05:00,392.9501037597656
2023-01-09 12:10:00-05:00,393.0549926757813
2023-01-09 12:11:00-05:00,393.119384765625
2023-01-09 12:12:00-05:00,393.0799865722656
2023-01-09 12:13:00-05:00,393.0299987792969
2023-01-09 12:14:00-05:00,392.9678039550781
2023-01-09 12:15:00-05:00,392.9287109375
2023-01-09 12:16:00-05:00,392.80999755859375
2023-01-09 12:17:00-05:00,392.7900085449219
2023-01-09 12:18:00-05:00,392.6799926757813
2023-01-09 12:19:00-05:00,392.5791931152344
2023-01-09 12:20:00-05:00,392.6900024414063
2023-01-09 12:21:00-05:00,392.639892578125
2023-01-09 12:22:00-05:00,392.75
2023-01-09 12:23:00-05:00,392.7099914550781
2023-01-09 12:24:00-05:00,392.739990234375
2023-01-09 12:25:00-05:00,392.7300109863281
2023-01-09 12:26:00-05:00,392.697509765625
2023-01-09 12:27:00-05:00,392.6499938964844
2023-01-09 12:28:00-05:00,392.9700012207031
2023-01-09 12:29:00-05:00,392.9500122070313
2023-01-09 12:30:00-05:00,392.9100036621094
2023-01-09 12:31:00-05:00,392.9700012207031
2023-01-09 12:32:00-05:00,392.9100036621094
2023-01-09 12:33:00-05:00,392.8699951171875
2023-01-09 12:34:00-05:00,392.8500061035156
2023-01-09 12:35:00-05:00,392.5650024414063
2023-01-09 12:36:00-05:00,392.3500061035156
2023-01-09 12:37:00-05:00,392.20989990234375
2023-01-09 12:38:00-05:00,392.2000122070313
2023-01-09 12:39:00-05:00,392.2200012207031
2023-01-09 12:40:00-05:00,392.1099853515625
2023-01-09 12:41:00-05:00,392.0400085449219
2023-01-09 12:42:00-05:00,392.1199951171875
2023-01-09 12:43:00-05:00,392.1099853515625
2023-01-09 12:44:00-05:00,391.989990234375
2023-01-09 12:45:00-05:00,392.1400146484375
2023-01-09 12:46:00-05:00,392.1549987792969
2023-01-09 12:47:00-05:00,392.1099853515625
2023-01-09 12:48:00-05:00,392.3800048828125
2023-01-09 12:49:00-05:00,392.3299865722656
2023-01-09 12:50:00-05:00,392.2000122070313
2023-01-09 12:51:00-05:00,392.3800048828125
2023-01-09 12:52:00-05:00,392.4299926757813
2023-01-09 12:53:00-05:00,392.375
2023-01-09 12:54:00-05:00,392.3150024414063
2023-01-09 12:55:00-05:00,392.3299865722656
2023-01-09 12:56:00-05:00,392.2900085449219
2023-01-09 12:57:00-05:00,392.364990234375
2023-01-09 12:58:00-05:00,392.4100036621094
2023-01-09 12:59:00-05:00,392.4200134277344
2023-01-09 13:00:00-05:00,392.364990234375
2023-01-09 13:01:00-05:00,392.4700012207031
2023-01-09 13:02:00-05:00,392.3800048828125
2023-01-09 13:03:00-05:00,392.3500061035156
2023-01-09 13:04:00-05:00,392.3320007324219
2023-01-09 13:05:00-05:00,391.9949951171875
2023-01-09 13:06:00-05:00,392.010009765625
2023-01-09 13:07:00-05:00,391.8399963378906
2023-01-09 13:08:00-05:00,391.864990234375
2023-01-09 13:09:00-05:00,391.7799987792969
2023-01-09 13:10:00-05:00,391.7099914550781
2023-01-09 13:11:00-05:00,391.6900024414063
2023-01-09 13:12:00-05:00,391.7799987792969
2023-01-09 13:13:00-05:00,391.9100036621094
2023-01-09 13:14:00-05:00,392.010009765625
2023-01-09 13:15:00-05:00,391.9700012207031
2023-01-09 13:16:00-05:00,392.0799865722656
2023-01-09 13:17:00-05:00,392.0950012207031
2023-01-09 13:18:00-05:00,392.018798828125
2023-01-09 13:19:00-05:00,392.05999755859375
2023-01-09 13:20:00-05:00,392.1099853515625
2023-01-09 13:21:00-05:00,392.125
2023-01-09 13:22:00-05:00,392.3299865722656
2023-01-09 13:23:00-05:00,392.30999755859375
2023-01-09 13:24:00-05:00,392.239990234375
2023-01-09 13:25:00-05:00,392.2200012207031
2023-01-09 13:26:00-05:00,392.0400085449219
2023-01-09 13:27:00-05:00,392.0050048828125
2023-01-09 13:28:00-05:00,391.8599853515625
2023-01-09 13:29:00-05:00,392.0700073242188
2023-01-09 13:30:00-05:00,392.0400085449219
2023-01-09 13:31:00-05:00,392.0299987792969
2023-01-09 13:32:00-05:00,391.8299865722656
2023-01-09 13:33:00-05:00,391.6799926757813
2023-01-09 13:34:00-05:00,391.6600036621094
2023-01-09 13:35:00-05:00,391.53759765625
2023-01-09 13:36:00-05:00,391.2099914550781
2023-01-09 13:37:00-05:00,391.0400085449219
2023-01-09 13:38:00-05:00,391.2699890136719
2023-01-09 13:39:00-05:00,391.2900085449219
2023-01-09 13:40:00-05:00,391.1000061035156
2023-01-09 13:41:00-05:00,390.8200073242188
2023-01-09 13:42:00-05:00,390.8399963378906
2023-01-09 13:43:00-05:00,390.80999755859375
2023-01-09 13:44:00-05:00,390.5199890136719
2023-01-09 13:45:00-05:00,390.3900146484375
2023-01-09 13:46:00-05:00,390.2950134277344
2023-01-09 13:47:00-05:00,390.3200073242188
2023-01-09 13:48:00-05:00,390.2099914550781
2023-01-09 13:49:00-05:00,390.4100036621094
2023-01-09 13:50:00-05:00,390.3299865722656
2023-01-09 13:51:00-05:00,390.3349914550781
2023-01-09 13:52:00-05:00,390.5499877929688
2023-01-09 13:53:00-05:00,390.5450134277344
2023-01-09 13:54:00-05:00,390.50970458984375
2023-01-09 13:55:00-05:00,390.4500122070313
2023-01-09 13:56:00-05:00,390.4100036621094
2023-01-09 13:57:00-05:00,390.55999755859375
2023-01-09 13:58:00-05:00,390.5799865722656
2023-01-09 13:59:00-05:00,390.5199890136719
2023-01-09 14:00:00-05:00,390.9299926757813
2023-01-09 14:01:00-05:00,391.0799865722656
2023-01-09 14:02:00-05:00,391.1199951171875
2023-01-09 14:03:00-05:00,391.1099853515625
2023-01-09 14:04:00-05:00,390.9599914550781
2023-01-09 14:05:00-05:00,390.8399963378906
2023-01-09 14:06:00-05:00,390.3299865722656
2023-01-09 14:07:00-05:00,390.4800109863281
2023-01-09 14:08:00-05:00,390.5299072265625
2023-01-09 14:09:00-05:00,390.5799865722656
2023-01-09 14:10:00-05:00,390.6700134277344
2023-01-09 14:11:00-05:00,390.80999755859375
2023-01-09 14:12:00-05:00,390.7499084472656
2023-01-09 14:13:00-05:00,390.5199890136719
2023-01-09 14:14:00-05:00,390.614990234375
2023-01-09 14:15:00-05:00,390.4400024414063
2023-01-09 14:16:00-05:00,390.5398864746094
2023-01-09 14:17:00-05:00,390.3999938964844
2023-01-09 14:18:00-05:00,390.5285949707031
2023-01-09 14:19:00-05:00,390.5299987792969
2023-01-09 14:20:00-05:00,390.614990234375
2023-01-09 14:21:00-05:00,390.7699890136719
2023-01-09 14:22:00-05:00,390.6300048828125
2023-01-09 14:23:00-05:00,390.7817077636719
2023-01-09 14:24:00-05:00,390.8599853515625
2023-01-09 14:25:00-05:00,390.80999755859375
2023-01-09 14:26:00-05:00,390.6099853515625
2023-01-09 14:27:00-05:00,390.7080078125
2023-01-09 14:28:00-05:00,390.8399963378906
2023-01-09 14:29:00-05:00,390.75
2023-01-09 14:30:00-05:00,390.6199951171875
2023-01-09 14:31:00-05:00,390.739990234375
2023-01-09 14:32:00-05:00,390.6950073242188
2023-01-09 14:33:00-05:00,390.5750122070313
2023-01-09 14:34:00-05:00,390.4150085449219
2023-01-09 14:35:00-05:00,390.3190002441406
2023-01-09 14:36:00-05:00,390.2200012207031
2023-01-09 14:37:00-05:00,390.2000122070313
2023-01-09 14:38:00-05:00,390.1700134277344
2023-01-09 14:39:00-05:00,390.0899963378906
2023-01-09 14:40:00-05:00,389.9949951171875
2023-01-09 14:41:00-05:00,390.1700134277344
2023-01-09 14:42:00-05:00,390.1050109863281
2023-01-09 14:43:00-05:00,389.9299926757813
2023-01-09 14:44:00-05:00,390.1199951171875
2023-01-09 14:45:00-05:00,390.1600036621094
2023-01-09 14:46:00-05:00,390.25
2023-01-09 14:47:00-05:00,390.1900024414063
2023-01-09 14:48:00-05:00,390.0299987792969
2023-01-09 14:49:00-05:00,389.9400024414063
2023-01-09 14:50:00-05:00,389.9599914550781
2023-01-09 14:51:00-05:00,389.9700012207031
2023-01-09 14:52:00-05:00,389.9849853515625
2023-01-09 14:53:00-05:00,389.9700012207031
2023-01-09 14:54:00-05:00,389.8999938964844
2023-01-09 14:55:00-05:00,389.7900085449219
2023-01-09 14:56:00-05:00,389.7701110839844
2023-01-09 14:57:00-05:00,389.6000061035156
2023-01-09 14:58:00-05:00,389.4800109863281
2023-01-09 14:59:00-05:00,389.1998901367188
2023-01-09 15:00:00-05:00,389.0899963378906
2023-01-09 15:01:00-05:00,389.2099914550781
2023-01-09 15:02:00-05:00,389.2000122070313
2023-01-09 15:03:00-05:00,388.9800109863281
2023-01-09 15:04:00-05:00,389.0299987792969
2023-01-09 15:05:00-05:00,389.2200012207031
2023-01-09 15:06:00-05:00,389.1499938964844
2023-01-09 15:07:00-05:00,389.0350036621094
2023-01-09 15:08:00-05:00,388.9800109863281
2023-01-09 15:09:00-05:00,389.1000061035156
2023-01-09 15:10:00-05:00,389.1300048828125
2023-01-09 15:11:00-05:00,389.0400085449219
2023-01-09 15:12:00-05:00,388.8049926757813
2023-01-09 15:13:00-05:00,388.75
2023-01-09 15:14:00-05:00,388.6323852539063
2023-01-09 15:15:00-05:00,388.4500122070313
2023-01-09 15:16:00-05:00,388.60009765625
2023-01-09 15:17:00-05:00,388.4800109863281
2023-01-09 15:18:00-05:00,388.7099914550781
2023-01-09 15:19:00-05:00,388.7424926757813
2023-01-09 15:20:00-05:00,388.8974914550781
2023-01-09 15:21:00-05:00,389.0400085449219
2023-01-09 15:22:00-05:00,389.0799865722656
2023-01-09 15:23:00-05:00,389.05999755859375
2023-01-09 15:24:00-05:00,388.9200134277344
2023-01-09 15:25:00-05:00,388.7300109863281
2023-01-09 15:26:00-05:00,388.7300109863281
2023-01-09 15:27:00-05:00,388.6300048828125
2023-01-09 15:28:00-05:00,388.55999755859375
2023-01-09 15:29:00-05:00,388.6000061035156
2023-01-09 15:30:00-05:00,388.5
2023-01-09 15:31:00-05:00,388.30999755859375
2023-01-09 15:32:00-05:00,388.1400146484375
2023-01-09 15:33:00-05:00,388.3599853515625
2023-01-09 15:34:00-05:00,388.510009765625
2023-01-09 15:35:00-05:00,388.3900146484375
2023-01-09 15:36:00-05:00,388.3800048828125
2023-01-09 15:37:00-05:00,388.3599853515625
2023-01-09 15:38:00-05:00,388.2439880371094
2023-01-09 15:39:00-05:00,388.1400146484375
2023-01-09 15:40:00-05:00,388.0650024414063
2023-01-09 15:41:00-05:00,388.3699951171875
2023-01-09 15:42:00-05:00,388.4649963378906
2023-01-09 15:43:00-05:00,388.4249877929688
2023-01-09 15:44:00-05:00,388.5
2023-01-09 15:45:00-05:00,388.5499877929688
2023-01-09 15:46:00-05:00,388.4700012207031
2023-01-09 15:47:00-05:00,388.1265869140625
2023-01-09 15:48:00-05:00,387.8999938964844
2023-01-09 15:49:00-05:00,388.068603515625
2023-01-09 15:50:00-05:00,388.4400024414063
2023-01-09 15:51:00-05:00,388.4200134277344
2023-01-09 15:52:00-05:00,388.4400024414063
2023-01-09 15:53:00-05:00,388.3399963378906
2023-01-09 15:54:00-05:00,388.3399963378906
2023-01-09 15:55:00-05:00,388.18499755859375
2023-01-09 15:56:00-05:00,388.0098876953125
2023-01-09 15:57:00-05:00,387.9200134277344
2023-01-09 15:58:00-05:00,388.0899963378906
2023-01-09 15:59:00-05:00,388.0499877929688
2023-01-09 16:00:00-05:00,387.95
2023-01-09 16:01:00-05:00,387.8
2023-01-09 16:02:00-05:00,390.7156
2023-01-09 16:03:00-05:00,387.63
2023-01-09 16:04:00-05:00,387.67
2023-01-09 16:05:00-05:00,387.86
2023-01-09 16:06:00-05:00,388.1456
2023-01-09 16:07:00-05:00,387.8472
2023-01-09 16:08:00-05:00,388.1456
2023-01-09 16:09:00-05:00,387.8479
2023-01-09 16:10:00-05:00,387.69
2023-01-09 16:11:00-05:00,388.08
2023-01-09 16:12:00-05:00,387.86
2023-01-09 16:13:00-05:00,387.78
2023-01-09 16:14:00-05:00,387.75
2023-01-09 16:15:00-05:00,387.7
2023-01-09 16:16:00-05:00,387.86
2023-01-09 16:17:00-05:00,387.86
2023-01-09 16:18:00-05:00,387.69
2023-01-09 16:19:00-05:00,387.64
2023-01-09 16:20:00-05:00,387.64
2023-01-09 16:21:00-05:00,387.7
2023-01-09 16:22:00-05:00,387.86
2023-01-09 16:23:00-05:00,387.64
2023-01-09 16:24:00-05:00,387.68
2023-01-09 16:25:00-05:00,387.68
2023-01-09 16:26:00-05:00,387.71
2023-01-09 16:27:00-05:00,387.75
2023-01-09 16:28:00-05:00,387.75
2023-01-09 16:29:00-05:00,387.74
2023-01-09 16:30:00-05:00,387.86
2023-01-09 16:31:00-05:00,387.73
2023-01-09 16:32:00-05:00,387.68
2023-01-09 16:33:00-05:00,387.69
2023-01-09 16:34:00-05:00,387.7
2023-01-09 16:35:00-05:00,387.68
2023-01-09 16:36:00-05:00,387.86
2023-01-09 16:37:00-05:00,387.715
2023-01-09 16:38:00-05:00,387.72
2023-01-09 16:39:00-05:00,387.68
2023-01-09 16:40:00-05:00,387.69
2023-01-09 16:41:00-05:00,387.7
2023-01-09 16:42:00-05:00,387.69
2023-01-09 16:43:00-05:00,387.69
2023-01-09 16:44:00-05:00,387.7
2023-01-09 16:45:00-05:00,387.7
2023-01-09 16:46:00-05:00,387.75
2023-01-09 16:47:00-05:00,387.75
2023-01-09 16:48:00-05:00,387.79
2023-01-09 16:49:00-05:00,387.76
2023-01-09 16:50:00-05:00,387.76
2023-01-09 16:51:00-05:00,387.76
2023-01-09 16:52:00-05:00,387.76
2023-01-09 16:53:00-05:00,387.76
2023-01-09 16:54:00-05:00,387.79
2023-01-09 16:55:00-05:00,411.24344
2023-01-09 16:56:00-05:00,387.82
2023-01-09 16:57:00-05:00,387.82
2023-01-09 16:58:00-05:00,387.82
2023-01-09 16:59:00-05:00,387.81
2023-01-09 17:00:00-05:00,387.94
2023-01-09 17:01:00-05:00,387.73
2023-01-09 17:02:00-05:00,387.78
2023-01-09 17:03:00-05:00,387.77
2023-01-09 17:04:00-05:00,387.78
2023-01-09 17:05:00-05:00,387.7785
2023-01-09 17:06:00-05:00,387.77
2023-01-09 17:07:00-05:00,387.69
2023-01-09 17:08:00-05:00,387.69
2023-01-09 17:09:00-05:00,387.74
2023-01-09 17:10:00-05:00,387.71
2023-01-09 17:11:00-05:00,387.78
2023-01-09 17:12:00-05:00,387.83
2023-01-09 17:13:00-05:00,387.8
2023-01-09 17:14:00-05:00,387.83
2023-01-09 17:15:00-05:00,387.83
2023-01-09 17:16:00-05:00,387.83
2023-01-09 17:17:00-05:00,387.8
2023-01-09 17:18:00-05:00,387.8
2023-01-09 17:19:00-05:00,387.77
2023-01-09 17:20:00-05:00,387.75
2023-01-09 17:21:00-05:00,387.75
2023-01-09 17:22:00-05:00,387.75
2023-01-09 17:23:00-05:00,387.75
2023-01-09 17:24:00-05:00,387.71
2023-01-09 17:25:00-05:00,387.7
2023-01-09 17:26:00-05:00,387.7
2023-01-09 17:27:00-05:00,387.7
2023-01-09 17:28:00-05:00,387.79
2023-01-09 17:29:00-05:00,387.715
2023-01-09 17:30:00-05:00,387.75
2023-01-09 17:31:00-05:00,387.75
2023-01-09 17:32:00-05:00,387.71
2023-01-09 17:33:00-05:00,387.74
2023-01-09 17:34:00-05:00,387.7
2023-01-09 17:35:00-05:00,387.7
2023-01-09 17:36:00-05:00,387.7
2023-01-09 17:37:00-05:00,387.7
2023-01-09 17:38:00-05:00,387.68
2023-01-09 17:39:00-05:00,387.67
2023-01-09 17:40:00-05:00,387.68
2023-01-09 17:41:00-05:00,387.75
2023-01-09 17:42:00-05:00,387.76
2023-01-09 17:43:00-05:00,387.69
2023-01-09 17:44:00-05:00,387.69
2023-01-09 17:45:00-05:00,387.75
2023-01-09 17:46:00-05:00,387.72
2023-01-09 17:47:00-05:00,387.75
2023-01-09 17:48:00-05:00,387.77
2023-01-09 17:49:00-05:00,387.87
2023-01-09 17:50:00-05:00,387.85
2023-01-09 17:51:00-05:00,387.84
2023-01-09 17:52:00-05:00,387.85
2023-01-09 17:53:00-05:00,387.83
2023-01-09 17:54:00-05:00,387.83
2023-01-09 17:55:00-05:00,387.79
2023-01-09 17:56:00-05:00,387.81
2023-01-09 17:57:00-05:00,387.83
2023-01-09 17:58:00-05:00,387.83
2023-01-09 17:59:00-05:00,387.83
2023-01-09 18:00:00-05:00,387.92
2023-01-09 18:01:00-05:00,387.81
2023-01-09 18:02:00-05:00,387.82
2023-01-09 18:03:00-05:00,387.8
2023-01-09 18:04:00-05:00,387.78
2023-01-09 18:05:00-05:00,387.765
2023-01-09 18:06:00-05:00,387.74
2023-01-09 18:07:00-05:00,387.72
2023-01-09 18:08:00-05:00,387.71
2023-01-09 18:09:00-05:00,387.745
2023-01-09 18:10:00-05:00,387.8
2023-01-09 18:11:00-05:00,387.765
2023-01-09 18:12:00-05:00,387.72
2023-01-09 18:13:00-05:00,387.8
2023-01-09 18:14:00-05:00,387.76
2023-01-09 18:15:00-05:00,387.735
2023-01-09 18:16:00-05:00,387.77
2023-01-09 18:17:00-05:00,387.76
2023-01-09 18:18:00-05:00,387.79
2023-01-09 18:19:00-05:00,387.75
2023-01-09 18:20:00-05:00,387.76
2023-01-09 18:21:00-05:00,387.74
2023-01-09 18:22:00-05:00,387.73
2023-01-09 18:23:00-05:00,387.76
2023-01-09 18:25:00-05:00,387.72
2023-01-09 18:26:00-05:00,387.77
2023-01-09 18:27:00-05:00,387.79
2023-01-09 18:28:00-05:00,387.81
2023-01-09 18:29:00-05:00,387.81
2023-01-09 18:30:00-05:00,387.8
2023-01-09 18:31:00-05:00,387.82
2023-01-09 18:32:00-05:00,387.81
2023-01-09 18:33:00-05:00,387.78
2023-01-09 18:34:00-05:00,387.77
2023-01-09 18:35:00-05:00,387.79
2023-01-09 18:36:00-05:00,387.79
2023-01-09 18:37:00-05:00,387.77
2023-01-09 18:38:00-05:00,387.77
2023-01-09 18:39:00-05:00,387.7613
2023-01-09 18:40:00-05:00,387.76
2023-01-09 18:41:00-05:00,387.73
2023-01-09 18:42:00-05:00,387.73
2023-01-09 18:43:00-05:00,390.36
2023-01-09 18:44:00-05:00,390.57
2023-01-09 18:45:00-05:00,387.66
2023-01-09 18:46:00-05:00,387.64
2023-01-09 18:47:00-05:00,387.64
2023-01-09 18:48:00-05:00,387.595
2023-01-09 18:49:00-05:00,387.7
2023-01-09 18:50:00-05:00,387.69
2023-01-09 18:51:00-05:00,387.8101
2023-01-09 18:52:00-05:00,387.63
2023-01-09 18:53:00-05:00,387.58
2023-01-09 18:54:00-05:00,387.59
2023-01-09 18:55:00-05:00,387.54
2023-01-09 18:56:00-05:00,387.5699
2023-01-09 18:57:00-05:00,387.56
2023-01-09 18:58:00-05:00,387.55
2023-01-09 18:59:00-05:00,387.57
2023-01-09 19:00:00-05:00,387.635
2023-01-09 19:01:00-05:00,387.65
2023-01-09 19:02:00-05:00,387.65
2023-01-09 19:03:00-05:00,387.69
2023-01-09 19:04:00-05:00,387.67
2023-01-09 19:05:00-05:00,387.635
2023-01-09 19:06:00-05:00,387.66
2023-01-09 19:07:00-05:00,387.65
2023-01-09 19:08:00-05:00,387.56
2023-01-09 19:09:00-05:00,387.49
2023-01-09 19:10:00-05:00,387.5
2023-01-09 19:11:00-05:00,387.47
2023-01-09 19:12:00-05:00,387.51
2023-01-09 19:13:00-05:00,387.5
2023-01-09 19:14:00-05:00,387.47
2023-01-09 19:15:00-05:00,387.47
2023-01-09 19:16:00-05:00,387.46
2023-01-09 19:17:00-05:00,387.1
2023-01-09 19:18:00-05:00,387.14
2023-01-09 19:19:00-05:00,387.2
2023-01-09 19:20:00-05:00,387.18
2023-01-09 19:21:00-05:00,387.05
2023-01-09 19:22:00-05:00,387.04
2023-01-09 19:23:00-05:00,387.04
2023-01-09 19:24:00-05:00,387.02
2023-01-09 19:25:00-05:00,386.95
2023-01-09 19:26:00-05:00,386.85
2023-01-09 19:27:00-05:00,386.86
2023-01-09 19:28:00-05:00,386.855
2023-01-09 19:29:00-05:00,386.97
2023-01-09 19:30:00-05:00,386.95
2023-01-09 19:31:00-05:00,386.97
2023-01-09 19:32:00-05:00,386.99
2023-01-09 19:33:00-05:00,387.0
2023-01-09 19:34:00-05:00,386.9991
2023-01-09 19:35:00-05:00,387.01
2023-01-09 19:36:00-05:00,387.05
2023-01-09 19:37:00-05:00,387.13
2023-01-09 19:38:00-05:00,387.1
2023-01-09 19:39:00-05:00,387.14
2023-01-09 19:40:00-05:00,387.13
2023-01-09 19:41:00-05:00,387.18
2023-01-09 19:42:00-05:00,387.19
2023-01-09 19:43:00-05:00,387.13
2023-01-09 19:44:00-05:00,387.1
2023-01-09 19:45:00-05:00,387.12
2023-01-09 19:46:00-05:00,387.16
2023-01-09 19:47:00-05:00,387.165
2023-01-09 19:48:00-05:00,387.18
2023-01-09 19:49:00-05:00,387.195
2023-01-09 19:50:00-05:00,387.22
2023-01-09 19:51:00-05:00,387.21
2023-01-09 19:52:00-05:00,387.21
2023-01-09 19:53:00-05:00,387.2
2023-01-09 19:54:00-05:00,387.13
2023-01-09 19:55:00-05:00,387.1
2023-01-09 19:56:00-05:00,387.1
2023-01-09 19:57:00-05:00,387.14
2023-01-09 19:58:00-05:00,387.125
2023-01-09 19:59:00-05:00,387.15
2023-01-10 04:00:00-05:00,387.86
2023-01-10 04:01:00-05:00,387.25
2023-01-10 04:02:00-05:00,387.36
2023-01-10 04:03:00-05:00,387.43
2023-01-10 04:04:00-05:00,387.25
2023-01-10 04:05:00-05:00,387.1
2023-01-10 04:07:00-05:00,387.25
2023-01-10 04:08:00-05:00,387.16
2023-01-10 04:09:00-05:00,387.19
2023-01-10 04:10:00-05:00,387.24
2023-01-10 04:11:00-05:00,387.21
2023-01-10 04:12:00-05:00,387.2
2023-01-10 04:13:00-05:00,387.08
2023-01-10 04:14:00-05:00,386.99
2023-01-10 04:15:00-05:00,386.91
2023-01-10 04:16:00-05:00,387.05
2023-01-10 04:17:00-05:00,387.09
2023-01-10 04:18:00-05:00,387.2
2023-01-10 04:19:00-05:00,387.11
2023-01-10 04:20:00-05:00,387.04
2023-01-10 04:21:00-05:00,387.03
2023-01-10 04:22:00-05:00,387.06
2023-01-10 04:23:00-05:00,387.04
2023-01-10 04:24:00-05:00,387.15
2023-01-10 04:25:00-05:00,387.25
2023-01-10 04:27:00-05:00,387.34
2023-01-10 04:28:00-05:00,387.4
2023-01-10 04:29:00-05:00,387.33
2023-01-10 04:30:00-05:00,387.35
2023-01-10 04:31:00-05:00,387.31
2023-01-10 04:32:00-05:00,387.28
2023-01-10 04:33:00-05:00,387.46
2023-01-10 04:34:00-05:00,387.42
2023-01-10 04:35:00-05:00,387.36
2023-01-10 04:36:00-05:00,387.59
2023-01-10 04:37:00-05:00,387.61
2023-01-10 04:38:00-05:00,387.67
2023-01-10 04:39:00-05:00,387.73
2023-01-10 04:40:00-05:00,387.63
2023-01-10 04:41:00-05:00,387.68
2023-01-10 04:42:00-05:00,387.69
2023-01-10 04:43:00-05:00,387.62
2023-01-10 04:44:00-05:00,387.64
2023-01-10 04:45:00-05:00,387.53
2023-01-10 04:46:00-05:00,387.48
2023-01-10 04:47:00-05:00,387.49
2023-01-10 04:48:00-05:00,387.6
2023-01-10 04:49:00-05:00,387.69
2023-01-10 04:50:00-05:00,387.69
2023-01-10 04:52:00-05:00,387.59
2023-01-10 04:53:00-05:00,387.65
2023-01-10 04:54:00-05:00,387.65
2023-01-10 04:56:00-05:00,387.67
2023-01-10 04:58:00-05:00,387.69
2023-01-10 04:59:00-05:00,387.7
2023-01-10 05:00:00-05:00,387.82
2023-01-10 05:01:00-05:00,387.83
2023-01-10 05:02:00-05:00,387.72
2023-01-10 05:03:00-05:00,387.63
2023-01-10 05:04:00-05:00,387.59
2023-01-10 05:05:00-05:00,387.6
2023-01-10 05:06:00-05:00,387.57
2023-01-10 05:07:00-05:00,387.5
2023-01-10 05:08:00-05:00,387.49
2023-01-10 05:09:00-05:00,387.54
2023-01-10 05:10:00-05:00,387.59
2023-01-10 05:12:00-05:00,387.52
2023-01-10 05:13:00-05:00,387.52
2023-01-10 05:14:00-05:00,387.45
2023-01-10 05:15:00-05:00,387.58
2023-01-10 05:16:00-05:00,387.45
2023-01-10 05:18:00-05:00,387.54
2023-01-10 05:19:00-05:00,387.55
2023-01-10 05:20:00-05:00,387.53
2023-01-10 05:21:00-05:00,387.65
2023-01-10 05:22:00-05:00,387.72
2023-01-10 05:23:00-05:00,387.63
2023-01-10 05:24:00-05:00,387.66
2023-01-10 05:25:00-05:00,387.59
2023-01-10 05:29:00-05:00,387.59
2023-01-10 05:30:00-05:00,387.76
2023-01-10 05:31:00-05:00,387.79
2023-01-10 05:32:00-05:00,387.78
2023-01-10 05:33:00-05:00,387.8
2023-01-10 05:35:00-05:00,387.88
2023-01-10 05:36:00-05:00,387.9
2023-01-10 05:37:00-05:00,387.96
2023-01-10 05:38:00-05:00,387.96
2023-01-10 05:39:00-05:00,387.93
2023-01-10 05:40:00-05:00,387.96
2023-01-10 05:41:00-05:00,387.95
2023-01-10 05:42:00-05:00,387.87
2023-01-10 05:43:00-05:00,387.83
2023-01-10 05:44:00-05:00,387.78
2023-01-10 05:45:00-05:00,387.75
2023-01-10 05:46:00-05:00,387.76
2023-01-10 05:47:00-05:00,387.91
2023-01-10 05:49:00-05:00,387.86
2023-01-10 05:50:00-05:00,387.72
2023-01-10 05:51:00-05:00,387.72
2023-01-10 05:52:00-05:00,387.74
2023-01-10 05:54:00-05:00,387.76
2023-01-10 05:55:00-05:00,387.72
2023-01-10 05:56:00-05:00,387.69
2023-01-10 05:57:00-05:00,387.69
2023-01-10 05:58:00-05:00,387.76
2023-01-10 05:59:00-05:00,387.75
2023-01-10 06:00:00-05:00,387.67
2023-01-10 06:01:00-05:00,387.64
2023-01-10 06:02:00-05:00,387.57
2023-01-10 06:03:00-05:00,387.6
2023-01-10 06:04:00-05:00,387.61
2023-01-10 06:05:00-05:00,387.57
2023-01-10 06:06:00-05:00,387.5
2023-01-10 06:07:00-05:00,387.44
2023-01-10 06:08:00-05:00,387.36
2023-01-10 06:09:00-05:00,387.39
2023-01-10 06:10:00-05:00,387.32
2023-01-10 06:11:00-05:00,387.3
2023-01-10 06:12:00-05:00,387.29
2023-01-10 06:13:00-05:00,387.23
2023-01-10 06:14:00-05:00,387.1
2023-01-10 06:15:00-05:00,386.99
2023-01-10 06:16:00-05:00,387.0
2023-01-10 06:17:00-05:00,387.1
2023-01-10 06:18:00-05:00,387.15
2023-01-10 06:19:00-05:00,387.2
2023-01-10 06:20:00-05:00,387.2
2023-01-10 06:21:00-05:00,387.25
2023-01-10 06:22:00-05:00,387.26
2023-01-10 06:23:00-05:00,387.22
2023-01-10 06:24:00-05:00,387.19
2023-01-10 06:25:00-05:00,387.07
2023-01-10 06:26:00-05:00,387.03
2023-01-10 06:27:00-05:00,387.1
2023-01-10 06:28:00-05:00,387.1
2023-01-10 06:29:00-05:00,387.1
2023-01-10 06:30:00-05:00,387.1
2023-01-10 06:31:00-05:00,387.06
2023-01-10 06:32:00-05:00,387.06
2023-01-10 06:33:00-05:00,387.03
2023-01-10 06:34:00-05:00,386.91
2023-01-10 06:35:00-05:00,386.83
2023-01-10 06:36:00-05:00,386.76
2023-01-10 06:37:00-05:00,386.83
2023-01-10 06:38:00-05:00,386.77
2023-01-10 06:39:00-05:00,386.75
2023-01-10 06:40:00-05:00,386.78
2023-01-10 06:41:00-05:00,386.78
2023-01-10 06:42:00-05:00,386.7
2023-01-10 06:43:00-05:00,386.71
2023-01-10 06:44:00-05:00,386.75
2023-01-10 06:45:00-05:00,386.72
2023-01-10 06:46:00-05:00,386.74
2023-01-10 06:47:00-05:00,386.78
2023-01-10 06:48:00-05:00,386.69
2023-01-10 06:49:00-05:00,386.7
2023-01-10 06:50:00-05:00,386.76
2023-01-10 06:51:00-05:00,386.78
2023-01-10 06:52:00-05:00,386.86
2023-01-10 06:53:00-05:00,386.78
2023-01-10 06:54:00-05:00,386.75
2023-01-10 06:55:00-05:00,386.76
2023-01-10 06:56:00-05:00,386.73
2023-01-10 06:57:00-05:00,386.69
2023-01-10 06:58:00-05:00,386.7
2023-01-10 06:59:00-05:00,386.76
2023-01-10 07:00:00-05:00,386.73
2023-01-10 07:01:00-05:00,386.61
2023-01-10 07:02:00-05:00,386.65
2023-01-10 07:03:00-05:00,386.75
2023-01-10 07:04:00-05:00,386.74
2023-01-10 07:05:00-05:00,386.72
2023-01-10 07:06:00-05:00,386.67
2023-01-10 07:07:00-05:00,386.69
2023-01-10 07:08:00-05:00,386.68
2023-01-10 07:09:00-05:00,386.68
2023-01-10 07:10:00-05:00,386.53
2023-01-10 07:11:00-05:00,386.5
2023-01-10 07:12:00-05:00,386.51
2023-01-10 07:13:00-05:00,386.46
2023-01-10 07:14:00-05:00,386.57
2023-01-10 07:15:00-05:00,386.7
2023-01-10 07:16:00-05:00,386.67
2023-01-10 07:17:00-05:00,386.45
2023-01-10 07:18:00-05:00,386.09
2023-01-10 07:19:00-05:00,386.18
2023-01-10 07:20:00-05:00,386.15
2023-01-10 07:21:00-05:00,386.0
2023-01-10 07:22:00-05:00,386.02
2023-01-10 07:23:00-05:00,386.09
2023-01-10 07:24:00-05:00,386.18
2023-01-10 07:25:00-05:00,386.26
2023-01-10 07:26:00-05:00,386.35
2023-01-10 07:27:00-05:00,386.36
2023-01-10 07:28:00-05:00,386.27
2023-01-10 07:29:00-05:00,386.3
2023-01-10 07:30:00-05:00,386.31
2023-01-10 07:31:00-05:00,386.33
2023-01-10 07:32:00-05:00,386.21
2023-01-10 07:33:00-05:00,386.1
2023-01-10 07:34:00-05:00,386.06
2023-01-10 07:35:00-05:00,386.2
2023-01-10 07:36:00-05:00,386.24
2023-01-10 07:37:00-05:00,386.15
2023-01-10 07:38:00-05:00,386.09
2023-01-10 07:39:00-05:00,386.2
2023-01-10 07:40:00-05:00,386.13
2023-01-10 07:41:00-05:00,386.24
2023-01-10 07:42:00-05:00,386.28
2023-01-10 07:43:00-05:00,386.28
2023-01-10 07:44:00-05:00,386.19
2023-01-10 07:45:00-05:00,386.05
2023-01-10 07:46:00-05:00,386.07
2023-01-10 07:47:00-05:00,386.17
2023-01-10 07:48:00-05:00,386.01
2023-01-10 07:49:00-05:00,385.96
2023-01-10 07:50:00-05:00,385.92
2023-01-10 07:51:00-05:00,385.84
2023-01-10 07:52:00-05:00,386.1
2023-01-10 07:53:00-05:00,386.12
2023-01-10 07:54:00-05:00,386.19
2023-01-10 07:55:00-05:00,386.17
2023-01-10 07:56:00-05:00,386.26
2023-01-10 07:57:00-05:00,386.34
2023-01-10 07:58:00-05:00,386.31
2023-01-10 07:59:00-05:00,386.3
2023-01-10 08:00:00-05:00,387.8504
2023-01-10 08:01:00-05:00,387.81
2023-01-10 08:02:00-05:00,386.07
2023-01-10 08:03:00-05:00,386.13
2023-01-10 08:04:00-05:00,386.13
2023-01-10 08:05:00-05:00,386.11
2023-01-10 08:06:00-05:00,386.19
2023-01-10 08:07:00-05:00,386.33
2023-01-10 08:08:00-05:00,386.29
2023-01-10 08:09:00-05:00,386.35
2023-01-10 08:10:00-05:00,386.43
2023-01-10 08:11:00-05:00,386.5
2023-01-10 08:12:00-05:00,386.41
2023-01-10 08:13:00-05:00,386.36
2023-01-10 08:14:00-05:00,386.31
2023-01-10 08:15:00-05:00,386.26
2023-01-10 08:16:00-05:00,386.1
2023-01-10 08:17:00-05:00,386.01
2023-01-10 08:18:00-05:00,386.11
2023-01-10 08:19:00-05:00,386.11
2023-01-10 08:20:00-05:00,386.1
2023-01-10 08:21:00-05:00,386.1
2023-01-10 08:22:00-05:00,386.24
2023-01-10 08:23:00-05:00,386.3
2023-01-10 08:24:00-05:00,386.35
2023-01-10 08:25:00-05:00,386.305
2023-01-10 08:26:00-05:00,386.15
2023-01-10 08:27:00-05:00,386.1
2023-01-10 08:28:00-05:00,386.05
2023-01-10 08:29:00-05:00,385.98
2023-01-10 08:30:00-05:00,385.93
2023-01-10 08:31:00-05:00,385.92
2023-01-10 08:32:00-05:00,385.97
2023-01-10 08:33:00-05:00,385.88
2023-01-10 08:34:00-05:00,386.04
2023-01-10 08:35:00-05:00,386.13
2023-01-10 08:36:00-05:00,386.15
2023-01-10 08:37:00-05:00,390.66
2023-01-10 08:38:00-05:00,386.0
2023-01-10 08:39:00-05:00,386.06
2023-01-10 08:40:00-05:00,386.1
2023-01-10 08:41:00-05:00,385.96
2023-01-10 08:42:00-05:00,386.03
2023-01-10 08:43:00-05:00,386.09
2023-01-10 08:44:00-05:00,386.12
2023-01-10 08:45:00-05:00,386.13
2023-01-10 08:46:00-05:00,386.19
2023-01-10 08:47:00-05:00,387.86
2023-01-10 08:48:00-05:00,386.19
2023-01-10 08:49:00-05:00,386.23
2023-01-10 08:50:00-05:00,386.25
2023-01-10 08:51:00-05:00,386.22
2023-01-10 08:52:00-05:00,386.25
2023-01-10 08:53:00-05:00,386.27
2023-01-10 08:54:00-05:00,386.4
2023-01-10 08:55:00-05:00,386.49
2023-01-10 08:56:00-05:00,386.5
2023-01-10 08:57:00-05:00,386.6
2023-01-10 08:58:00-05:00,386.67
2023-01-10 08:59:00-05:00,386.66
2023-01-10 09:00:00-05:00,387.44
2023-01-10 09:01:00-05:00,387.23
2023-01-10 09:02:00-05:00,387.0
2023-01-10 09:03:00-05:00,387.18
2023-01-10 09:04:00-05:00,387.575
2023-01-10 09:05:00-05:00,387.72
2023-01-10 09:06:00-05:00,387.49
2023-01-10 09:07:00-05:00,387.73
2023-01-10 09:08:00-05:00,387.67
2023-01-10 09:09:00-05:00,387.63
2023-01-10 09:10:00-05:00,387.565
2023-01-10 09:11:00-05:00,387.42
2023-01-10 09:12:00-05:00,387.4
2023-01-10 09:13:00-05:00,387.45
2023-01-10 09:14:00-05:00,387.75
2023-01-10 09:30:00-05:00,387.9837036132813
2023-01-10 09:31:00-05:00,388.1900024414063
2023-01-10 09:32:00-05:00,388.489990234375
2023-01-10 09:33:00-05:00,388.5997009277344
2023-01-10 09:34:00-05:00,389.135009765625
2023-01-10 09:35:00-05:00,389.2300109863281
2023-01-10 09:36:00-05:00,389.0799865722656
2023-01-10 09:37:00-05:00,389.010009765625
2023-01-10 09:38:00-05:00,388.739990234375
2023-01-10 09:39:00-05:00,388.8500061035156
2023-01-10 09:40:00-05:00,388.8299865722656
2023-01-10 09:41:00-05:00,388.6000061035156
2023-01-10 09:42:00-05:00,388.489990234375
2023-01-10 09:43:00-05:00,388.7200012207031
2023-01-10 09:44:00-05:00,388.5199890136719
2023-01-10 09:45:00-05:00,388.6700134277344
2023-01-10 09:46:00-05:00,388.3599853515625
2023-01-10 09:47:00-05:00,387.5899963378906
2023-01-10 09:48:00-05:00,387.80999755859375
2023-01-10 09:49:00-05:00,387.9764099121094
2023-01-10 09:50:00-05:00,387.9400024414063
2023-01-10 09:51:00-05:00,387.7499084472656
2023-01-10 09:52:00-05:00,387.8699951171875
2023-01-10 09:53:00-05:00,388.6799926757813
2023-01-10 09:54:00-05:00,388.760009765625
2023-01-10 09:55:00-05:00,388.989990234375
2023-01-10 09:56:00-05:00,388.9299926757813
2023-01-10 09:57:00-05:00,388.739990234375
2023-01-10 09:58:00-05:00,389.0093078613281
2023-01-10 09:59:00-05:00,388.4800109863281
2023-01-10 10:00:00-05:00,388.55999755859375
2023-01-10 10:01:00-05:00,388.5
2023-01-10 10:02:00-05:00,388.6300048828125
2023-01-10 10:03:00-05:00,388.2999877929688
2023-01-10 10:04:00-05:00,388.3999938964844
2023-01-10 10:05:00-05:00,388.4399108886719
2023-01-10 10:06:00-05:00,388.5700073242188
2023-01-10 10:07:00-05:00,388.6697082519531
2023-01-10 10:08:00-05:00,388.739990234375
2023-01-10 10:09:00-05:00,388.7149963378906
2023-01-10 10:10:00-05:00,388.7999877929688
2023-01-10 10:11:00-05:00,388.7699890136719
2023-01-10 10:12:00-05:00,389.6755981445313
2023-01-10 10:13:00-05:00,389.6749877929688
2023-01-10 10:14:00-05:00,389.7178955078125
2023-01-10 10:15:00-05:00,389.6000061035156
2023-01-10 10:16:00-05:00,389.989990234375
2023-01-10 10:17:00-05:00,389.9700012207031
2023-01-10 10:18:00-05:00,389.8399963378906
2023-01-10 10:19:00-05:00,389.4014892578125
2023-01-10 10:20:00-05:00,389.2699890136719
2023-01-10 10:21:00-05:00,388.9299926757813
2023-01-10 10:22:00-05:00,388.8599853515625
2023-01-10 10:23:00-05:00,388.760009765625
2023-01-10 10:24:00-05:00,388.7900085449219
2023-01-10 10:25:00-05:00,389.1400146484375
2023-01-10 10:26:00-05:00,389.1499938964844
2023-01-10 10:27:00-05:00,389.2349853515625
2023-01-10 10:28:00-05:00,388.9801025390625
2023-01-10 10:29:00-05:00,388.80999755859375
2023-01-10 10:30:00-05:00,388.3200073242188
2023-01-10 10:31:00-05:00,387.7900085449219
2023-01-10 10:32:00-05:00,387.5400085449219
2023-01-10 10:33:00-05:00,387.4599914550781
2023-01-10 10:34:00-05:00,387.1700134277344
2023-01-10 10:35:00-05:00,387.3599853515625
2023-01-10 10:36:00-05:00,387.1099853515625
2023-01-10 10:37:00-05:00,387.0799865722656
2023-01-10 10:38:00-05:00,387.5299987792969
2023-01-10 10:39:00-05:00,387.4200134277344
2023-01-10 10:40:00-05:00,387.5199890136719
2023-01-10 10:41:00-05:00,387.3999938964844
2023-01-10 10:42:00-05:00,387.1990966796875
2023-01-10 10:43:00-05:00,387.0299987792969
2023-01-10 10:44:00-05:00,386.8200073242188
2023-01-10 10:45:00-05:00,386.5499877929688
2023-01-10 10:46:00-05:00,386.7998962402344
2023-01-10 10:47:00-05:00,387.1400146484375
2023-01-10 10:48:00-05:00,387.2000122070313
2023-01-10 10:49:00-05:00,387.1415100097656
2023-01-10 10:50:00-05:00,387.4200134277344
2023-01-10 10:51:00-05:00,387.75
2023-01-10 10:52:00-05:00,388.0
2023-01-10 10:53:00-05:00,387.9800109863281
2023-01-10 10:54:00-05:00,387.9400024414063
2023-01-10 10:55:00-05:00,387.9400024414063
2023-01-10 10:56:00-05:00,388.4299926757813
2023-01-10 10:57:00-05:00,388.5799865722656
2023-01-10 10:58:00-05:00,388.4500122070313
2023-01-10 10:59:00-05:00,388.4200134277344
2023-01-10 11:00:00-05:00,388.5199890136719
2023-01-10 11:01:00-05:00,388.2999877929688
2023-01-10 11:02:00-05:00,388.4079895019531
2023-01-10 11:03:00-05:00,388.5799865722656
2023-01-10 11:04:00-05:00,388.6499938964844
2023-01-10 11:05:00-05:00,388.6600036621094
2023-01-10 11:06:00-05:00,388.5
2023-01-10 11:07:00-05:00,388.50689697265625
2023-01-10 11:08:00-05:00,388.5499877929688
2023-01-10 11:09:00-05:00,388.5
2023-01-10 11:10:00-05:00,388.3399963378906
2023-01-10 11:11:00-05:00,388.4700012207031
2023-01-10 11:12:00-05:00,388.6799926757813
2023-01-10 11:13:00-05:00,388.7999877929688
2023-01-10 11:14:00-05:00,388.5950012207031
2023-01-10 11:15:00-05:00,388.5546875
2023-01-10 11:16:00-05:00,388.7200012207031
2023-01-10 11:17:00-05:00,388.5671997070313
2023-01-10 11:18:00-05:00,388.3999938964844
2023-01-10 11:19:00-05:00,388.3500061035156
2023-01-10 11:20:00-05:00,388.5880126953125
2023-01-10 11:21:00-05:00,388.5899963378906
2023-01-10 11:22:00-05:00,388.7300109863281
2023-01-10 11:23:00-05:00,388.55999755859375
2023-01-10 11:24:00-05:00,388.6799926757813
2023-01-10 11:25:00-05:00,388.6400146484375
2023-01-10 11:26:00-05:00,388.4399108886719
2023-01-10 11:27:00-05:00,388.30999755859375
2023-01-10 11:28:00-05:00,388.29010009765625
2023-01-10 11:29:00-05:00,388.0899963378906
2023-01-10 11:30:00-05:00,388.2300109863281
2023-01-10 11:31:00-05:00,388.2000122070313
2023-01-10 11:32:00-05:00,388.2101135253906
2023-01-10 11:33:00-05:00,388.1000061035156
2023-01-10 11:34:00-05:00,387.7999877929688
2023-01-10 11:35:00-05:00,387.9500122070313
2023-01-10 11:36:00-05:00,387.9400024414063
2023-01-10 11:37:00-05:00,388.0899963378906
2023-01-10 11:38:00-05:00,387.93499755859375
2023-01-10 11:39:00-05:00,387.7774963378906
2023-01-10 11:40:00-05:00,387.8699951171875
2023-01-10 11:41:00-05:00,387.9200134277344
2023-01-10 11:42:00-05:00,387.8161926269531
2023-01-10 11:43:00-05:00,387.7900085449219
2023-01-10 11:44:00-05:00,387.8999938964844
2023-01-10 11:45:00-05:00,387.80999755859375
2023-01-10 11:46:00-05:00,387.9500122070313
2023-01-10 11:47:00-05:00,387.9599914550781
2023-01-10 11:48:00-05:00,387.8699951171875
2023-01-10 11:49:00-05:00,387.9400024414063
2023-01-10 11:50:00-05:00,388.1700134277344
2023-01-10 11:51:00-05:00,388.0499877929688
2023-01-10 11:52:00-05:00,387.9800109863281
2023-01-10 11:53:00-05:00,387.8550109863281
2023-01-10 11:54:00-05:00,388.0
2023-01-10 11:55:00-05:00,388.1499938964844
2023-01-10 11:56:00-05:00,388.3299865722656
2023-01-10 11:57:00-05:00,388.4100036621094
2023-01-10 11:58:00-05:00,388.3200073242188
2023-01-10 11:59:00-05:00,388.3020935058594
2023-01-10 12:00:00-05:00,388.1199951171875
2023-01-10 12:01:00-05:00,387.5899963378906
2023-01-10 12:02:00-05:00,387.6499938964844
2023-01-10 12:03:00-05:00,387.8399963378906
2023-01-10 12:04:00-05:00,387.7799987792969
2023-01-10 12:05:00-05:00,387.7000122070313
2023-01-10 12:06:00-05:00,387.7799987792969
2023-01-10 12:07:00-05:00,387.8299865722656
2023-01-10 12:08:00-05:00,388.1846923828125
2023-01-10 12:09:00-05:00,388.1900024414063
2023-01-10 12:10:00-05:00,388.1600036621094
2023-01-10 12:11:00-05:00,388.2799987792969
2023-01-10 12:12:00-05:00,388.6700134277344
2023-01-10 12:13:00-05:00,388.6549987792969
2023-01-10 12:14:00-05:00,388.5299987792969
2023-01-10 12:15:00-05:00,388.5450134277344
2023-01-10 12:16:00-05:00,388.2799987792969
2023-01-10 12:17:00-05:00,388.25
2023-01-10 12:18:00-05:00,388.2099914550781
2023-01-10 12:19:00-05:00,388.1300048828125
2023-01-10 12:20:00-05:00,387.9949951171875
2023-01-10 12:21:00-05:00,387.95989990234375
2023-01-10 12:22:00-05:00,388.0799865722656
2023-01-10 12:23:00-05:00,388.0700073242188
2023-01-10 12:24:00-05:00,388.1900024414063
2023-01-10 12:25:00-05:00,388.239990234375
2023-01-10 12:26:00-05:00,388.1700134277344
2023-01-10 12:27:00-05:00,388.2200012207031
2023-01-10 12:28:00-05:00,388.1900024414063
2023-01-10 12:29:00-05:00,388.0700073242188
2023-01-10 12:30:00-05:00,388.1400146484375
2023-01-10 12:31:00-05:00,388.2699890136719
2023-01-10 12:32:00-05:00,388.3450012207031
2023-01-10 12:33:00-05:00,388.3900146484375
2023-01-10 12:34:00-05:00,388.3399963378906
2023-01-10 12:35:00-05:00,388.3599853515625
2023-01-10 12:36:00-05:00,388.5700073242188
2023-01-10 12:37:00-05:00,388.5350036621094
2023-01-10 12:38:00-05:00,388.6000061035156
2023-01-10 12:39:00-05:00,389.1896057128906
2023-01-10 12:40:00-05:00,389.1799926757813
2023-01-10 12:41:00-05:00,389.0899963378906
2023-01-10 12:42:00-05:00,389.0899963378906
2023-01-10 12:43:00-05:00,389.010009765625
2023-01-10 12:44:00-05:00,389.010009765625
2023-01-10 12:45:00-05:00,388.8293151855469
2023-01-10 12:46:00-05:00,388.8190002441406
2023-01-10 12:47:00-05:00,388.875
2023-01-10 12:48:00-05:00,388.8550109863281
2023-01-10 12:49:00-05:00,388.8399963378906
2023-01-10 12:50:00-05:00,388.7850036621094
2023-01-10 12:51:00-05:00,388.9500122070313
2023-01-10 12:52:00-05:00,388.9800109863281
2023-01-10 12:53:00-05:00,388.8299865722656
2023-01-10 12:54:00-05:00,388.7799987792969
2023-01-10 12:55:00-05:00,388.8399963378906
2023-01-10 12:56:00-05:00,388.8800048828125
2023-01-10 12:57:00-05:00,388.7699890136719
2023-01-10 12:58:00-05:00,388.80999755859375
2023-01-10 12:59:00-05:00,388.8800048828125
2023-01-10 13:00:00-05:00,388.8299865722656
2023-01-10 13:01:00-05:00,389.0199890136719
2023-01-10 13:02:00-05:00,389.1000061035156
2023-01-10 13:03:00-05:00,389.0400085449219
2023-01-10 13:04:00-05:00,389.1600036621094
2023-01-10 13:05:00-05:00,389.0899963378906
2023-01-10 13:06:00-05:00,389.2300109863281
2023-01-10 13:07:00-05:00,389.2799987792969
2023-01-10 13:08:00-05:00,389.3900146484375
2023-01-10 13:09:00-05:00,389.3900146484375
2023-01-10 13:10:00-05:00,389.3900146484375
2023-01-10 13:11:00-05:00,389.3301086425781
2023-01-10 13:12:00-05:00,389.25
2023-01-10 13:13:00-05:00,389.2300109863281
2023-01-10 13:14:00-05:00,389.2349853515625
2023-01-10 13:15:00-05:00,389.10009765625
2023-01-10 13:16:00-05:00,388.9000854492188
2023-01-10 13:17:00-05:00,388.8299865722656
2023-01-10 13:18:00-05:00,388.8399963378906
2023-01-10 13:19:00-05:00,388.7999877929688
2023-01-10 13:20:00-05:00,388.7879943847656
2023-01-10 13:21:00-05:00,388.6799926757813
2023-01-10 13:22:00-05:00,388.8399963378906
2023-01-10 13:23:00-05:00,388.9400024414063
2023-01-10 13:24:00-05:00,389.0299987792969
2023-01-10 13:25:00-05:00,389.0364074707031
2023-01-10 13:26:00-05:00,389.0698852539063
2023-01-10 13:27:00-05:00,389.125
2023-01-10 13:28:00-05:00,389.0450134277344
2023-01-10 13:29:00-05:00,389.010009765625
2023-01-10 13:30:00-05:00,389.0799865722656
2023-01-10 13:31:00-05:00,389.1199951171875
2023-01-10 13:32:00-05:00,389.125
2023-01-10 13:33:00-05:00,389.2999877929688
2023-01-10 13:34:00-05:00,389.2799987792969
2023-01-10 13:35:00-05:00,389.4549865722656
2023-01-10 13:36:00-05:00,389.55999755859375
2023-01-10 13:37:00-05:00,389.5400085449219
2023-01-10 13:38:00-05:00,389.489990234375
2023-01-10 13:39:00-05:00,389.4375
2023-01-10 13:40:00-05:00,389.4601135253906
2023-01-10 13:41:00-05:00,389.4700012207031
2023-01-10 13:42:00-05:00,389.4949951171875
2023-01-10 13:43:00-05:00,389.4400024414063
2023-01-10 13:44:00-05:00,389.3500061035156
2023-01-10 13:45:00-05:00,389.3299865722656
2023-01-10 13:46:00-05:00,389.3200073242188
2023-01-10 13:47:00-05:00,389.3299865722656
2023-01-10 13:48:00-05:00,389.18499755859375
2023-01-10 13:49:00-05:00,389.3800048828125
2023-01-10 13:50:00-05:00,389.4150085449219
2023-01-10 13:51:00-05:00,389.3599853515625
2023-01-10 13:52:00-05:00,389.2550048828125
2023-01-10 13:53:00-05:00,389.260009765625
2023-01-10 13:54:00-05:00,389.2099914550781
2023-01-10 13:55:00-05:00,389.2099914550781
2023-01-10 13:56:00-05:00,389.1700134277344
2023-01-10 13:57:00-05:00,389.3380126953125
2023-01-10 13:58:00-05:00,389.3699951171875
2023-01-10 13:59:00-05:00,389.610107421875
2023-01-10 14:00:00-05:00,389.7950134277344
2023-01-10 14:01:00-05:00,389.9100036621094
2023-01-10 14:02:00-05:00,389.9074096679688
2023-01-10 14:03:00-05:00,389.7950134277344
2023-01-10 14:04:00-05:00,389.739990234375
2023-01-10 14:05:00-05:00,389.7000122070313
2023-01-10 14:06:00-05:00,389.5899963378906
2023-01-10 14:07:00-05:00,389.75
2023-01-10 14:08:00-05:00,389.8200073242188
2023-01-10 14:09:00-05:00,389.7950134277344
2023-01-10 14:10:00-05:00,389.8299865722656
2023-01-10 14:11:00-05:00,389.8500061035156
2023-01-10 14:12:00-05:00,390.05999755859375
2023-01-10 14:13:00-05:00,389.9500122070313
2023-01-10 14:14:00-05:00,389.8999938964844
2023-01-10 14:15:00-05:00,389.9599914550781
2023-01-10 14:16:00-05:00,390.0174865722656
2023-01-10 14:17:00-05:00,389.9700012207031
2023-01-10 14:18:00-05:00,390.0599060058594
2023-01-10 14:19:00-05:00,390.0
2023-01-10 14:20:00-05:00,390.1300048828125
2023-01-10 14:21:00-05:00,390.0299987792969
2023-01-10 14:22:00-05:00,389.885009765625
2023-01-10 14:23:00-05:00,389.8200988769531
2023-01-10 14:24:00-05:00,389.80999755859375
2023-01-10 14:25:00-05:00,389.8699951171875
2023-01-10 14:26:00-05:00,389.7701110839844
2023-01-10 14:27:00-05:00,389.7699890136719
2023-01-10 14:28:00-05:00,389.8699951171875
2023-01-10 14:29:00-05:00,389.9700012207031
2023-01-10 14:30:00-05:00,390.0150146484375
2023-01-10 14:31:00-05:00,389.9949951171875
2023-01-10 14:32:00-05:00,390.2200012207031
2023-01-10 14:33:00-05:00,390.1299133300781
2023-01-10 14:34:00-05:00,390.1199951171875
2023-01-10 14:35:00-05:00,390.114990234375
2023-01-10 14:36:00-05:00,390.0400085449219
2023-01-10 14:37:00-05:00,390.0499877929688
2023-01-10 14:38:00-05:00,389.864990234375
2023-01-10 14:39:00-05:00,389.7900085449219
2023-01-10 14:40:00-05:00,389.739990234375
2023-01-10 14:41:00-05:00,389.7099914550781
2023-01-10 14:42:00-05:00,389.7298889160156
2023-01-10 14:43:00-05:00,389.6799926757813
2023-01-10 14:44:00-05:00,389.6400146484375
2023-01-10 14:45:00-05:00,389.5114135742188
2023-01-10 14:46:00-05:00,389.5199890136719
2023-01-10 14:47:00-05:00,389.6000061035156
2023-01-10 14:48:00-05:00,389.6400146484375
2023-01-10 14:49:00-05:00,389.6400146484375
2023-01-10 14:50:00-05:00,389.6155090332031
2023-01-10 14:51:00-05:00,389.5400085449219
2023-01-10 14:52:00-05:00,389.4500122070313
2023-01-10 14:53:00-05:00,389.4599914550781
2023-01-10 14:54:00-05:00,389.5199890136719
2023-01-10 14:55:00-05:00,389.5899963378906
2023-01-10 14:56:00-05:00,389.6400146484375
2023-01-10 14:57:00-05:00,389.5299072265625
2023-01-10 14:58:00-05:00,389.58990478515625
2023-01-10 14:59:00-05:00,389.510009765625
2023-01-10 15:00:00-05:00,389.5880126953125
2023-01-10 15:01:00-05:00,389.510009765625
2023-01-10 15:02:00-05:00,389.3699951171875
2023-01-10 15:03:00-05:00,389.3194885253906
2023-01-10 15:04:00-05:00,389.3500061035156
2023-01-10 15:05:00-05:00,389.3299865722656
2023-01-10 15:06:00-05:00,389.2099914550781
2023-01-10 15:07:00-05:00,389.05999755859375
2023-01-10 15:08:00-05:00,389.239990234375
2023-01-10 15:09:00-05:00,389.2900085449219
2023-01-10 15:10:00-05:00,389.239990234375
2023-01-10 15:11:00-05:00,389.0700073242188
2023-01-10 15:12:00-05:00,389.1799926757813
2023-01-10 15:13:00-05:00,389.2300109863281
2023-01-10 15:14:00-05:00,389.489990234375
2023-01-10 15:15:00-05:00,389.7999877929688
2023-01-10 15:16:00-05:00,389.7585144042969
2023-01-10 15:17:00-05:00,389.6950073242188
2023-01-10 15:18:00-05:00,389.7799987792969
2023-01-10 15:19:00-05:00,389.7550048828125
2023-01-10 15:20:00-05:00,389.760009765625
2023-01-10 15:21:00-05:00,389.5799865722656
2023-01-10 15:22:00-05:00,389.5849914550781
2023-01-10 15:23:00-05:00,389.6000061035156
2023-01-10 15:24:00-05:00,389.6380920410156
2023-01-10 15:25:00-05:00,389.6400146484375
2023-01-10 15:26:00-05:00,389.6600036621094
2023-01-10 15:27:00-05:00,389.7200012207031
2023-01-10 15:28:00-05:00,389.7000122070313
2023-01-10 15:29:00-05:00,389.5899963378906
2023-01-10 15:30:00-05:00,389.5799865722656
2023-01-10 15:31:00-05:00,389.5899963378906
2023-01-10 15:32:00-05:00,389.510009765625
2023-01-10 15:33:00-05:00,389.5899963378906
2023-01-10 15:34:00-05:00,389.6900024414063
2023-01-10 15:35:00-05:00,389.80999755859375
2023-01-10 15:36:00-05:00,389.6700134277344
2023-01-10 15:37:00-05:00,389.7200012207031
2023-01-10 15:38:00-05:00,389.760009765625
2023-01-10 15:39:00-05:00,389.7099914550781
2023-01-10 15:40:00-05:00,389.6900024414063
2023-01-10 15:41:00-05:00,389.7099914550781
2023-01-10 15:42:00-05:00,389.6000061035156
2023-01-10 15:43:00-05:00,389.6799926757813
2023-01-10 15:44:00-05:00,389.635009765625
2023-01-10 15:45:00-05:00,389.75
2023-01-10 15:46:00-05:00,389.8399963378906
2023-01-10 15:47:00-05:00,389.8900146484375
2023-01-10 15:48:00-05:00,389.8999938964844
2023-01-10 15:49:00-05:00,389.8999938964844
2023-01-10 15:50:00-05:00,390.0979919433594
2023-01-10 15:51:00-05:00,390.25
2023-01-10 15:52:00-05:00,390.2200012207031
2023-01-10 15:53:00-05:00,390.1600036621094
2023-01-10 15:54:00-05:00,390.2000122070313
2023-01-10 15:55:00-05:00,390.6499938964844
2023-01-10 15:56:00-05:00,390.510009765625
2023-01-10 15:57:00-05:00,390.55999755859375
2023-01-10 15:58:00-05:00,390.5499877929688
2023-01-10 15:59:00-05:00,390.6310119628906
2023-01-10 16:00:00-05:00,390.82
2023-01-10 16:01:00-05:00,390.66
2023-01-10 16:02:00-05:00,390.53
2023-01-10 16:03:00-05:00,390.49
2023-01-10 16:04:00-05:00,390.51
2023-01-10 16:05:00-05:00,390.58
2023-01-10 16:06:00-05:00,390.54
2023-01-10 16:07:00-05:00,390.57
2023-01-10 16:08:00-05:00,390.58
2023-01-10 16:09:00-05:00,390.58
2023-01-10 16:10:00-05:00,390.5497
2023-01-10 16:11:00-05:00,390.55
2023-01-10 16:12:00-05:00,390.58
2023-01-10 16:13:00-05:00,390.59
2023-01-10 16:14:00-05:00,390.59
2023-01-10 16:15:00-05:00,390.6
2023-01-10 16:16:00-05:00,390.67
2023-01-10 16:17:00-05:00,390.66
2023-01-10 16:18:00-05:00,390.62
2023-01-10 16:19:00-05:00,390.61
2023-01-10 16:20:00-05:00,390.61
2023-01-10 16:21:00-05:00,390.56
2023-01-10 16:22:00-05:00,390.55
2023-01-10 16:23:00-05:00,390.51
2023-01-10 16:24:00-05:00,390.555
2023-01-10 16:25:00-05:00,390.555
2023-01-10 16:26:00-05:00,390.58
2023-01-10 16:27:00-05:00,390.56
2023-01-10 16:28:00-05:00,390.59
2023-01-10 16:29:00-05:00,390.58
2023-01-10 16:30:00-05:00,390.535
2023-01-10 16:31:00-05:00,390.57
2023-01-10 16:32:00-05:00,390.575
2023-01-10 16:33:00-05:00,390.62
2023-01-10 16:34:00-05:00,390.68
2023-01-10 16:35:00-05:00,390.68
2023-01-10 16:36:00-05:00,390.68
2023-01-10 16:37:00-05:00,390.67
2023-01-10 16:38:00-05:00,390.66
2023-01-10 16:39:00-05:00,390.68
2023-01-10 16:40:00-05:00,390.675
2023-01-10 16:41:00-05:00,390.66
2023-01-10 16:42:00-05:00,390.7
2023-01-10 16:43:00-05:00,390.69
2023-01-10 16:44:00-05:00,390.69
2023-01-10 16:45:00-05:00,390.7
2023-01-10 16:46:00-05:00,390.675
2023-01-10 16:47:00-05:00,390.675
2023-01-10 16:48:00-05:00,390.65
2023-01-10 16:49:00-05:00,390.655
2023-01-10 16:50:00-05:00,390.6
2023-01-10 16:51:00-05:00,390.6385
2023-01-10 16:52:00-05:00,390.66
2023-01-10 16:53:00-05:00,390.64
2023-01-10 16:54:00-05:00,390.65
2023-01-10 16:55:00-05:00,390.67
2023-01-10 16:56:00-05:00,390.67
2023-01-10 16:57:00-05:00,390.68
2023-01-10 16:58:00-05:00,390.69
2023-01-10 16:59:00-05:00,390.675
2023-01-10 17:00:00-05:00,393.48572
2023-01-10 17:01:00-05:00,393.48572
2023-01-10 17:02:00-05:00,390.67
2023-01-10 17:03:00-05:00,390.66
2023-01-10 17:04:00-05:00,390.67
2023-01-10 17:05:00-05:00,390.64
2023-01-10 17:06:00-05:00,390.6299
2023-01-10 17:07:00-05:00,390.615
2023-01-10 17:08:00-05:00,390.6
2023-01-10 17:09:00-05:00,390.58
2023-01-10 17:10:00-05:00,390.57
2023-01-10 17:11:00-05:00,390.59
2023-01-10 17:12:00-05:00,390.56
2023-01-10 17:13:00-05:00,390.56
2023-01-10 17:14:00-05:00,390.55
2023-01-10 17:15:00-05:00,390.55
2023-01-10 17:16:00-05:00,390.55
2023-01-10 17:17:00-05:00,390.58
2023-01-10 17:18:00-05:00,390.55
2023-01-10 17:19:00-05:00,390.55
2023-01-10 17:20:00-05:00,390.55
2023-01-10 17:21:00-05:00,390.54
2023-01-10 17:22:00-05:00,390.55
2023-01-10 17:23:00-05:00,390.54
2023-01-10 17:24:00-05:00,390.54
2023-01-10 17:25:00-05:00,390.56
2023-01-10 17:26:00-05:00,390.55
2023-01-10 17:27:00-05:00,390.55
2023-01-10 17:28:00-05:00,390.53
2023-01-10 17:29:00-05:00,390.54
2023-01-10 17:30:00-05:00,390.54
2023-01-10 17:31:00-05:00,390.55
2023-01-10 17:32:00-05:00,390.55
2023-01-10 17:33:00-05:00,390.55
2023-01-10 17:34:00-05:00,390.54
2023-01-10 17:35:00-05:00,390.56
2023-01-10 17:36:00-05:00,390.56
2023-01-10 17:37:00-05:00,390.56
2023-01-10 17:38:00-05:00,390.62
2023-01-10 17:39:00-05:00,390.625
2023-01-10 17:40:00-05:00,390.65
2023-01-10 17:41:00-05:00,390.625
2023-01-10 17:42:00-05:00,390.64
2023-01-10 17:43:00-05:00,390.71
2023-01-10 17:44:00-05:00,390.7
2023-01-10 17:45:00-05:00,390.7
2023-01-10 17:46:00-05:00,390.69
2023-01-10 17:47:00-05:00,390.7
2023-01-10 17:48:00-05:00,390.72
2023-01-10 17:49:00-05:00,390.72
2023-01-10 17:50:00-05:00,390.72
2023-01-10 17:51:00-05:00,390.71
2023-01-10 17:52:00-05:00,390.705
2023-01-10 17:53:00-05:00,390.7
2023-01-10 17:54:00-05:00,390.7
2023-01-10 17:55:00-05:00,390.7
2023-01-10 17:56:00-05:00,390.69
2023-01-10 17:57:00-05:00,390.7
2023-01-10 17:58:00-05:00,390.7
2023-01-10 17:59:00-05:00,390.67
2023-01-10 18:00:00-05:00,390.69
2023-01-10 18:01:00-05:00,390.58
2023-01-10 18:02:00-05:00,390.55
2023-01-10 18:03:00-05:00,390.5
2023-01-10 18:04:00-05:00,390.45
2023-01-10 18:05:00-05:00,390.46
2023-01-10 18:06:00-05:00,390.44
2023-01-10 18:07:00-05:00,390.42
2023-01-10 18:08:00-05:00,390.47
2023-01-10 18:09:00-05:00,390.48
2023-01-10 18:10:00-05:00,390.45
2023-01-10 18:11:00-05:00,390.445
2023-01-10 18:12:00-05:00,390.44
2023-01-10 18:13:00-05:00,390.45
2023-01-10 18:14:00-05:00,390.45
2023-01-10 18:15:00-05:00,390.435
2023-01-10 18:17:00-05:00,390.42
2023-01-10 18:18:00-05:00,390.435
2023-01-10 18:19:00-05:00,390.45
2023-01-10 18:20:00-05:00,390.47
2023-01-10 18:21:00-05:00,390.48
2023-01-10 18:22:00-05:00,390.5
2023-01-10 18:23:00-05:00,390.51
2023-01-10 18:24:00-05:00,390.56
2023-01-10 18:25:00-05:00,390.56
2023-01-10 18:26:00-05:00,390.54
2023-01-10 18:27:00-05:00,390.56
2023-01-10 18:28:00-05:00,390.6
2023-01-10 18:29:00-05:00,390.63
2023-01-10 18:30:00-05:00,390.63
2023-01-10 18:31:00-05:00,390.6
2023-01-10 18:32:00-05:00,390.53
2023-01-10 18:33:00-05:00,390.5
2023-01-10 18:34:00-05:00,390.52
2023-01-10 18:35:00-05:00,390.53
2023-01-10 18:36:00-05:00,390.53
2023-01-10 18:37:00-05:00,390.51
2023-01-10 18:38:00-05:00,390.55
2023-01-10 18:39:00-05:00,390.59
2023-01-10 18:40:00-05:00,390.59
2023-01-10 18:41:00-05:00,390.53
2023-01-10 18:42:00-05:00,390.55
2023-01-10 18:43:00-05:00,390.61
2023-01-10 18:44:00-05:00,390.65
2023-01-10 18:45:00-05:00,390.62
2023-01-10 18:46:00-05:00,390.62
2023-01-10 18:47:00-05:00,390.64
2023-01-10 18:48:00-05:00,390.62
2023-01-10 18:49:00-05:00,390.6498
2023-01-10 18:50:00-05:00,390.64
2023-01-10 18:51:00-05:00,390.68
2023-01-10 18:52:00-05:00,390.67
2023-01-10 18:53:00-05:00,390.78
2023-01-10 18:54:00-05:00,390.76
2023-01-10 18:55:00-05:00,390.77
2023-01-10 18:56:00-05:00,390.73
2023-01-10 18:57:00-05:00,390.71
2023-01-10 18:58:00-05:00,390.72
2023-01-10 18:59:00-05:00,390.735
2023-01-10 19:00:00-05:00,390.77
2023-01-10 19:01:00-05:00,390.8
2023-01-10 19:02:00-05:00,390.77
2023-01-10 19:03:00-05:00,390.88
2023-01-10 19:04:00-05:00,390.9
2023-01-10 19:05:00-05:00,391.01
2023-01-10 19:06:00-05:00,391.03
2023-01-10 19:07:00-05:00,391.02
2023-01-10 19:08:00-05:00,391.05
2023-01-10 19:09:00-05:00,391.04
2023-01-10 19:10:00-05:00,391.03
2023-01-10 19:11:00-05:00,391.015
2023-01-10 19:12:00-05:00,391.01
2023-01-10 19:13:00-05:00,391.01
2023-01-10 19:14:00-05:00,391.07
2023-01-10 19:15:00-05:00,391.14
2023-01-10 19:16:00-05:00,391.17
2023-01-10 19:17:00-05:00,391.15
2023-01-10 19:18:00-05:00,391.1
2023-01-10 19:19:00-05:00,391.09
2023-01-10 19:20:00-05:00,391.01
2023-01-10 19:21:00-05:00,390.98
2023-01-10 19:22:00-05:00,390.98
2023-01-10 19:23:00-05:00,390.96
2023-01-10 19:24:00-05:00,390.97
2023-01-10 19:25:00-05:00,390.96
2023-01-10 19:26:00-05:00,390.94
2023-01-10 19:27:00-05:00,390.92
2023-01-10 19:28:00-05:00,390.89
2023-01-10 19:29:00-05:00,390.9
2023-01-10 19:30:00-05:00,390.93
2023-01-10 19:31:00-05:00,390.98
2023-01-10 19:32:00-05:00,391.04
2023-01-10 19:33:00-05:00,391.03
2023-01-10 19:34:00-05:00,390.92
2023-01-10 19:35:00-05:00,390.875
2023-01-10 19:36:00-05:00,390.86
2023-01-10 19:37:00-05:00,390.92
2023-01-10 19:38:00-05:00,390.9
2023-01-10 19:39:00-05:00,390.96
2023-01-10 19:40:00-05:00,390.95
2023-01-10 19:41:00-05:00,390.98
2023-01-10 19:42:00-05:00,390.91
2023-01-10 19:43:00-05:00,390.89
2023-01-10 19:44:00-05:00,390.86
2023-01-10 19:45:00-05:00,390.94
2023-01-10 19:46:00-05:00,390.93
2023-01-10 19:47:00-05:00,390.94
2023-01-10 19:48:00-05:00,390.93
2023-01-10 19:49:00-05:00,390.9
2023-01-10 19:50:00-05:00,390.91
2023-01-10 19:51:00-05:00,390.96
2023-01-10 19:52:00-05:00,390.99
2023-01-10 19:53:00-05:00,390.98
2023-01-10 19:54:00-05:00,390.98
2023-01-10 19:55:00-05:00,390.97
2023-01-10 19:56:00-05:00,391.0
2023-01-10 19:57:00-05:00,391.05
2023-01-10 19:58:00-05:00,391.06
2023-01-10 19:59:00-05:00,391.07
2023-01-11 04:00:00-05:00,390.74
2023-01-11 04:01:00-05:00,390.51
2023-01-11 04:02:00-05:00,390.62
2023-01-11 04:03:00-05:00,390.87
2023-01-11 04:04:00-05:00,390.9
2023-01-11 04:05:00-05:00,390.94
2023-01-11 04:06:00-05:00,391.04
2023-01-11 04:07:00-05:00,391.09
2023-01-11 04:08:00-05:00,391.14
2023-01-11 04:09:00-05:00,391.15
2023-01-11 04:10:00-05:00,391.05
2023-01-11 04:11:00-05:00,391.08
2023-01-11 04:13:00-05:00,391.04
2023-01-11 04:14:00-05:00,391.06
2023-01-11 04:15:00-05:00,391.02
2023-01-11 04:16:00-05:00,391.18
2023-01-11 04:17:00-05:00,391.35
2023-01-11 04:18:00-05:00,391.48
2023-01-11 04:19:00-05:00,391.5
2023-01-11 04:20:00-05:00,391.49
2023-01-11 04:21:00-05:00,391.52
2023-01-11 04:22:00-05:00,391.52
2023-01-11 04:23:00-05:00,391.51
2023-01-11 04:24:00-05:00,391.47
2023-01-11 04:25:00-05:00,391.46
2023-01-11 04:26:00-05:00,391.3
2023-01-11 04:27:00-05:00,391.38
2023-01-11 04:28:00-05:00,391.55
2023-01-11 04:29:00-05:00,391.6
2023-01-11 04:30:00-05:00,391.55
2023-01-11 04:31:00-05:00,391.49
2023-01-11 04:32:00-05:00,391.49
2023-01-11 04:33:00-05:00,391.43
2023-01-11 04:34:00-05:00,391.42
2023-01-11 04:35:00-05:00,391.4
2023-01-11 04:36:00-05:00,391.38
2023-01-11 04:37:00-05:00,391.31
2023-01-11 04:38:00-05:00,391.35
2023-01-11 04:39:00-05:00,391.3
2023-01-11 04:40:00-05:00,391.4
2023-01-11 04:41:00-05:00,391.45
2023-01-11 04:44:00-05:00,391.42
2023-01-11 04:46:00-05:00,391.41
2023-01-11 04:47:00-05:00,391.36
2023-01-11 04:48:00-05:00,391.42
2023-01-11 04:49:00-05:00,391.38
2023-01-11 04:50:00-05:00,391.32
2023-01-11 04:51:00-05:00,391.31
2023-01-11 04:52:00-05:00,391.33
2023-01-11 04:53:00-05:00,391.39
2023-01-11 04:54:00-05:00,391.45
2023-01-11 04:55:00-05:00,391.41
2023-01-11 04:56:00-05:00,391.41
2023-01-11 04:57:00-05:00,391.3
2023-01-11 04:58:00-05:00,391.3
2023-01-11 04:59:00-05:00,391.36
2023-01-11 05:01:00-05:00,391.42
2023-01-11 05:03:00-05:00,391.43
2023-01-11 05:04:00-05:00,391.5
2023-01-11 05:05:00-05:00,391.62
2023-01-11 05:06:00-05:00,391.66
2023-01-11 05:07:00-05:00,391.58
2023-01-11 05:08:00-05:00,391.95
2023-01-11 05:09:00-05:00,391.79
2023-01-11 05:10:00-05:00,391.85
2023-01-11 05:11:00-05:00,391.7
2023-01-11 05:12:00-05:00,391.78
2023-01-11 05:13:00-05:00,391.78
2023-01-11 05:14:00-05:00,391.65
2023-01-11 05:15:00-05:00,391.66
2023-01-11 05:16:00-05:00,391.61
2023-01-11 05:17:00-05:00,391.57
2023-01-11 05:18:00-05:00,391.46
2023-01-11 05:19:00-05:00,391.46
2023-01-11 05:20:00-05:00,391.51
2023-01-11 05:21:00-05:00,391.53
2023-01-11 05:22:00-05:00,391.56
2023-01-11 05:23:00-05:00,391.51
2023-01-11 05:24:00-05:00,391.51
2023-01-11 05:25:00-05:00,391.48
2023-01-11 05:27:00-05:00,391.55
2023-01-11 05:28:00-05:00,391.57
2023-01-11 05:29:00-05:00,391.55
2023-01-11 05:30:00-05:00,391.55
2023-01-11 05:31:00-05:00,391.58
2023-01-11 05:32:00-05:00,391.58
2023-01-11 05:33:00-05:00,391.43
2023-01-11 05:34:00-05:00,391.44
2023-01-11 05:36:00-05:00,391.42
2023-01-11 05:37:00-05:00,391.44
2023-01-11 05:38:00-05:00,391.35
2023-01-11 05:41:00-05:00,391.21
2023-01-11 05:42:00-05:00,391.16
2023-01-11 05:43:00-05:00,391.15
2023-01-11 05:44:00-05:00,391.3
2023-01-11 05:45:00-05:00,391.2
2023-01-11 05:46:00-05:00,391.31
2023-01-11 05:47:00-05:00,391.33
2023-01-11 05:48:00-05:00,391.29
2023-01-11 05:49:00-05:00,391.28
2023-01-11 05:50:00-05:00,391.29
2023-01-11 05:51:00-05:00,391.33
2023-01-11 05:52:00-05:00,391.34
2023-01-11 05:53:00-05:00,391.29
2023-01-11 05:55:00-05:00,391.35
2023-01-11 05:56:00-05:00,391.34
2023-01-11 05:57:00-05:00,391.32
2023-01-11 05:58:00-05:00,391.25
2023-01-11 05:59:00-05:00,391.32
2023-01-11 06:00:00-05:00,391.39
2023-01-11 06:01:00-05:00,391.42
2023-01-11 06:02:00-05:00,391.33
2023-01-11 06:03:00-05:00,391.33
2023-01-11 06:04:00-05:00,391.33
2023-01-11 06:05:00-05:00,391.3
2023-01-11 06:06:00-05:00,391.29
2023-01-11 06:07:00-05:00,391.26
2023-01-11 06:08:00-05:00,391.25
2023-01-11 06:09:00-05:00,391.19
2023-01-11 06:10:00-05:00,391.24
2023-01-11 06:11:00-05:00,391.26
2023-01-11 06:12:00-05:00,391.29
2023-01-11 06:13:00-05:00,391.3
2023-01-11 06:15:00-05:00,391.23
2023-01-11 06:16:00-05:00,391.27
2023-01-11 06:17:00-05:00,391.21
2023-01-11 06:18:00-05:00,391.24
2023-01-11 06:19:00-05:00,391.21
2023-01-11 06:20:00-05:00,391.25
2023-01-11 06:21:00-05:00,391.18
2023-01-11 06:22:00-05:00,391.3
2023-01-11 06:23:00-05:00,391.33
2023-01-11 06:24:00-05:00,391.3
2023-01-11 06:25:00-05:00,391.27
2023-01-11 06:26:00-05:00,391.31
2023-01-11 06:27:00-05:00,391.28
2023-01-11 06:28:00-05:00,391.26
2023-01-11 06:29:00-05:00,391.22
2023-01-11 06:31:00-05:00,391.42
2023-01-11 06:32:00-05:00,391.45
2023-01-11 06:33:00-05:00,391.46
2023-01-11 06:34:00-05:00,391.43
2023-01-11 06:35:00-05:00,391.46
2023-01-11 06:37:00-05:00,391.37
2023-01-11 06:38:00-05:00,391.38
2023-01-11 06:39:00-05:00,391.51
2023-01-11 06:40:00-05:00,391.49
2023-01-11 06:41:00-05:00,391.68
2023-01-11 06:42:00-05:00,391.7
2023-01-11 06:43:00-05:00,391.77
2023-01-11 06:44:00-05:00,391.8
2023-01-11 06:45:00-05:00,391.76
2023-01-11 06:46:00-05:00,391.75
2023-01-11 06:47:00-05:00,391.73
2023-01-11 06:48:00-05:00,391.72
2023-01-11 06:49:00-05:00,391.6
2023-01-11 06:50:00-05:00,391.55
2023-01-11 06:51:00-05:00,391.55
2023-01-11 06:52:00-05:00,391.53
2023-01-11 06:53:00-05:00,391.55
2023-01-11 06:54:00-05:00,391.63
2023-01-11 06:55:00-05:00,391.53
2023-01-11 06:56:00-05:00,391.47
2023-01-11 06:57:00-05:00,391.37
2023-01-11 06:58:00-05:00,391.39
2023-01-11 06:59:00-05:00,391.38
2023-01-11 07:00:00-05:00,391.46
2023-01-11 07:01:00-05:00,391.36
2023-01-11 07:02:00-05:00,391.38
2023-01-11 07:03:00-05:00,391.41
2023-01-11 07:04:00-05:00,391.48
2023-01-11 07:05:00-05:00,391.48
2023-01-11 07:06:00-05:00,391.5
2023-01-11 07:07:00-05:00,391.49
2023-01-11 07:08:00-05:00,391.5
2023-01-11 07:09:00-05:00,391.45
2023-01-11 07:10:00-05:00,391.43
2023-01-11 07:11:00-05:00,391.44
2023-01-11 07:12:00-05:00,391.35
2023-01-11 07:13:00-05:00,391.24
2023-01-11 07:14:00-05:00,391.25
2023-01-11 07:15:00-05:00,391.18
2023-01-11 07:16:00-05:00,391.1
2023-01-11 07:17:00-05:00,391.07
2023-01-11 07:18:00-05:00,391.0
2023-01-11 07:19:00-05:00,390.99
2023-01-11 07:20:00-05:00,390.87
2023-01-11 07:21:00-05:00,390.89
2023-01-11 07:22:00-05:00,390.89
2023-01-11 07:23:00-05:00,391.04
2023-01-11 07:24:00-05:00,391.02
2023-01-11 07:25:00-05:00,390.98
2023-01-11 07:26:00-05:00,391.04
2023-01-11 07:27:00-05:00,391.05
2023-01-11 07:28:00-05:00,391.09
2023-01-11 07:29:00-05:00,391.08
2023-01-11 07:30:00-05:00,391.08
2023-01-11 07:31:00-05:00,391.14
2023-01-11 07:32:00-05:00,391.16
2023-01-11 07:33:00-05:00,391.35
2023-01-11 07:34:00-05:00,391.32
2023-01-11 07:35:00-05:00,391.33
2023-01-11 07:36:00-05:00,391.35
2023-01-11 07:37:00-05:00,391.39
2023-01-11 07:38:00-05:00,391.44
2023-01-11 07:39:00-05:00,391.44
2023-01-11 07:40:00-05:00,391.4
2023-01-11 07:41:00-05:00,391.39
2023-01-11 07:42:00-05:00,391.36
2023-01-11 07:43:00-05:00,391.3
2023-01-11 07:44:00-05:00,391.31
2023-01-11 07:45:00-05:00,391.27
2023-01-11 07:46:00-05:00,391.35
2023-01-11 07:47:00-05:00,391.46
2023-01-11 07:48:00-05:00,391.51
2023-01-11 07:49:00-05:00,391.57
2023-01-11 07:50:00-05:00,391.51
2023-01-11 07:51:00-05:00,391.48
2023-01-11 07:52:00-05:00,391.4
2023-01-11 07:53:00-05:00,391.45
2023-01-11 07:54:00-05:00,391.45
2023-01-11 07:55:00-05:00,391.37
2023-01-11 07:56:00-05:00,391.25
2023-01-11 07:57:00-05:00,391.32
2023-01-11 07:58:00-05:00,391.4
2023-01-11 07:59:00-05:00,391.4
2023-01-11 08:00:00-05:00,391.6585
2023-01-11 08:01:00-05:00,391.59
2023-01-11 08:02:00-05:00,391.61
2023-01-11 08:03:00-05:00,391.6
2023-01-11 08:04:00-05:00,391.56
2023-01-11 08:05:00-05:00,391.66
2023-01-11 08:06:00-05:00,391.74
2023-01-11 08:07:00-05:00,391.73
2023-01-11 08:08:00-05:00,391.65
2023-01-11 08:09:00-05:00,391.72
2023-01-11 08:10:00-05:00,391.7
2023-01-11 08:11:00-05:00,391.75
2023-01-11 08:12:00-05:00,391.85
2023-01-11 08:13:00-05:00,391.82
2023-01-11 08:14:00-05:00,391.82
2023-01-11 08:15:00-05:00,391.82
2023-01-11 08:16:00-05:00,391.92
2023-01-11 08:17:00-05:00,391.91
2023-01-11 08:18:00-05:00,391.87
2023-01-11 08:19:00-05:00,391.98
2023-01-11 08:20:00-05:00,391.96
2023-01-11 08:21:00-05:00,391.96
2023-01-11 08:22:00-05:00,391.95
2023-01-11 08:23:00-05:00,391.96
2023-01-11 08:24:00-05:00,392.1
2023-01-11 08:25:00-05:00,392.08
2023-01-11 08:26:00-05:00,392.1
2023-01-11 08:27:00-05:00,392.06
2023-01-11 08:28:00-05:00,391.9
2023-01-11 08:29:00-05:00,391.98
2023-01-11 08:30:00-05:00,391.925
2023-01-11 08:31:00-05:00,391.84
2023-01-11 08:32:00-05:00,391.78
2023-01-11 08:33:00-05:00,391.78
2023-01-11 08:34:00-05:00,391.77
2023-01-11 08:35:00-05:00,391.71
2023-01-11 08:36:00-05:00,391.63
2023-01-11 08:37:00-05:00,391.65
2023-01-11 08:38:00-05:00,391.62
2023-01-11 08:39:00-05:00,391.63
2023-01-11 08:40:00-05:00,391.71
2023-01-11 08:41:00-05:00,391.79
2023-01-11 08:42:00-05:00,391.85
2023-01-11 08:43:00-05:00,391.85
2023-01-11 08:44:00-05:00,391.91
2023-01-11 08:45:00-05:00,392.03
2023-01-11 08:46:00-05:00,391.99
2023-01-11 08:47:00-05:00,392.05
2023-01-11 08:48:00-05:00,392.07
2023-01-11 08:49:00-05:00,392.05
2023-01-11 08:50:00-05:00,392.04
2023-01-11 08:51:00-05:00,391.99
2023-01-11 08:52:00-05:00,392.22
2023-01-11 08:53:00-05:00,392.24
2023-01-11 08:54:00-05:00,392.22
2023-01-11 08:55:00-05:00,392.25
2023-01-11 08:56:00-05:00,392.18
2023-01-11 08:57:00-05:00,392.1
2023-01-11 08:58:00-05:00,392.1
2023-01-11 08:59:00-05:00,392.2
2023-01-11 09:00:00-05:00,392.2
2023-01-11 09:01:00-05:00,392.03
2023-01-11 09:02:00-05:00,391.92
2023-01-11 09:03:00-05:00,391.98
2023-01-11 09:04:00-05:00,391.96
2023-01-11 09:05:00-05:00,391.91
2023-01-11 09:06:00-05:00,391.93
2023-01-11 09:07:00-05:00,391.96
2023-01-11 09:08:00-05:00,392.17
2023-01-11 09:09:00-05:00,392.18
2023-01-11 09:10:00-05:00,392.16
2023-01-11 09:11:00-05:00,392.05
2023-01-11 09:12:00-05:00,391.98
2023-01-11 09:13:00-05:00,391.92
2023-01-11 09:14:00-05:00,391.89
2023-01-11 09:30:00-05:00,392.6900024414063
2023-01-11 09:31:00-05:00,392.6499938964844
2023-01-11 09:32:00-05:00,392.4800109863281
2023-01-11 09:33:00-05:00,392.1300048828125
2023-01-11 09:34:00-05:00,392.1799926757813
2023-01-11 09:35:00-05:00,392.5199890136719
2023-01-11 09:36:00-05:00,392.6099853515625
2023-01-11 09:37:00-05:00,392.7799987792969
2023-01-11 09:38:00-05:00,392.7999877929688
2023-01-11 09:39:00-05:00,392.8500061035156
2023-01-11 09:40:00-05:00,392.7799987792969
2023-01-11 09:41:00-05:00,392.80999755859375
2023-01-11 09:42:00-05:00,392.9100036621094
2023-01-11 09:43:00-05:00,393.1449890136719
2023-01-11 09:44:00-05:00,393.1000061035156
2023-01-11 09:45:00-05:00,393.118896484375
2023-01-11 09:46:00-05:00,392.9500122070313
2023-01-11 09:47:00-05:00,392.9299926757813
2023-01-11 09:48:00-05:00,393.1593933105469
2023-01-11 09:49:00-05:00,393.0571899414063
2023-01-11 09:50:00-05:00,392.80999755859375
2023-01-11 09:51:00-05:00,392.80999755859375
2023-01-11 09:52:00-05:00,392.8699951171875
2023-01-11 09:53:00-05:00,392.7250061035156
2023-01-11 09:54:00-05:00,392.3789978027344
2023-01-11 09:55:00-05:00,392.4299926757813
2023-01-11 09:56:00-05:00,392.5499877929688
2023-01-11 09:57:00-05:00,392.2999877929688
2023-01-11 09:58:00-05:00,392.30999755859375
2023-01-11 09:59:00-05:00,392.3800048828125
2023-01-11 10:00:00-05:00,392.4800109863281
2023-01-11 10:01:00-05:00,392.3299865722656
2023-01-11 10:02:00-05:00,392.2900085449219
2023-01-11 10:03:00-05:00,392.3399963378906
2023-01-11 10:04:00-05:00,392.4200134277344
2023-01-11 10:05:00-05:00,392.6199951171875
2023-01-11 10:06:00-05:00,392.7000122070313
2023-01-11 10:07:00-05:00,392.6382141113281
2023-01-11 10:08:00-05:00,392.8500061035156
2023-01-11 10:09:00-05:00,392.840087890625
2023-01-11 10:10:00-05:00,392.9299926757813
2023-01-11 10:11:00-05:00,392.8900146484375
2023-01-11 10:12:00-05:00,392.80999755859375
2023-01-11 10:13:00-05:00,392.6799926757813
2023-01-11 10:14:00-05:00,392.6099853515625
2023-01-11 10:15:00-05:00,392.6099853515625
2023-01-11 10:16:00-05:00,392.5499877929688
2023-01-11 10:17:00-05:00,392.6400146484375
2023-01-11 10:18:00-05:00,392.5799865722656
2023-01-11 10:19:00-05:00,392.5
2023-01-11 10:20:00-05:00,392.489990234375
2023-01-11 10:21:00-05:00,392.4800109863281
2023-01-11 10:22:00-05:00,392.8399963378906
2023-01-11 10:23:00-05:00,392.80999755859375
2023-01-11 10:24:00-05:00,392.8150024414063
2023-01-11 10:25:00-05:00,392.70989990234375
2023-01-11 10:26:00-05:00,392.7999877929688
2023-01-11 10:27:00-05:00,392.9700012207031
2023-01-11 10:28:00-05:00,393.0799865722656
2023-01-11 10:29:00-05:00,393.0700073242188
2023-01-11 10:30:00-05:00,393.05999755859375
2023-01-11 10:31:00-05:00,392.7300109863281
2023-01-11 10:32:00-05:00,392.739990234375
2023-01-11 10:33:00-05:00,392.6842041015625
2023-01-11 10:34:00-05:00,392.5571899414063
2023-01-11 10:35:00-05:00,392.4200134277344
2023-01-11 10:36:00-05:00,392.2401123046875
2023-01-11 10:37:00-05:00,392.1799926757813
2023-01-11 10:38:00-05:00,392.1900024414063
2023-01-11 10:39:00-05:00,392.2200012207031
2023-01-11 10:40:00-05:00,392.3200073242188
2023-01-11 10:41:00-05:00,392.3699951171875
2023-01-11 10:42:00-05:00,392.3599853515625
2023-01-11 10:43:00-05:00,392.2999877929688
2023-01-11 10:44:00-05:00,392.30999755859375
2023-01-11 10:45:00-05:00,392.4700012207031
2023-01-11 10:46:00-05:00,392.4549865722656
2023-01-11 10:47:00-05:00,392.4599914550781
2023-01-11 10:48:00-05:00,392.5799865722656
2023-01-11 10:49:00-05:00,392.5199890136719
2023-01-11 10:50:00-05:00,392.4599914550781
2023-01-11 10:51:00-05:00,392.2900085449219
2023-01-11 10:52:00-05:00,392.3599853515625
2023-01-11 10:53:00-05:00,392.260009765625
2023-01-11 10:54:00-05:00,391.9129943847656
2023-01-11 10:55:00-05:00,391.9400024414063
2023-01-11 10:56:00-05:00,391.80999755859375
2023-01-11 10:57:00-05:00,391.7000122070313
2023-01-11 10:58:00-05:00,391.6799926757813
2023-01-11 10:59:00-05:00,391.6500854492188
2023-01-11 11:00:00-05:00,391.7099914550781
2023-01-11 11:01:00-05:00,391.7000122070313
2023-01-11 11:02:00-05:00,391.8299865722656
2023-01-11 11:03:00-05:00,391.8699951171875
2023-01-11 11:04:00-05:00,391.9400024414063
2023-01-11 11:05:00-05:00,391.8800048828125
2023-01-11 11:06:00-05:00,391.9800109863281
2023-01-11 11:07:00-05:00,392.0400085449219
2023-01-11 11:08:00-05:00,392.0249938964844
2023-01-11 11:09:00-05:00,391.9500122070313
2023-01-11 11:10:00-05:00,392.1900024414063
2023-01-11 11:11:00-05:00,392.1499938964844
2023-01-11 11:12:00-05:00,392.1900024414063
2023-01-11 11:13:00-05:00,392.239990234375
2023-01-11 11:14:00-05:00,392.4400024414063
2023-01-11 11:15:00-05:00,392.5650024414063
2023-01-11 11:16:00-05:00,392.739990234375
2023-01-11 11:17:00-05:00,392.5849914550781
2023-01-11 11:18:00-05:00,392.6400146484375
2023-01-11 11:19:00-05:00,392.6000061035156
2023-01-11 11:20:00-05:00,392.5400085449219
2023-01-11 11:21:00-05:00,392.5
2023-01-11 11:22:00-05:00,392.5400085449219
2023-01-11 11:23:00-05:00,392.7000122070313
2023-01-11 11:24:00-05:00,392.5799865722656
2023-01-11 11:25:00-05:00,392.5899963378906
2023-01-11 11:26:00-05:00,392.6300048828125
2023-01-11 11:27:00-05:00,392.6210021972656
2023-01-11 11:28:00-05:00,392.6499938964844
2023-01-11 11:29:00-05:00,392.6600036621094
2023-01-11 11:30:00-05:00,392.7200012207031
2023-01-11 11:31:00-05:00,392.80999755859375
2023-01-11 11:32:00-05:00,392.7999877929688
2023-01-11 11:33:00-05:00,392.760009765625
2023-01-11 11:34:00-05:00,392.7000122070313
2023-01-11 11:35:00-05:00,392.6449890136719
2023-01-11 11:36:00-05:00,392.5299987792969
2023-01-11 11:37:00-05:00,392.48779296875
2023-01-11 11:38:00-05:00,392.5299987792969
2023-01-11 11:39:00-05:00,392.5499877929688
2023-01-11 11:40:00-05:00,392.6499938964844
2023-01-11 11:41:00-05:00,392.7699890136719
2023-01-11 11:42:00-05:00,392.7106018066406
2023-01-11 11:43:00-05:00,392.6499938964844
2023-01-11 11:44:00-05:00,392.7900085449219
2023-01-11 11:45:00-05:00,392.8599853515625
2023-01-11 11:46:00-05:00,392.8599853515625
2023-01-11 11:47:00-05:00,392.8599853515625
2023-01-11 11:48:00-05:00,392.8500061035156
2023-01-11 11:49:00-05:00,392.9100036621094
2023-01-11 11:50:00-05:00,392.8900146484375
2023-01-11 11:51:00-05:00,392.7799987792969
2023-01-11 11:52:00-05:00,392.9299926757813
2023-01-11 11:53:00-05:00,393.0199890136719
2023-01-11 11:54:00-05:00,392.9700012207031
2023-01-11 11:55:00-05:00,393.0450134277344
2023-01-11 11:56:00-05:00,393.0299987792969
2023-01-11 11:57:00-05:00,392.99798583984375
2023-01-11 11:58:00-05:00,392.9599914550781
2023-01-11 11:59:00-05:00,392.7900085449219
2023-01-11 12:00:00-05:00,392.9100036621094
2023-01-11 12:01:00-05:00,392.9299926757813
2023-01-11 12:02:00-05:00,393.0450134277344
2023-01-11 12:03:00-05:00,393.0499877929688
2023-01-11 12:04:00-05:00,393.010009765625
2023-01-11 12:05:00-05:00,393.0093078613281
2023-01-11 12:06:00-05:00,392.9700012207031
2023-01-11 12:07:00-05:00,393.0299987792969
2023-01-11 12:08:00-05:00,393.0499877929688
2023-01-11 12:09:00-05:00,393.0314025878906
2023-01-11 12:10:00-05:00,393.2300109863281
2023-01-11 12:11:00-05:00,393.3599853515625
2023-01-11 12:12:00-05:00,393.30999755859375
2023-01-11 12:13:00-05:00,393.30999755859375
2023-01-11 12:14:00-05:00,393.3999938964844
2023-01-11 12:15:00-05:00,393.4200134277344
2023-01-11 12:16:00-05:00,393.3500061035156
2023-01-11 12:17:00-05:00,393.3999938964844
2023-01-11 12:18:00-05:00,393.5198974609375
2023-01-11 12:19:00-05:00,393.3900146484375
2023-01-11 12:20:00-05:00,393.3110961914063
2023-01-11 12:21:00-05:00,393.5799865722656
2023-01-11 12:22:00-05:00,393.6300048828125
2023-01-11 12:23:00-05:00,393.6099853515625
2023-01-11 12:24:00-05:00,393.5750122070313
2023-01-11 12:25:00-05:00,393.4400024414063
2023-01-11 12:26:00-05:00,393.3699951171875
2023-01-11 12:27:00-05:00,393.3900146484375
2023-01-11 12:28:00-05:00,393.5299987792969
2023-01-11 12:29:00-05:00,393.5400085449219
2023-01-11 12:30:00-05:00,393.5400085449219
2023-01-11 12:31:00-05:00,393.4299926757813
2023-01-11 12:32:00-05:00,393.3550109863281
2023-01-11 12:33:00-05:00,393.239990234375
2023-01-11 12:34:00-05:00,393.2149963378906
2023-01-11 12:35:00-05:00,393.159912109375
2023-01-11 12:36:00-05:00,393.1300048828125
2023-01-11 12:37:00-05:00,393.1600036621094
2023-01-11 12:38:00-05:00,393.1300048828125
2023-01-11 12:39:00-05:00,393.2000122070313
2023-01-11 12:40:00-05:00,393.2000122070313
2023-01-11 12:41:00-05:00,393.2300109863281
2023-01-11 12:42:00-05:00,393.239990234375
2023-01-11 12:43:00-05:00,393.2699890136719
2023-01-11 12:44:00-05:00,393.1199951171875
2023-01-11 12:45:00-05:00,393.1700134277344
2023-01-11 12:46:00-05:00,393.260009765625
2023-01-11 12:47:00-05:00,393.2999877929688
2023-01-11 12:48:00-05:00,393.2999877929688
2023-01-11 12:49:00-05:00,393.2850036621094
2023-01-11 12:50:00-05:00,393.3800048828125
2023-01-11 12:51:00-05:00,393.3699951171875
2023-01-11 12:52:00-05:00,393.4089965820313
2023-01-11 12:53:00-05:00,393.4500122070313
2023-01-11 12:54:00-05:00,393.3299865722656
2023-01-11 12:55:00-05:00,393.2799987792969
2023-01-11 12:56:00-05:00,393.3089904785156
2023-01-11 12:57:00-05:00,393.2000122070313
2023-01-11 12:58:00-05:00,393.2000122070313
2023-01-11 12:59:00-05:00,393.2699890136719
2023-01-11 13:00:00-05:00,393.2900085449219
2023-01-11 13:01:00-05:00,393.3399963378906
2023-01-11 13:02:00-05:00,393.5299987792969
2023-01-11 13:03:00-05:00,393.6700134277344
2023-01-11 13:04:00-05:00,393.7300109863281
2023-01-11 13:05:00-05:00,393.7000122070313
2023-01-11 13:06:00-05:00,393.6700134277344
2023-01-11 13:07:00-05:00,393.6400146484375
2023-01-11 13:08:00-05:00,393.7200012207031
2023-01-11 13:09:00-05:00,393.7349853515625
2023-01-11 13:10:00-05:00,393.8999938964844
2023-01-11 13:11:00-05:00,393.8800048828125
2023-01-11 13:12:00-05:00,393.80999755859375
2023-01-11 13:13:00-05:00,393.8399963378906
2023-01-11 13:14:00-05:00,394.2799987792969
2023-01-11 13:15:00-05:00,394.0700073242188
2023-01-11 13:16:00-05:00,393.7200012207031
2023-01-11 13:17:00-05:00,393.5799865722656
2023-01-11 13:18:00-05:00,393.5750122070313
2023-01-11 13:19:00-05:00,393.5299987792969
2023-01-11 13:20:00-05:00,393.4100036621094
2023-01-11 13:21:00-05:00,393.3299865722656
2023-01-11 13:22:00-05:00,393.3250122070313
2023-01-11 13:23:00-05:00,393.3599853515625
2023-01-11 13:24:00-05:00,393.5700073242188
2023-01-11 13:25:00-05:00,393.6099853515625
2023-01-11 13:26:00-05:00,393.55999755859375
2023-01-11 13:27:00-05:00,393.6400146484375
2023-01-11 13:28:00-05:00,393.9299926757813
2023-01-11 13:29:00-05:00,393.8999938964844
2023-01-11 13:30:00-05:00,393.9450073242188
2023-01-11 13:31:00-05:00,393.989990234375
2023-01-11 13:32:00-05:00,393.9700012207031
2023-01-11 13:33:00-05:00,393.9700012207031
2023-01-11 13:34:00-05:00,394.0400085449219
2023-01-11 13:35:00-05:00,393.9400024414063
2023-01-11 13:36:00-05:00,393.989990234375
2023-01-11 13:37:00-05:00,393.9500122070313
2023-01-11 13:38:00-05:00,393.9089050292969
2023-01-11 13:39:00-05:00,393.9200134277344
2023-01-11 13:40:00-05:00,394.0400085449219
2023-01-11 13:41:00-05:00,394.1199951171875
2023-01-11 13:42:00-05:00,394.010009765625
2023-01-11 13:43:00-05:00,394.0712890625
2023-01-11 13:44:00-05:00,394.0750122070313
2023-01-11 13:45:00-05:00,393.9800109863281
2023-01-11 13:46:00-05:00,393.9400024414063
2023-01-11 13:47:00-05:00,393.9800109863281
2023-01-11 13:48:00-05:00,393.9700012207031
2023-01-11 13:49:00-05:00,393.8999938964844
2023-01-11 13:50:00-05:00,393.8699951171875
2023-01-11 13:51:00-05:00,393.7793884277344
2023-01-11 13:52:00-05:00,393.635009765625
2023-01-11 13:53:00-05:00,393.5400085449219
2023-01-11 13:54:00-05:00,393.4800109863281
2023-01-11 13:55:00-05:00,393.6549987792969
2023-01-11 13:56:00-05:00,393.6000061035156
2023-01-11 13:57:00-05:00,393.5899963378906
2023-01-11 13:58:00-05:00,393.5700073242188
2023-01-11 13:59:00-05:00,393.6400146484375
2023-01-11 14:00:00-05:00,393.70989990234375
2023-01-11 14:01:00-05:00,393.760009765625
2023-01-11 14:02:00-05:00,393.6799926757813
2023-01-11 14:03:00-05:00,393.6199951171875
2023-01-11 14:04:00-05:00,393.6099853515625
2023-01-11 14:05:00-05:00,393.5400085449219
2023-01-11 14:06:00-05:00,393.3949890136719
2023-01-11 14:07:00-05:00,393.2900085449219
2023-01-11 14:08:00-05:00,393.5
2023-01-11 14:09:00-05:00,393.489990234375
2023-01-11 14:10:00-05:00,393.6000061035156
2023-01-11 14:11:00-05:00,393.6099853515625
2023-01-11 14:12:00-05:00,393.6000061035156
2023-01-11 14:13:00-05:00,393.6400146484375
2023-01-11 14:14:00-05:00,393.6400146484375
2023-01-11 14:15:00-05:00,393.5299987792969
2023-01-11 14:16:00-05:00,393.6600036621094
2023-01-11 14:17:00-05:00,393.7049865722656
2023-01-11 14:18:00-05:00,393.7900085449219
2023-01-11 14:19:00-05:00,393.8599853515625
2023-01-11 14:20:00-05:00,393.8800048828125
2023-01-11 14:21:00-05:00,393.8200073242188
2023-01-11 14:22:00-05:00,393.8999938964844
2023-01-11 14:23:00-05:00,393.8981018066406
2023-01-11 14:24:00-05:00,393.8800048828125
2023-01-11 14:25:00-05:00,393.8999938964844
2023-01-11 14:26:00-05:00,393.989990234375
2023-01-11 14:27:00-05:00,393.9299926757813
2023-01-11 14:28:00-05:00,393.9599914550781
2023-01-11 14:29:00-05:00,393.9500122070313
2023-01-11 14:30:00-05:00,393.9299926757813
2023-01-11 14:31:00-05:00,394.1283874511719
2023-01-11 14:32:00-05:00,394.0499877929688
2023-01-11 14:33:00-05:00,394.1300048828125
2023-01-11 14:34:00-05:00,394.1799926757813
2023-01-11 14:35:00-05:00,394.114990234375
2023-01-11 14:36:00-05:00,394.1600036621094
2023-01-11 14:37:00-05:00,394.30999755859375
2023-01-11 14:38:00-05:00,394.2850036621094
2023-01-11 14:39:00-05:00,394.2699890136719
2023-01-11 14:40:00-05:00,394.25
2023-01-11 14:41:00-05:00,394.2000122070313
2023-01-11 14:42:00-05:00,394.2900085449219
2023-01-11 14:43:00-05:00,394.4299926757813
2023-01-11 14:44:00-05:00,394.55999755859375
2023-01-11 14:45:00-05:00,394.5499877929688
2023-01-11 14:46:00-05:00,394.510009765625
2023-01-11 14:47:00-05:00,394.4800109863281
2023-01-11 14:48:00-05:00,394.4500122070313
2023-01-11 14:49:00-05:00,394.3949890136719
2023-01-11 14:50:00-05:00,394.3150024414063
2023-01-11 14:51:00-05:00,394.2850036621094
2023-01-11 14:52:00-05:00,394.2699890136719
2023-01-11 14:53:00-05:00,394.239990234375
2023-01-11 14:54:00-05:00,394.2699890136719
2023-01-11 14:55:00-05:00,394.239990234375
2023-01-11 14:56:00-05:00,394.2000122070313
2023-01-11 14:57:00-05:00,394.260009765625
2023-01-11 14:58:00-05:00,394.2449951171875
2023-01-11 14:59:00-05:00,394.3212890625
2023-01-11 15:00:00-05:00,394.3900146484375
2023-01-11 15:01:00-05:00,394.4049987792969
2023-01-11 15:02:00-05:00,394.4700012207031
2023-01-11 15:03:00-05:00,394.385009765625
2023-01-11 15:04:00-05:00,394.55999755859375
2023-01-11 15:05:00-05:00,394.5199890136719
2023-01-11 15:06:00-05:00,394.375
2023-01-11 15:07:00-05:00,394.4500122070313
2023-01-11 15:08:00-05:00,394.5
2023-01-11 15:09:00-05:00,394.4670104980469
2023-01-11 15:10:00-05:00,394.4949951171875
2023-01-11 15:11:00-05:00,394.6401062011719
2023-01-11 15:12:00-05:00,394.8096923828125
2023-01-11 15:13:00-05:00,394.6300048828125
2023-01-11 15:14:00-05:00,394.6600036621094
2023-01-11 15:15:00-05:00,394.7099914550781
2023-01-11 15:16:00-05:00,394.75
2023-01-11 15:17:00-05:00,394.7677001953125
2023-01-11 15:18:00-05:00,394.8500061035156
2023-01-11 15:19:00-05:00,394.9200134277344
2023-01-11 15:20:00-05:00,394.8900146484375
2023-01-11 15:21:00-05:00,394.8699951171875
2023-01-11 15:22:00-05:00,394.8299865722656
2023-01-11 15:23:00-05:00,394.80999755859375
2023-01-11 15:24:00-05:00,394.781005859375
2023-01-11 15:25:00-05:00,394.8800048828125
2023-01-11 15:26:00-05:00,394.7300109863281
2023-01-11 15:27:00-05:00,394.6300048828125
2023-01-11 15:28:00-05:00,394.6199951171875
2023-01-11 15:29:00-05:00,394.6199951171875
2023-01-11 15:30:00-05:00,394.5820007324219
2023-01-11 15:31:00-05:00,394.4400024414063
2023-01-11 15:32:00-05:00,394.4599914550781
2023-01-11 15:33:00-05:00,394.4299926757813
2023-01-11 15:34:00-05:00,394.3699951171875
2023-01-11 15:35:00-05:00,394.4200134277344
2023-01-11 15:36:00-05:00,394.3299865722656
2023-01-11 15:37:00-05:00,394.3674926757813
2023-01-11 15:38:00-05:00,394.3049926757813
2023-01-11 15:39:00-05:00,394.25
2023-01-11 15:40:00-05:00,394.2200012207031
2023-01-11 15:41:00-05:00,394.260009765625
2023-01-11 15:42:00-05:00,394.30999755859375
2023-01-11 15:43:00-05:00,394.4400024414063
2023-01-11 15:44:00-05:00,394.5700073242188
2023-01-11 15:45:00-05:00,394.5299987792969
2023-01-11 15:46:00-05:00,394.5
2023-01-11 15:47:00-05:00,394.6300048828125
2023-01-11 15:48:00-05:00,394.5700073242188
2023-01-11 15:49:00-05:00,394.80999755859375
2023-01-11 15:50:00-05:00,394.7799987792969
2023-01-11 15:51:00-05:00,394.8500061035156
2023-01-11 15:52:00-05:00,394.9400024414063
2023-01-11 15:53:00-05:00,395.0300903320313
2023-01-11 15:54:00-05:00,395.0899963378906
2023-01-11 15:55:00-05:00,395.3299865722656
2023-01-11 15:56:00-05:00,395.3699951171875
2023-01-11 15:57:00-05:00,395.3500061035156
2023-01-11 15:58:00-05:00,395.3500061035156
2023-01-11 15:59:00-05:00,395.6000061035156
2023-01-11 16:00:00-05:00,395.52
2023-01-11 16:01:00-05:00,395.45
2023-01-11 16:02:00-05:00,395.43
2023-01-11 16:03:00-05:00,395.47
2023-01-11 16:04:00-05:00,395.52
2023-01-11 16:05:00-05:00,395.52
2023-01-11 16:06:00-05:00,395.46
2023-01-11 16:07:00-05:00,395.52
2023-01-11 16:08:00-05:00,395.52
2023-01-11 16:09:00-05:00,395.44
2023-01-11 16:10:00-05:00,395.55
2023-01-11 16:11:00-05:00,395.5715
2023-01-11 16:12:00-05:00,395.53
2023-01-11 16:13:00-05:00,395.5
2023-01-11 16:14:00-05:00,395.51
2023-01-11 16:15:00-05:00,395.5
2023-01-11 16:16:00-05:00,395.52
2023-01-11 16:17:00-05:00,395.41
2023-01-11 16:18:00-05:00,395.39
2023-01-11 16:19:00-05:00,395.4
2023-01-11 16:20:00-05:00,395.415
2023-01-11 16:21:00-05:00,395.4
2023-01-11 16:22:00-05:00,395.42
2023-01-11 16:23:00-05:00,395.43
2023-01-11 16:24:00-05:00,395.52
2023-01-11 16:25:00-05:00,395.41
2023-01-11 16:26:00-05:00,395.43
2023-01-11 16:27:00-05:00,395.49
2023-01-11 16:28:00-05:00,395.48
2023-01-11 16:29:00-05:00,395.51
2023-01-11 16:30:00-05:00,395.49
2023-01-11 16:31:00-05:00,395.5
2023-01-11 16:32:00-05:00,395.52
2023-01-11 16:33:00-05:00,395.47
2023-01-11 16:34:00-05:00,395.54
2023-01-11 16:35:00-05:00,395.56
2023-01-11 16:36:00-05:00,395.545
2023-01-11 16:37:00-05:00,395.53
2023-01-11 16:38:00-05:00,395.56
2023-01-11 16:39:00-05:00,395.55
2023-01-11 16:40:00-05:00,395.5724
2023-01-11 16:41:00-05:00,395.53
2023-01-11 16:42:00-05:00,395.52
2023-01-11 16:43:00-05:00,395.51
2023-01-11 16:44:00-05:00,395.52
2023-01-11 16:45:00-05:00,395.57
2023-01-11 16:46:00-05:00,395.58
2023-01-11 16:47:00-05:00,395.61
2023-01-11 16:48:00-05:00,395.62
2023-01-11 16:49:00-05:00,395.62
2023-01-11 16:50:00-05:00,395.62
2023-01-11 16:51:00-05:00,395.62
2023-01-11 16:52:00-05:00,395.62
2023-01-11 16:53:00-05:00,395.6
2023-01-11 16:54:00-05:00,395.58
2023-01-11 16:55:00-05:00,395.64
2023-01-11 16:56:00-05:00,395.64
2023-01-11 16:57:00-05:00,395.62
2023-01-11 16:58:00-05:00,395.63
2023-01-11 16:59:00-05:00,395.69
2023-01-11 17:00:00-05:00,395.66
2023-01-11 17:01:00-05:00,395.65
2023-01-11 17:02:00-05:00,395.675
2023-01-11 17:03:00-05:00,395.69
2023-01-11 17:04:00-05:00,395.69
2023-01-11 17:05:00-05:00,395.69
2023-01-11 17:06:00-05:00,395.69
2023-01-11 17:07:00-05:00,395.69
2023-01-11 17:08:00-05:00,395.7
2023-01-11 17:09:00-05:00,395.7
2023-01-11 17:10:00-05:00,395.7
2023-01-11 17:11:00-05:00,395.75
2023-01-11 17:12:00-05:00,395.735
2023-01-11 17:13:00-05:00,395.72
2023-01-11 17:14:00-05:00,395.68
2023-01-11 17:15:00-05:00,395.7
2023-01-11 17:16:00-05:00,395.7
2023-01-11 17:17:00-05:00,395.78
2023-01-11 17:18:00-05:00,395.85
2023-01-11 17:19:00-05:00,395.8
2023-01-11 17:20:00-05:00,395.815
2023-01-11 17:21:00-05:00,395.775
2023-01-11 17:22:00-05:00,395.78
2023-01-11 17:23:00-05:00,395.78
2023-01-11 17:24:00-05:00,395.77
2023-01-11 17:25:00-05:00,395.78
2023-01-11 17:26:00-05:00,395.78
2023-01-11 17:27:00-05:00,395.77
2023-01-11 17:28:00-05:00,395.79
2023-01-11 17:29:00-05:00,395.82
2023-01-11 17:30:00-05:00,395.785
2023-01-11 17:31:00-05:00,395.78
2023-01-11 17:32:00-05:00,395.8
2023-01-11 17:33:00-05:00,395.81
2023-01-11 17:34:00-05:00,395.81
2023-01-11 17:35:00-05:00,395.84
2023-01-11 17:36:00-05:00,395.83
2023-01-11 17:37:00-05:00,395.79
2023-01-11 17:38:00-05:00,395.79
2023-01-11 17:39:00-05:00,395.785
2023-01-11 17:40:00-05:00,395.78
2023-01-11 17:41:00-05:00,395.78
2023-01-11 17:42:00-05:00,395.83
2023-01-11 17:43:00-05:00,395.8
2023-01-11 17:44:00-05:00,395.8
2023-01-11 17:45:00-05:00,395.8
2023-01-11 17:46:00-05:00,395.815
2023-01-11 17:47:00-05:00,395.83
2023-01-11 17:48:00-05:00,395.83
2023-01-11 17:49:00-05:00,395.82
2023-01-11 17:50:00-05:00,395.81
2023-01-11 17:51:00-05:00,395.8
2023-01-11 17:52:00-05:00,395.79
2023-01-11 17:53:00-05:00,395.81
2023-01-11 17:54:00-05:00,395.79
2023-01-11 17:55:00-05:00,395.79
2023-01-11 17:56:00-05:00,395.8
2023-01-11 17:57:00-05:00,395.79
2023-01-11 17:58:00-05:00,395.74
2023-01-11 17:59:00-05:00,395.79
2023-01-11 18:00:00-05:00,395.73
2023-01-11 18:01:00-05:00,395.62
2023-01-11 18:02:00-05:00,395.6
2023-01-11 18:03:00-05:00,395.58
2023-01-11 18:04:00-05:00,395.55
2023-01-11 18:05:00-05:00,395.52
2023-01-11 18:06:00-05:00,395.51
2023-01-11 18:07:00-05:00,395.54
2023-01-11 18:08:00-05:00,395.56
2023-01-11 18:09:00-05:00,395.57
2023-01-11 18:10:00-05:00,395.54
2023-01-11 18:11:00-05:00,395.53
2023-01-11 18:12:00-05:00,395.52
2023-01-11 18:13:00-05:00,395.56
2023-01-11 18:14:00-05:00,395.54
2023-01-11 18:15:00-05:00,395.5
2023-01-11 18:16:00-05:00,395.41
2023-01-11 18:17:00-05:00,395.48
2023-01-11 18:18:00-05:00,395.47
2023-01-11 18:19:00-05:00,395.48
2023-01-11 18:20:00-05:00,395.47
2023-01-11 18:21:00-05:00,395.46
2023-01-11 18:22:00-05:00,395.46
2023-01-11 18:23:00-05:00,395.45
2023-01-11 18:24:00-05:00,395.44
2023-01-11 18:25:00-05:00,395.43
2023-01-11 18:26:00-05:00,395.47
2023-01-11 18:27:00-05:00,395.47
2023-01-11 18:28:00-05:00,395.46
2023-01-11 18:29:00-05:00,395.48
2023-01-11 18:30:00-05:00,395.46
2023-01-11 18:31:00-05:00,395.4
2023-01-11 18:32:00-05:00,395.39
2023-01-11 18:33:00-05:00,395.44
2023-01-11 18:34:00-05:00,395.43
2023-01-11 18:35:00-05:00,395.4
2023-01-11 18:36:00-05:00,395.45
2023-01-11 18:37:00-05:00,395.45
2023-01-11 18:38:00-05:00,395.455
2023-01-11 18:39:00-05:00,395.44
2023-01-11 18:40:00-05:00,395.44
2023-01-11 18:41:00-05:00,395.48
2023-01-11 18:42:00-05:00,395.47
2023-01-11 18:43:00-05:00,395.52
2023-01-11 18:44:00-05:00,395.43
2023-01-11 18:45:00-05:00,395.42
2023-01-11 18:46:00-05:00,395.4
2023-01-11 18:47:00-05:00,395.38
2023-01-11 18:48:00-05:00,395.37
2023-01-11 18:49:00-05:00,395.34
2023-01-11 18:50:00-05:00,395.35
2023-01-11 18:51:00-05:00,395.35
2023-01-11 18:52:00-05:00,395.41
2023-01-11 18:53:00-05:00,395.35
2023-01-11 18:54:00-05:00,395.31
2023-01-11 18:55:00-05:00,395.35
2023-01-11 18:56:00-05:00,395.36
2023-01-11 18:57:00-05:00,395.36
2023-01-11 18:58:00-05:00,395.36
2023-01-11 18:59:00-05:00,395.36
2023-01-11 19:00:00-05:00,395.43
2023-01-11 19:01:00-05:00,395.37
2023-01-11 19:02:00-05:00,395.32
2023-01-11 19:03:00-05:00,395.3
2023-01-11 19:04:00-05:00,395.25
2023-01-11 19:05:00-05:00,395.22
2023-01-11 19:06:00-05:00,395.22
2023-01-11 19:07:00-05:00,395.24
2023-01-11 19:08:00-05:00,395.22
2023-01-11 19:09:00-05:00,395.25
2023-01-11 19:10:00-05:00,395.26
2023-01-11 19:11:00-05:00,395.22
2023-01-11 19:12:00-05:00,395.225
2023-01-11 19:13:00-05:00,395.28
2023-01-11 19:14:00-05:00,395.24
2023-01-11 19:15:00-05:00,395.25
2023-01-11 19:16:00-05:00,395.23
2023-01-11 19:17:00-05:00,395.28
2023-01-11 19:18:00-05:00,395.24
2023-01-11 19:19:00-05:00,395.23
2023-01-11 19:20:00-05:00,395.22
2023-01-11 19:21:00-05:00,395.19
2023-01-11 19:22:00-05:00,395.19
2023-01-11 19:23:00-05:00,395.21
2023-01-11 19:24:00-05:00,395.2
2023-01-11 19:25:00-05:00,395.25
2023-01-11 19:26:00-05:00,395.23
2023-01-11 19:27:00-05:00,395.31
2023-01-11 19:28:00-05:00,395.29
2023-01-11 19:29:00-05:00,395.29
2023-01-11 19:30:00-05:00,395.3
2023-01-11 19:31:00-05:00,395.28
2023-01-11 19:32:00-05:00,395.26
2023-01-11 19:33:00-05:00,395.29
2023-01-11 19:34:00-05:00,395.28
2023-01-11 19:35:00-05:00,395.29
2023-01-11 19:36:00-05:00,395.25
2023-01-11 19:37:00-05:00,395.19
2023-01-11 19:38:00-05:00,395.16
2023-01-11 19:39:00-05:00,395.19
2023-01-11 19:40:00-05:00,395.2
2023-01-11 19:41:00-05:00,395.19
2023-01-11 19:42:00-05:00,395.19
2023-01-11 19:43:00-05:00,395.16
2023-01-11 19:44:00-05:00,395.14
2023-01-11 19:45:00-05:00,395.21
2023-01-11 19:46:00-05:00,395.25
2023-01-11 19:47:00-05:00,395.25
2023-01-11 19:48:00-05:00,395.21
2023-01-11 19:49:00-05:00,395.2
2023-01-11 19:50:00-05:00,395.2
2023-01-11 19:51:00-05:00,395.2
2023-01-11 19:52:00-05:00,395.19
2023-01-11 19:53:00-05:00,395.22
2023-01-11 19:54:00-05:00,395.26
2023-01-11 19:55:00-05:00,395.26
2023-01-11 19:56:00-05:00,395.28
2023-01-11 19:57:00-05:00,395.29
2023-01-11 19:58:00-05:00,395.36
2023-01-11 19:59:00-05:00,395.37
2023-01-12 04:00:00-05:00,395.58
2023-01-12 04:01:00-05:00,395.5
2023-01-12 04:02:00-05:00,395.5
2023-01-12 04:03:00-05:00,395.6
2023-01-12 04:04:00-05:00,395.6
2023-01-12 04:05:00-05:00,395.56
2023-01-12 04:06:00-05:00,395.6
2023-01-12 04:07:00-05:00,395.6
2023-01-12 04:08:00-05:00,395.56
2023-01-12 04:10:00-05:00,395.51
2023-01-12 04:12:00-05:00,395.6
2023-01-12 04:13:00-05:00,395.5
2023-01-12 04:14:00-05:00,395.63
2023-01-12 04:15:00-05:00,395.75
2023-01-12 04:16:00-05:00,395.74
2023-01-12 04:17:00-05:00,395.8
2023-01-12 04:18:00-05:00,395.78
2023-01-12 04:19:00-05:00,395.79
2023-01-12 04:20:00-05:00,395.79
2023-01-12 04:21:00-05:00,395.77
2023-01-12 04:23:00-05:00,395.78
2023-01-12 04:24:00-05:00,395.71
2023-01-12 04:25:00-05:00,395.74
2023-01-12 04:26:00-05:00,395.72
2023-01-12 04:27:00-05:00,395.7
2023-01-12 04:28:00-05:00,395.61
2023-01-12 04:29:00-05:00,395.66
2023-01-12 04:30:00-05:00,395.66
2023-01-12 04:31:00-05:00,395.65
2023-01-12 04:32:00-05:00,395.58
2023-01-12 04:33:00-05:00,395.7
2023-01-12 04:34:00-05:00,395.73
2023-01-12 04:35:00-05:00,395.73
2023-01-12 04:36:00-05:00,395.7
2023-01-12 04:37:00-05:00,395.69
2023-01-12 04:38:00-05:00,395.72
2023-01-12 04:39:00-05:00,395.74
2023-01-12 04:40:00-05:00,395.74
2023-01-12 04:41:00-05:00,395.77
2023-01-12 04:42:00-05:00,395.83
2023-01-12 04:43:00-05:00,395.84
2023-01-12 04:45:00-05:00,395.79
2023-01-12 04:46:00-05:00,395.85
2023-01-12 04:47:00-05:00,395.89
2023-01-12 04:48:00-05:00,395.84
2023-01-12 04:49:00-05:00,395.84
2023-01-12 04:53:00-05:00,395.82
2023-01-12 04:54:00-05:00,395.77
2023-01-12 04:55:00-05:00,395.75
2023-01-12 04:56:00-05:00,395.82
2023-01-12 04:57:00-05:00,395.82
2023-01-12 04:58:00-05:00,395.82
2023-01-12 05:00:00-05:00,395.78
2023-01-12 05:01:00-05:00,395.58
2023-01-12 05:02:00-05:00,395.64
2023-01-12 05:03:00-05:00,395.57
2023-01-12 05:04:00-05:00,395.61
2023-01-12 05:05:00-05:00,395.54
2023-01-12 05:06:00-05:00,395.49
2023-01-12 05:07:00-05:00,395.45
2023-01-12 05:08:00-05:00,395.37
2023-01-12 05:09:00-05:00,395.42
2023-01-12 05:10:00-05:00,395.43
2023-01-12 05:11:00-05:00,395.48
2023-01-12 05:12:00-05:00,395.46
2023-01-12 05:13:00-05:00,395.4
2023-01-12 05:14:00-05:00,395.38
2023-01-12 05:15:00-05:00,395.4
2023-01-12 05:16:00-05:00,395.46
2023-01-12 05:17:00-05:00,395.4
2023-01-12 05:18:00-05:00,395.32
2023-01-12 05:19:00-05:00,395.31
2023-01-12 05:20:00-05:00,395.25
2023-01-12 05:21:00-05:00,395.26
2023-01-12 05:22:00-05:00,395.31
2023-01-12 05:23:00-05:00,395.36
2023-01-12 05:24:00-05:00,395.42
2023-01-12 05:25:00-05:00,395.41
2023-01-12 05:26:00-05:00,395.41
2023-01-12 05:27:00-05:00,395.35
2023-01-12 05:28:00-05:00,395.46
2023-01-12 05:29:00-05:00,395.44
2023-01-12 05:30:00-05:00,395.4
2023-01-12 05:31:00-05:00,395.35
2023-01-12 05:33:00-05:00,395.34
2023-01-12 05:34:00-05:00,395.38
2023-01-12 05:35:00-05:00,395.44
2023-01-12 05:36:00-05:00,395.47
2023-01-12 05:37:00-05:00,395.5
2023-01-12 05:38:00-05:00,395.47
2023-01-12 05:39:00-05:00,395.39
2023-01-12 05:40:00-05:00,395.37
2023-01-12 05:41:00-05:00,395.43
2023-01-12 05:42:00-05:00,395.5
2023-01-12 05:43:00-05:00,395.5
2023-01-12 05:44:00-05:00,395.51
2023-01-12 05:45:00-05:00,395.56
2023-01-12 05:46:00-05:00,395.56
2023-01-12 05:47:00-05:00,395.64
2023-01-12 05:48:00-05:00,395.63
2023-01-12 05:49:00-05:00,395.68
2023-01-12 05:50:00-05:00,395.65
2023-01-12 05:51:00-05:00,395.69
2023-01-12 05:52:00-05:00,395.7
2023-01-12 05:53:00-05:00,395.72
2023-01-12 05:55:00-05:00,395.65
2023-01-12 05:56:00-05:00,395.63
2023-01-12 05:57:00-05:00,395.69
2023-01-12 05:58:00-05:00,395.6
2023-01-12 05:59:00-05:00,395.62
2023-01-12 06:00:00-05:00,395.65
2023-01-12 06:01:00-05:00,395.72
2023-01-12 06:02:00-05:00,395.73
2023-01-12 06:03:00-05:00,395.76
2023-01-12 06:04:00-05:00,395.76
2023-01-12 06:05:00-05:00,395.7
2023-01-12 06:06:00-05:00,395.65
2023-01-12 06:08:00-05:00,395.74
2023-01-12 06:10:00-05:00,395.66
2023-01-12 06:11:00-05:00,395.61
2023-01-12 06:14:00-05:00,395.56
2023-01-12 06:15:00-05:00,395.6
2023-01-12 06:16:00-05:00,395.66
2023-01-12 06:17:00-05:00,395.7
2023-01-12 06:18:00-05:00,395.77
2023-01-12 06:19:00-05:00,395.75
2023-01-12 06:20:00-05:00,395.76
2023-01-12 06:21:00-05:00,395.79
2023-01-12 06:22:00-05:00,395.86
2023-01-12 06:23:00-05:00,395.75
2023-01-12 06:24:00-05:00,395.71
2023-01-12 06:25:00-05:00,395.69
2023-01-12 06:26:00-05:00,395.65
2023-01-12 06:27:00-05:00,395.74
2023-01-12 06:29:00-05:00,395.77
2023-01-12 06:30:00-05:00,395.75
2023-01-12 06:31:00-05:00,395.81
2023-01-12 06:32:00-05:00,395.85
2023-01-12 06:33:00-05:00,395.88
2023-01-12 06:34:00-05:00,395.9
2023-01-12 06:35:00-05:00,395.86
2023-01-12 06:37:00-05:00,395.89
2023-01-12 06:38:00-05:00,395.89
2023-01-12 06:39:00-05:00,395.84
2023-01-12 06:40:00-05:00,395.84
2023-01-12 06:41:00-05:00,395.84
2023-01-12 06:42:00-05:00,395.85
2023-01-12 06:43:00-05:00,395.9
2023-01-12 06:44:00-05:00,395.85
2023-01-12 06:45:00-05:00,395.77
2023-01-12 06:46:00-05:00,395.77
2023-01-12 06:47:00-05:00,395.81
2023-01-12 06:48:00-05:00,395.81
2023-01-12 06:49:00-05:00,395.8
2023-01-12 06:50:00-05:00,395.86
2023-01-12 06:51:00-05:00,395.81
2023-01-12 06:52:00-05:00,395.81
2023-01-12 06:53:00-05:00,395.85
2023-01-12 06:54:00-05:00,395.85
2023-01-12 06:55:00-05:00,395.84
2023-01-12 06:56:00-05:00,395.78
2023-01-12 06:57:00-05:00,395.78
2023-01-12 06:58:00-05:00,395.78
2023-01-12 06:59:00-05:00,395.8
2023-01-12 07:00:00-05:00,395.8
2023-01-12 07:01:00-05:00,395.88
2023-01-12 07:02:00-05:00,395.9
2023-01-12 07:03:00-05:00,395.91
2023-01-12 07:04:00-05:00,395.85
2023-01-12 07:05:00-05:00,395.88
2023-01-12 07:06:00-05:00,395.87
2023-01-12 07:07:00-05:00,395.88
2023-01-12 07:08:00-05:00,395.92
2023-01-12 07:09:00-05:00,395.95
2023-01-12 07:10:00-05:00,395.95
2023-01-12 07:11:00-05:00,396.0
2023-01-12 07:12:00-05:00,396.0
2023-01-12 07:13:00-05:00,395.99
2023-01-12 07:14:00-05:00,396.1
2023-01-12 07:15:00-05:00,396.17
2023-01-12 07:16:00-05:00,396.13
2023-01-12 07:17:00-05:00,396.15
2023-01-12 07:18:00-05:00,396.23
2023-01-12 07:19:00-05:00,396.21
2023-01-12 07:20:00-05:00,396.19
2023-01-12 07:21:00-05:00,396.22
2023-01-12 07:22:00-05:00,396.25
2023-01-12 07:23:00-05:00,396.27
2023-01-12 07:24:00-05:00,396.23
2023-01-12 07:25:00-05:00,396.27
2023-01-12 07:26:00-05:00,396.27
2023-01-12 07:27:00-05:00,396.26
2023-01-12 07:28:00-05:00,396.21
2023-01-12 07:29:00-05:00,396.09
2023-01-12 07:30:00-05:00,396.09
2023-01-12 07:31:00-05:00,396.15
2023-01-12 07:32:00-05:00,396.16
2023-01-12 07:33:00-05:00,396.21
2023-01-12 07:34:00-05:00,396.22
2023-01-12 07:35:00-05:00,396.17
2023-01-12 07:36:00-05:00,396.16
2023-01-12 07:37:00-05:00,396.25
2023-01-12 07:38:00-05:00,396.23
2023-01-12 07:39:00-05:00,396.25
2023-01-12 07:40:00-05:00,396.26
2023-01-12 07:41:00-05:00,396.33
2023-01-12 07:42:00-05:00,396.35
2023-01-12 07:43:00-05:00,396.39
2023-01-12 07:44:00-05:00,396.34
2023-01-12 07:45:00-05:00,396.38
2023-01-12 07:46:00-05:00,396.41
2023-01-12 07:47:00-05:00,396.41
2023-01-12 07:48:00-05:00,396.4
2023-01-12 07:49:00-05:00,396.36
2023-01-12 07:50:00-05:00,396.39
2023-01-12 07:51:00-05:00,396.38
2023-01-12 07:52:00-05:00,396.46
2023-01-12 07:53:00-05:00,396.54
2023-01-12 07:54:00-05:00,396.6
2023-01-12 07:55:00-05:00,396.57
2023-01-12 07:56:00-05:00,396.59
2023-01-12 07:57:00-05:00,396.68
2023-01-12 07:58:00-05:00,396.65
2023-01-12 07:59:00-05:00,396.69
2023-01-12 08:00:00-05:00,396.71
2023-01-12 08:01:00-05:00,396.8
2023-01-12 08:02:00-05:00,396.78
2023-01-12 08:03:00-05:00,396.92
2023-01-12 08:04:00-05:00,396.92
2023-01-12 08:05:00-05:00,397.02
2023-01-12 08:06:00-05:00,397.05
2023-01-12 08:07:00-05:00,397.08
2023-01-12 08:08:00-05:00,396.93
2023-01-12 08:09:00-05:00,396.97
2023-01-12 08:10:00-05:00,396.95
2023-01-12 08:11:00-05:00,396.88
2023-01-12 08:12:00-05:00,396.85
2023-01-12 08:13:00-05:00,396.8
2023-01-12 08:14:00-05:00,396.89
2023-01-12 08:15:00-05:00,396.95
2023-01-12 08:16:00-05:00,396.99
2023-01-12 08:17:00-05:00,397.03
2023-01-12 08:18:00-05:00,397.15
2023-01-12 08:19:00-05:00,397.18
2023-01-12 08:20:00-05:00,397.17
2023-01-12 08:21:00-05:00,397.09
2023-01-12 08:22:00-05:00,397.1
2023-01-12 08:23:00-05:00,397.45
2023-01-12 08:24:00-05:00,397.31
2023-01-12 08:25:00-05:00,397.24
2023-01-12 08:26:00-05:00,397.28
2023-01-12 08:27:00-05:00,397.35
2023-01-12 08:28:00-05:00,397.58
2023-01-12 08:29:00-05:00,398.45
2023-01-12 08:30:00-05:00,394.81
2023-01-12 08:31:00-05:00,395.32
2023-01-12 08:32:00-05:00,394.5
2023-01-12 08:33:00-05:00,395.3
2023-01-12 08:34:00-05:00,396.25
2023-01-12 08:35:00-05:00,397.0899
2023-01-12 08:36:00-05:00,397.35
2023-01-12 08:37:00-05:00,396.81
2023-01-12 08:38:00-05:00,396.41
2023-01-12 08:39:00-05:00,396.11
2023-01-12 08:40:00-05:00,395.9
2023-01-12 08:41:00-05:00,395.38
2023-01-12 08:42:00-05:00,395.83
2023-01-12 08:43:00-05:00,395.72
2023-01-12 08:44:00-05:00,395.31
2023-01-12 08:45:00-05:00,396.39
2023-01-12 08:46:00-05:00,395.72
2023-01-12 08:47:00-05:00,395.57
2023-01-12 08:48:00-05:00,395.96
2023-01-12 08:49:00-05:00,396.07
2023-01-12 08:50:00-05:00,396.34
2023-01-12 08:51:00-05:00,396.42
2023-01-12 08:52:00-05:00,396.58
2023-01-12 08:53:00-05:00,397.1
2023-01-12 08:54:00-05:00,397.6
2023-01-12 08:55:00-05:00,398.33
2023-01-12 08:56:00-05:00,398.26
2023-01-12 08:57:00-05:00,397.71
2023-01-12 08:58:00-05:00,397.84
2023-01-12 08:59:00-05:00,398.45
2023-01-12 09:00:00-05:00,398.16
2023-01-12 09:01:00-05:00,398.27
2023-01-12 09:02:00-05:00,398.47
2023-01-12 09:03:00-05:00,398.49
2023-01-12 09:04:00-05:00,398.78
2023-01-12 09:05:00-05:00,398.61
2023-01-12 09:06:00-05:00,398.54
2023-01-12 09:07:00-05:00,398.12
2023-01-12 09:08:00-05:00,397.8
2023-01-12 09:09:00-05:00,397.84
2023-01-12 09:10:00-05:00,397.44
2023-01-12 09:11:00-05:00,397.1
2023-01-12 09:12:00-05:00,397.21
2023-01-12 09:13:00-05:00,397.05
2023-01-12 09:14:00-05:00,396.71
2023-01-12 09:30:00-05:00,396.9649963378906
2023-01-12 09:31:00-05:00,396.7999877929688
2023-01-12 09:32:00-05:00,396.3200073242188
2023-01-12 09:33:00-05:00,395.3599853515625
2023-01-12 09:34:00-05:00,395.6700134277344
2023-01-12 09:35:00-05:00,395.4299926757813
2023-01-12 09:36:00-05:00,395.43798828125
2023-01-12 09:37:00-05:00,394.9800109863281
2023-01-12 09:38:00-05:00,395.4200134277344
2023-01-12 09:39:00-05:00,395.05999755859375
2023-01-12 09:40:00-05:00,395.2900085449219
2023-01-12 09:41:00-05:00,394.74798583984375
2023-01-12 09:42:00-05:00,394.5400085449219
2023-01-12 09:43:00-05:00,393.8999938964844
2023-01-12 09:44:00-05:00,393.8500061035156
2023-01-12 09:45:00-05:00,393.3599853515625
2023-01-12 09:46:00-05:00,393.4200134277344
2023-01-12 09:47:00-05:00,393.5497131347656
2023-01-12 09:48:00-05:00,393.489990234375
2023-01-12 09:49:00-05:00,393.2999877929688
2023-01-12 09:50:00-05:00,393.0499877929688
2023-01-12 09:51:00-05:00,393.375
2023-01-12 09:52:00-05:00,393.25
2023-01-12 09:53:00-05:00,392.9700012207031
2023-01-12 09:54:00-05:00,392.8699951171875
2023-01-12 09:55:00-05:00,393.0350036621094
2023-01-12 09:56:00-05:00,393.2099914550781
2023-01-12 09:57:00-05:00,393.6099853515625
2023-01-12 09:58:00-05:00,393.8999938964844
2023-01-12 09:59:00-05:00,393.9200134277344
2023-01-12 10:00:00-05:00,394.3500061035156
2023-01-12 10:01:00-05:00,394.6799926757813
2023-01-12 10:02:00-05:00,394.7300109863281
2023-01-12 10:03:00-05:00,394.6000061035156
2023-01-12 10:04:00-05:00,394.7999877929688
2023-01-12 10:05:00-05:00,394.8399963378906
2023-01-12 10:06:00-05:00,395.1000061035156
2023-01-12 10:07:00-05:00,395.010009765625
2023-01-12 10:08:00-05:00,394.5799865722656
2023-01-12 10:09:00-05:00,394.4299926757813
2023-01-12 10:10:00-05:00,394.989990234375
2023-01-12 10:11:00-05:00,395.739990234375
2023-01-12 10:12:00-05:00,396.760009765625
2023-01-12 10:13:00-05:00,396.7999877929688
2023-01-12 10:14:00-05:00,396.3900146484375
2023-01-12 10:15:00-05:00,396.7099914550781
2023-01-12 10:16:00-05:00,396.7900085449219
2023-01-12 10:17:00-05:00,396.625
2023-01-12 10:18:00-05:00,396.64990234375
2023-01-12 10:19:00-05:00,396.8949890136719
2023-01-12 10:20:00-05:00,396.8059997558594
2023-01-12 10:21:00-05:00,396.7298889160156
2023-01-12 10:22:00-05:00,396.510009765625
2023-01-12 10:23:00-05:00,396.2699890136719
2023-01-12 10:24:00-05:00,396.4100036621094
2023-01-12 10:25:00-05:00,396.7300109863281
2023-01-12 10:26:00-05:00,396.760009765625
2023-01-12 10:27:00-05:00,396.4299926757813
2023-01-12 10:28:00-05:00,396.1000061035156
2023-01-12 10:29:00-05:00,396.1795043945313
2023-01-12 10:30:00-05:00,396.0199890136719
2023-01-12 10:31:00-05:00,395.7300109863281
2023-01-12 10:32:00-05:00,396.1400146484375
2023-01-12 10:33:00-05:00,396.1799926757813
2023-01-12 10:34:00-05:00,396.1499938964844
2023-01-12 10:35:00-05:00,396.6400146484375
2023-01-12 10:36:00-05:00,396.6900024414063
2023-01-12 10:37:00-05:00,396.8324890136719
2023-01-12 10:38:00-05:00,396.8200073242188
2023-01-12 10:39:00-05:00,396.9049987792969
2023-01-12 10:40:00-05:00,396.989990234375
2023-01-12 10:41:00-05:00,396.7200012207031
2023-01-12 10:42:00-05:00,396.3399963378906
2023-01-12 10:43:00-05:00,396.2200012207031
2023-01-12 10:44:00-05:00,395.8450012207031
2023-01-12 10:45:00-05:00,395.6799926757813
2023-01-12 10:46:00-05:00,395.125
2023-01-12 10:47:00-05:00,395.2799987792969
2023-01-12 10:48:00-05:00,395.3900146484375
2023-01-12 10:49:00-05:00,395.3804016113281
2023-01-12 10:50:00-05:00,395.2999877929688
2023-01-12 10:51:00-05:00,395.7200012207031
2023-01-12 10:52:00-05:00,395.9800109863281
2023-01-12 10:53:00-05:00,396.0299987792969
2023-01-12 10:54:00-05:00,396.05999755859375
2023-01-12 10:55:00-05:00,396.135009765625
2023-01-12 10:56:00-05:00,396.2900085449219
2023-01-12 10:57:00-05:00,396.1499938964844
2023-01-12 10:58:00-05:00,396.3999938964844
2023-01-12 10:59:00-05:00,396.3900146484375
2023-01-12 11:00:00-05:00,395.5849914550781
2023-01-12 11:01:00-05:00,394.9500122070313
2023-01-12 11:02:00-05:00,394.8999938964844
2023-01-12 11:03:00-05:00,395.1099853515625
2023-01-12 11:04:00-05:00,395.1099853515625
2023-01-12 11:05:00-05:00,395.4500122070313
2023-01-12 11:06:00-05:00,395.6400146484375
2023-01-12 11:07:00-05:00,395.6000061035156
2023-01-12 11:08:00-05:00,395.4200134277344
2023-01-12 11:09:00-05:00,395.3800048828125
2023-01-12 11:10:00-05:00,395.6289978027344
2023-01-12 11:11:00-05:00,395.4901123046875
2023-01-12 11:12:00-05:00,395.5
2023-01-12 11:13:00-05:00,395.75
2023-01-12 11:14:00-05:00,396.0499877929688
2023-01-12 11:15:00-05:00,396.1199951171875
2023-01-12 11:16:00-05:00,396.1799926757813
2023-01-12 11:17:00-05:00,396.1300048828125
2023-01-12 11:18:00-05:00,395.9800109863281
2023-01-12 11:19:00-05:00,395.9400024414063
2023-01-12 11:20:00-05:00,395.9700012207031
2023-01-12 11:21:00-05:00,396.0549926757813
2023-01-12 11:22:00-05:00,396.1400146484375
2023-01-12 11:23:00-05:00,396.1299133300781
2023-01-12 11:24:00-05:00,396.0899963378906
2023-01-12 11:25:00-05:00,395.9700012207031
2023-01-12 11:26:00-05:00,395.8200073242188
2023-01-12 11:27:00-05:00,395.8399963378906
2023-01-12 11:28:00-05:00,396.010009765625
2023-01-12 11:29:00-05:00,396.0499877929688
2023-01-12 11:30:00-05:00,395.8500061035156
2023-01-12 11:31:00-05:00,395.6799926757813
2023-01-12 11:32:00-05:00,395.51849365234375
2023-01-12 11:33:00-05:00,395.4100036621094
2023-01-12 11:34:00-05:00,395.2200012207031
2023-01-12 11:35:00-05:00,395.2999877929688
2023-01-12 11:36:00-05:00,395.3208923339844
2023-01-12 11:37:00-05:00,395.6499938964844
2023-01-12 11:38:00-05:00,395.8399963378906
2023-01-12 11:39:00-05:00,395.6799926757813
2023-01-12 11:40:00-05:00,395.7000122070313
2023-01-12 11:41:00-05:00,395.739990234375
2023-01-12 11:42:00-05:00,395.7999877929688
2023-01-12 11:43:00-05:00,396.05999755859375
2023-01-12 11:44:00-05:00,396.260009765625
2023-01-12 11:45:00-05:00,396.2300109863281
2023-01-12 11:46:00-05:00,396.2499084472656
2023-01-12 11:47:00-05:00,396.2799987792969
2023-01-12 11:48:00-05:00,396.1199951171875
2023-01-12 11:49:00-05:00,395.9200134277344
2023-01-12 11:50:00-05:00,395.7999877929688
2023-01-12 11:51:00-05:00,395.7999877929688
2023-01-12 11:52:00-05:00,395.9299011230469
2023-01-12 11:53:00-05:00,395.864990234375
2023-01-12 11:54:00-05:00,395.80999755859375
2023-01-12 11:55:00-05:00,395.9700012207031
2023-01-12 11:56:00-05:00,396.1300048828125
2023-01-12 11:57:00-05:00,396.1199951171875
2023-01-12 11:58:00-05:00,396.25
2023-01-12 11:59:00-05:00,396.5400085449219
2023-01-12 12:00:00-05:00,396.4450073242188
2023-01-12 12:01:00-05:00,396.4450073242188
2023-01-12 12:02:00-05:00,396.5299987792969
2023-01-12 12:03:00-05:00,396.4800109863281
2023-01-12 12:04:00-05:00,396.4400024414063
2023-01-12 12:05:00-05:00,396.4572143554688
2023-01-12 12:06:00-05:00,396.4400024414063
2023-01-12 12:07:00-05:00,396.80999755859375
2023-01-12 12:08:00-05:00,396.9249877929688
2023-01-12 12:09:00-05:00,397.0700073242188
2023-01-12 12:10:00-05:00,397.1099853515625
2023-01-12 12:11:00-05:00,397.1700134277344
2023-01-12 12:12:00-05:00,397.2301025390625
2023-01-12 12:13:00-05:00,397.260009765625
2023-01-12 12:14:00-05:00,397.2099914550781
2023-01-12 12:15:00-05:00,397.3299865722656
2023-01-12 12:16:00-05:00,397.4400024414063
2023-01-12 12:17:00-05:00,397.5
2023-01-12 12:18:00-05:00,397.5799865722656
2023-01-12 12:19:00-05:00,397.510009765625
2023-01-12 12:20:00-05:00,397.5730895996094
2023-01-12 12:21:00-05:00,397.489990234375
2023-01-12 12:22:00-05:00,397.4200134277344
2023-01-12 12:23:00-05:00,397.4700012207031
2023-01-12 12:24:00-05:00,397.5700073242188
2023-01-12 12:25:00-05:00,397.5050048828125
2023-01-12 12:26:00-05:00,397.5499877929688
2023-01-12 12:27:00-05:00,397.7513122558594
2023-01-12 12:28:00-05:00,397.8999938964844
2023-01-12 12:29:00-05:00,397.9299926757813
2023-01-12 12:30:00-05:00,397.9700012207031
2023-01-12 12:31:00-05:00,397.8999938964844
2023-01-12 12:32:00-05:00,397.8999938964844
2023-01-12 12:33:00-05:00,397.9299926757813
2023-01-12 12:34:00-05:00,397.989990234375
2023-01-12 12:35:00-05:00,398.0799865722656
2023-01-12 12:36:00-05:00,398.1000061035156
2023-01-12 12:37:00-05:00,398.0799865722656
2023-01-12 12:38:00-05:00,397.9773864746094
2023-01-12 12:39:00-05:00,397.9599914550781
2023-01-12 12:40:00-05:00,397.7999877929688
2023-01-12 12:41:00-05:00,397.7200012207031
2023-01-12 12:42:00-05:00,397.7149963378906
2023-01-12 12:43:00-05:00,397.6400146484375
2023-01-12 12:44:00-05:00,397.6700134277344
2023-01-12 12:45:00-05:00,397.8900146484375
2023-01-12 12:46:00-05:00,397.9400024414063
2023-01-12 12:47:00-05:00,397.9872131347656
2023-01-12 12:48:00-05:00,398.03070068359375
2023-01-12 12:49:00-05:00,397.8893127441406
2023-01-12 12:50:00-05:00,397.9789123535156
2023-01-12 12:51:00-05:00,398.0455017089844
2023-01-12 12:52:00-05:00,398.0150146484375
2023-01-12 12:53:00-05:00,398.1260070800781
2023-01-12 12:54:00-05:00,398.0899963378906
2023-01-12 12:55:00-05:00,398.0400085449219
2023-01-12 12:56:00-05:00,397.989990234375
2023-01-12 12:57:00-05:00,398.0557861328125
2023-01-12 12:58:00-05:00,397.989990234375
2023-01-12 12:59:00-05:00,397.8800048828125
2023-01-12 13:00:00-05:00,397.9400024414063
2023-01-12 13:01:00-05:00,397.8550109863281
2023-01-12 13:02:00-05:00,398.1600036621094
2023-01-12 13:03:00-05:00,398.1799926757813
2023-01-12 13:04:00-05:00,398.1300048828125
2023-01-12 13:05:00-05:00,398.0849914550781
2023-01-12 13:06:00-05:00,398.2200012207031
2023-01-12 13:07:00-05:00,398.0700073242188
2023-01-12 13:08:00-05:00,398.1000061035156
2023-01-12 13:09:00-05:00,398.0450134277344
2023-01-12 13:10:00-05:00,398.0499877929688
2023-01-12 13:11:00-05:00,397.9299926757813
2023-01-12 13:12:00-05:00,397.80999755859375
2023-01-12 13:13:00-05:00,398.0899963378906
2023-01-12 13:14:00-05:00,398.1199951171875
2023-01-12 13:15:00-05:00,398.2149963378906
2023-01-12 13:16:00-05:00,398.3599853515625
2023-01-12 13:17:00-05:00,398.389892578125
2023-01-12 13:18:00-05:00,398.3500061035156
2023-01-12 13:19:00-05:00,398.2000122070313
2023-01-12 13:20:00-05:00,398.2799987792969
2023-01-12 13:21:00-05:00,398.260009765625
2023-01-12 13:22:00-05:00,398.1600036621094
2023-01-12 13:23:00-05:00,398.0799865722656
2023-01-12 13:24:00-05:00,398.1499938964844
2023-01-12 13:25:00-05:00,397.9599914550781
2023-01-12 13:26:00-05:00,397.489990234375
2023-01-12 13:27:00-05:00,397.1900024414063
2023-01-12 13:28:00-05:00,396.7265930175781
2023-01-12 13:29:00-05:00,396.3800048828125
2023-01-12 13:30:00-05:00,396.5199890136719
2023-01-12 13:31:00-05:00,396.0299987792969
2023-01-12 13:32:00-05:00,396.2900085449219
2023-01-12 13:33:00-05:00,396.6600036621094
2023-01-12 13:34:00-05:00,396.6600036621094
2023-01-12 13:35:00-05:00,396.7799987792969
2023-01-12 13:36:00-05:00,396.8299865722656
2023-01-12 13:37:00-05:00,397.2099914550781
2023-01-12 13:38:00-05:00,397.2601013183594
2023-01-12 13:39:00-05:00,397.1500854492188
2023-01-12 13:40:00-05:00,397.2999877929688
2023-01-12 13:41:00-05:00,397.2799987792969
2023-01-12 13:42:00-05:00,397.2999877929688
2023-01-12 13:43:00-05:00,397.4100036621094
2023-01-12 13:44:00-05:00,397.3599853515625
2023-01-12 13:45:00-05:00,397.4498901367188
2023-01-12 13:46:00-05:00,397.6799926757813
2023-01-12 13:47:00-05:00,397.7200012207031
2023-01-12 13:48:00-05:00,397.8399963378906
2023-01-12 13:49:00-05:00,397.7799987792969
2023-01-12 13:50:00-05:00,397.8200073242188
2023-01-12 13:51:00-05:00,397.8500061035156
2023-01-12 13:52:00-05:00,397.9500122070313
2023-01-12 13:53:00-05:00,398.2000122070313
2023-01-12 13:54:00-05:00,398.4299926757813
2023-01-12 13:55:00-05:00,398.3591918945313
2023-01-12 13:56:00-05:00,398.3800048828125
2023-01-12 13:57:00-05:00,398.3900146484375
2023-01-12 13:58:00-05:00,398.3900146484375
2023-01-12 13:59:00-05:00,398.3699951171875
2023-01-12 14:00:00-05:00,398.4100036621094
2023-01-12 14:01:00-05:00,398.3399963378906
2023-01-12 14:02:00-05:00,398.4849853515625
2023-01-12 14:03:00-05:00,398.2300109863281
2023-01-12 14:04:00-05:00,398.10009765625
2023-01-12 14:05:00-05:00,397.9700012207031
2023-01-12 14:06:00-05:00,397.9779968261719
2023-01-12 14:07:00-05:00,398.010009765625
2023-01-12 14:08:00-05:00,398.1200866699219
2023-01-12 14:09:00-05:00,398.0899963378906
2023-01-12 14:10:00-05:00,397.8299865722656
2023-01-12 14:11:00-05:00,397.8299865722656
2023-01-12 14:12:00-05:00,397.9505004882813
2023-01-12 14:13:00-05:00,397.9100036621094
2023-01-12 14:14:00-05:00,398.0400085449219
2023-01-12 14:15:00-05:00,398.0
2023-01-12 14:16:00-05:00,397.7900085449219
2023-01-12 14:17:00-05:00,397.8800048828125
2023-01-12 14:18:00-05:00,398.0199890136719
2023-01-12 14:19:00-05:00,398.010009765625
2023-01-12 14:20:00-05:00,398.1000061035156
2023-01-12 14:21:00-05:00,398.0499877929688
2023-01-12 14:22:00-05:00,397.860107421875
2023-01-12 14:23:00-05:00,397.5799865722656
2023-01-12 14:24:00-05:00,397.6594848632813
2023-01-12 14:25:00-05:00,397.8200073242188
2023-01-12 14:26:00-05:00,397.5950012207031
2023-01-12 14:27:00-05:00,397.7300109863281
2023-01-12 14:28:00-05:00,397.7200012207031
2023-01-12 14:29:00-05:00,397.6099853515625
2023-01-12 14:30:00-05:00,397.4700012207031
2023-01-12 14:31:00-05:00,397.55999755859375
2023-01-12 14:32:00-05:00,397.739990234375
2023-01-12 14:33:00-05:00,397.7044982910156
2023-01-12 14:34:00-05:00,397.7099914550781
2023-01-12 14:35:00-05:00,397.6099853515625
2023-01-12 14:36:00-05:00,397.60009765625
2023-01-12 14:37:00-05:00,397.6099853515625
2023-01-12 14:38:00-05:00,397.860107421875
2023-01-12 14:39:00-05:00,397.7999877929688
2023-01-12 14:40:00-05:00,397.8599853515625
2023-01-12 14:41:00-05:00,397.9490966796875
2023-01-12 14:42:00-05:00,397.9800109863281
2023-01-12 14:43:00-05:00,397.9400024414063
2023-01-12 14:44:00-05:00,397.6650085449219
2023-01-12 14:45:00-05:00,397.739990234375
2023-01-12 14:46:00-05:00,397.8999938964844
2023-01-12 14:47:00-05:00,397.9200134277344
2023-01-12 14:48:00-05:00,397.9100036621094
2023-01-12 14:49:00-05:00,397.80999755859375
2023-01-12 14:50:00-05:00,397.6900024414063
2023-01-12 14:51:00-05:00,397.5199890136719
2023-01-12 14:52:00-05:00,397.3699951171875
2023-01-12 14:53:00-05:00,397.1799926757813
2023-01-12 14:54:00-05:00,397.1700134277344
2023-01-12 14:55:00-05:00,397.1000061035156
2023-01-12 14:56:00-05:00,397.0700073242188
2023-01-12 14:57:00-05:00,397.1300048828125
2023-01-12 14:58:00-05:00,397.260009765625
2023-01-12 14:59:00-05:00,397.3900146484375
2023-01-12 15:00:00-05:00,397.3912963867188
2023-01-12 15:01:00-05:00,397.2748107910156
2023-01-12 15:02:00-05:00,397.2900085449219
2023-01-12 15:03:00-05:00,397.5299987792969
2023-01-12 15:04:00-05:00,397.5400085449219
2023-01-12 15:05:00-05:00,397.3949890136719
2023-01-12 15:06:00-05:00,397.3800048828125
2023-01-12 15:07:00-05:00,397.2199096679688
2023-01-12 15:08:00-05:00,397.1000061035156
2023-01-12 15:09:00-05:00,396.9500122070313
2023-01-12 15:10:00-05:00,396.7900085449219
2023-01-12 15:11:00-05:00,396.5899963378906
2023-01-12 15:12:00-05:00,396.739990234375
2023-01-12 15:13:00-05:00,396.7199096679688
2023-01-12 15:14:00-05:00,396.6499938964844
2023-01-12 15:15:00-05:00,396.5700073242188
2023-01-12 15:16:00-05:00,396.5199890136719
2023-01-12 15:17:00-05:00,396.7000122070313
2023-01-12 15:18:00-05:00,396.7550048828125
2023-01-12 15:19:00-05:00,396.7200927734375
2023-01-12 15:20:00-05:00,396.55999755859375
2023-01-12 15:21:00-05:00,396.75
2023-01-12 15:22:00-05:00,396.8599853515625
2023-01-12 15:23:00-05:00,396.8250122070313
2023-01-12 15:24:00-05:00,396.889892578125
2023-01-12 15:25:00-05:00,396.8800048828125
2023-01-12 15:26:00-05:00,396.9500122070313
2023-01-12 15:27:00-05:00,397.0398864746094
2023-01-12 15:28:00-05:00,396.9750061035156
2023-01-12 15:29:00-05:00,396.760009765625
2023-01-12 15:30:00-05:00,396.7799987792969
2023-01-12 15:31:00-05:00,396.9800109863281
2023-01-12 15:32:00-05:00,396.9800109863281
2023-01-12 15:33:00-05:00,397.0398864746094
2023-01-12 15:34:00-05:00,397.0299987792969
2023-01-12 15:35:00-05:00,396.9450073242188
2023-01-12 15:36:00-05:00,396.7900085449219
2023-01-12 15:37:00-05:00,396.8399963378906
2023-01-12 15:38:00-05:00,396.6749877929688
2023-01-12 15:39:00-05:00,396.6799926757813
2023-01-12 15:40:00-05:00,396.8900146484375
2023-01-12 15:41:00-05:00,396.9100036621094
2023-01-12 15:42:00-05:00,396.8949890136719
2023-01-12 15:43:00-05:00,396.7987976074219
2023-01-12 15:44:00-05:00,396.6300048828125
2023-01-12 15:45:00-05:00,396.5849914550781
2023-01-12 15:46:00-05:00,396.2900085449219
2023-01-12 15:47:00-05:00,396.239990234375
2023-01-12 15:48:00-05:00,396.1099853515625
2023-01-12 15:49:00-05:00,396.1000061035156
2023-01-12 15:50:00-05:00,396.7099914550781
2023-01-12 15:51:00-05:00,396.6799926757813
2023-01-12 15:52:00-05:00,396.6749877929688
2023-01-12 15:53:00-05:00,396.5899963378906
2023-01-12 15:54:00-05:00,396.7000122070313
2023-01-12 15:55:00-05:00,396.8200073242188
2023-01-12 15:56:00-05:00,396.8800048828125
2023-01-12 15:57:00-05:00,397.1549987792969
2023-01-12 15:58:00-05:00,397.1099853515625
2023-01-12 15:59:00-05:00,397.1600036621094
2023-01-12 16:00:00-05:00,397.08
2023-01-12 16:01:00-05:00,397.01
2023-01-12 16:02:00-05:00,397.01
2023-01-12 16:03:00-05:00,396.91
2023-01-12 16:04:00-05:00,397.01
2023-01-12 16:05:00-05:00,396.96
2023-01-12 16:06:00-05:00,397.07
2023-01-12 16:07:00-05:00,397.1
2023-01-12 16:08:00-05:00,397.12
2023-01-12 16:09:00-05:00,397.16
2023-01-12 16:10:00-05:00,405.125
2023-01-12 16:11:00-05:00,405.125
2023-01-12 16:12:00-05:00,397.09
2023-01-12 16:13:00-05:00,397.12
2023-01-12 16:14:00-05:00,397.09
2023-01-12 16:15:00-05:00,397.13
2023-01-12 16:16:00-05:00,397.07
2023-01-12 16:17:00-05:00,397.12
2023-01-12 16:18:00-05:00,397.09
2023-01-12 16:19:00-05:00,397.07
2023-01-12 16:20:00-05:00,397.09
2023-01-12 16:21:00-05:00,397.06
2023-01-12 16:22:00-05:00,397.05
2023-01-12 16:23:00-05:00,397.01
2023-01-12 16:24:00-05:00,397.06
2023-01-12 16:25:00-05:00,397.07
2023-01-12 16:26:00-05:00,397.04
2023-01-12 16:27:00-05:00,397.025
2023-01-12 16:28:00-05:00,397.005
2023-01-12 16:29:00-05:00,397.0399
2023-01-12 16:30:00-05:00,397.01
2023-01-12 16:31:00-05:00,397.01
2023-01-12 16:32:00-05:00,396.99
2023-01-12 16:33:00-05:00,397.01
2023-01-12 16:34:00-05:00,396.98
2023-01-12 16:35:00-05:00,396.97
2023-01-12 16:36:00-05:00,396.98
2023-01-12 16:37:00-05:00,397.0
2023-01-12 16:38:00-05:00,397.05
2023-01-12 16:39:00-05:00,397.05
2023-01-12 16:40:00-05:00,397.04
2023-01-12 16:41:00-05:00,397.05
2023-01-12 16:42:00-05:00,397.05
2023-01-12 16:43:00-05:00,397.0
2023-01-12 16:44:00-05:00,396.97
2023-01-12 16:45:00-05:00,396.95
2023-01-12 16:46:00-05:00,396.95
2023-01-12 16:47:00-05:00,396.95
2023-01-12 16:48:00-05:00,396.98
2023-01-12 16:49:00-05:00,396.97
2023-01-12 16:50:00-05:00,396.9567
2023-01-12 16:51:00-05:00,396.95
2023-01-12 16:52:00-05:00,397.0
2023-01-12 16:53:00-05:00,396.96
2023-01-12 16:54:00-05:00,396.93
2023-01-12 16:55:00-05:00,411.90796
2023-01-12 16:56:00-05:00,396.93
2023-01-12 16:57:00-05:00,396.94
2023-01-12 16:58:00-05:00,419.24603
2023-01-12 16:59:00-05:00,396.95
2023-01-12 17:00:00-05:00,397.07
2023-01-12 17:01:00-05:00,396.99
2023-01-12 17:02:00-05:00,396.99
2023-01-12 17:03:00-05:00,397.03
2023-01-12 17:04:00-05:00,397.03
2023-01-12 17:05:00-05:00,397.025
2023-01-12 17:06:00-05:00,397.03
2023-01-12 17:07:00-05:00,397.03
2023-01-12 17:08:00-05:00,397.03
2023-01-12 17:09:00-05:00,397.03
2023-01-12 17:10:00-05:00,397.03
2023-01-12 17:11:00-05:00,397.03
2023-01-12 17:12:00-05:00,397.03
2023-01-12 17:13:00-05:00,397.02
2023-01-12 17:14:00-05:00,397.015
2023-01-12 17:15:00-05:00,397.03
2023-01-12 17:16:00-05:00,397.02
2023-01-12 17:17:00-05:00,397.01
2023-01-12 17:18:00-05:00,397.01
2023-01-12 17:19:00-05:00,397.03
2023-01-12 17:20:00-05:00,397.03
2023-01-12 17:21:00-05:00,397.05
2023-01-12 17:22:00-05:00,397.04
2023-01-12 17:23:00-05:00,397.03
2023-01-12 17:24:00-05:00,397.04
2023-01-12 17:25:00-05:00,397.04
2023-01-12 17:26:00-05:00,397.04
2023-01-12 17:27:00-05:00,397.05
2023-01-12 17:28:00-05:00,397.05
2023-01-12 17:29:00-05:00,397.0681
2023-01-12 17:30:00-05:00,397.07
2023-01-12 17:31:00-05:00,397.07
2023-01-12 17:32:00-05:00,397.07
2023-01-12 17:33:00-05:00,397.07
2023-01-12 17:34:00-05:00,397.07
2023-01-12 17:35:00-05:00,397.07
2023-01-12 17:36:00-05:00,397.07
2023-01-12 17:37:00-05:00,397.07
2023-01-12 17:38:00-05:00,397.07
2023-01-12 17:39:00-05:00,397.07
2023-01-12 17:40:00-05:00,397.12
2023-01-12 17:41:00-05:00,397.13
2023-01-12 17:42:00-05:00,397.1
2023-01-12 17:43:00-05:00,397.085
2023-01-12 17:44:00-05:00,397.095
2023-01-12 17:45:00-05:00,397.11
2023-01-12 17:46:00-05:00,397.1
2023-01-12 17:47:00-05:00,397.085
2023-01-12 17:48:00-05:00,397.1
2023-01-12 17:49:00-05:00,397.09
2023-01-12 17:50:00-05:00,397.09
2023-01-12 17:51:00-05:00,397.09
2023-01-12 17:52:00-05:00,397.1
2023-01-12 17:53:00-05:00,397.1
2023-01-12 17:54:00-05:00,397.1
2023-01-12 17:55:00-05:00,397.03
2023-01-12 17:56:00-05:00,397.03
2023-01-12 17:57:00-05:00,397.1
2023-01-12 17:58:00-05:00,397.1
2023-01-12 17:59:00-05:00,397.055
2023-01-12 18:00:00-05:00,397.02
2023-01-12 18:01:00-05:00,396.93
2023-01-12 18:02:00-05:00,396.84
2023-01-12 18:03:00-05:00,396.86
2023-01-12 18:04:00-05:00,396.83
2023-01-12 18:05:00-05:00,396.825
2023-01-12 18:06:00-05:00,396.81
2023-01-12 18:07:00-05:00,396.81
2023-01-12 18:08:00-05:00,396.805
2023-01-12 18:09:00-05:00,396.9
2023-01-12 18:10:00-05:00,396.99
2023-01-12 18:11:00-05:00,396.9
2023-01-12 18:12:00-05:00,396.87
2023-01-12 18:13:00-05:00,396.95
2023-01-12 18:14:00-05:00,396.985
2023-01-12 18:15:00-05:00,396.99
2023-01-12 18:16:00-05:00,397.0
2023-01-12 18:17:00-05:00,397.0
2023-01-12 18:18:00-05:00,396.98
2023-01-12 18:19:00-05:00,397.02
2023-01-12 18:20:00-05:00,397.03
2023-01-12 18:21:00-05:00,397.05
2023-01-12 18:22:00-05:00,397.05
2023-01-12 18:23:00-05:00,397.02
2023-01-12 18:24:00-05:00,397.04
2023-01-12 18:25:00-05:00,397.07
2023-01-12 18:26:00-05:00,397.04
2023-01-12 18:27:00-05:00,397.03
2023-01-12 18:28:00-05:00,397.04
2023-01-12 18:29:00-05:00,397.08
2023-01-12 18:30:00-05:00,397.1
2023-01-12 18:31:00-05:00,397.09
2023-01-12 18:33:00-05:00,397.05
2023-01-12 18:34:00-05:00,397.07
2023-01-12 18:35:00-05:00,397.075
2023-01-12 18:36:00-05:00,397.06
2023-01-12 18:37:00-05:00,397.04
2023-01-12 18:38:00-05:00,398.0399
2023-01-12 18:39:00-05:00,398.0401
2023-01-12 18:40:00-05:00,397.5701
2023-01-12 18:41:00-05:00,397.01
2023-01-12 18:42:00-05:00,396.98
2023-01-12 18:43:00-05:00,397.8299
2023-01-12 18:44:00-05:00,397.02
2023-01-12 18:45:00-05:00,397.06
2023-01-12 18:46:00-05:00,397.07
2023-01-12 18:47:00-05:00,397.1
2023-01-12 18:48:00-05:00,397.08
2023-01-12 18:49:00-05:00,397.07
2023-01-12 18:50:00-05:00,397.05
2023-01-12 18:51:00-05:00,397.05
2023-01-12 18:52:00-05:00,397.05
2023-01-12 18:53:00-05:00,397.01
2023-01-12 18:54:00-05:00,397.02
2023-01-12 18:55:00-05:00,397.025
2023-01-12 18:56:00-05:00,397.03
2023-01-12 18:57:00-05:00,397.14
2023-01-12 18:58:00-05:00,397.16
2023-01-12 18:59:00-05:00,397.14
2023-01-12 19:00:00-05:00,397.19
2023-01-12 19:01:00-05:00,397.25
2023-01-12 19:02:00-05:00,397.36
2023-01-12 19:03:00-05:00,397.35
2023-01-12 19:04:00-05:00,397.355
2023-01-12 19:05:00-05:00,397.345
2023-01-12 19:06:00-05:00,397.29
2023-01-12 19:07:00-05:00,397.27
2023-01-12 19:08:00-05:00,397.28
2023-01-12 19:09:00-05:00,397.37
2023-01-12 19:10:00-05:00,397.35
2023-01-12 19:11:00-05:00,397.28
2023-01-12 19:12:00-05:00,397.26
2023-01-12 19:13:00-05:00,397.28
2023-01-12 19:14:00-05:00,397.28
2023-01-12 19:15:00-05:00,397.34
2023-01-12 19:16:00-05:00,397.33
2023-01-12 19:17:00-05:00,397.34
2023-01-12 19:18:00-05:00,397.385
2023-01-12 19:19:00-05:00,397.38
2023-01-12 19:20:00-05:00,397.38
2023-01-12 19:21:00-05:00,397.4
2023-01-12 19:22:00-05:00,397.43
2023-01-12 19:23:00-05:00,397.44
2023-01-12 19:24:00-05:00,397.44
2023-01-12 19:25:00-05:00,397.46
2023-01-12 19:26:00-05:00,397.42
2023-01-12 19:27:00-05:00,397.39
2023-01-12 19:28:00-05:00,397.37
2023-01-12 19:29:00-05:00,397.37
2023-01-12 19:30:00-05:00,397.39
2023-01-12 19:31:00-05:00,397.45
2023-01-12 19:32:00-05:00,397.37
2023-01-12 19:33:00-05:00,397.34
2023-01-12 19:34:00-05:00,397.285
2023-01-12 19:35:00-05:00,397.26
2023-01-12 19:36:00-05:00,397.25
2023-01-12 19:37:00-05:00,397.28
2023-01-12 19:38:00-05:00,397.28
2023-01-12 19:39:00-05:00,397.3
2023-01-12 19:40:00-05:00,397.27
2023-01-12 19:41:00-05:00,397.16
2023-01-12 19:42:00-05:00,397.18
2023-01-12 19:43:00-05:00,397.19
2023-01-12 19:44:00-05:00,397.135
2023-01-12 19:45:00-05:00,397.12
2023-01-12 19:46:00-05:00,397.07
2023-01-12 19:47:00-05:00,397.075
2023-01-12 19:48:00-05:00,397.1
2023-01-12 19:49:00-05:00,397.13
2023-01-12 19:50:00-05:00,397.15
2023-01-12 19:51:00-05:00,397.12
2023-01-12 19:52:00-05:00,397.12
2023-01-12 19:53:00-05:00,397.15
2023-01-12 19:54:00-05:00,397.09
2023-01-12 19:55:00-05:00,397.1
2023-01-12 19:56:00-05:00,397.09
2023-01-12 19:57:00-05:00,397.09
2023-01-12 19:58:00-05:00,397.11
2023-01-12 19:59:00-05:00,397.09
2023-01-13 04:00:00-05:00,396.98
2023-01-13 04:01:00-05:00,396.84
2023-01-13 04:02:00-05:00,396.77
2023-01-13 04:03:00-05:00,396.94
2023-01-13 04:04:00-05:00,396.99
2023-01-13 04:05:00-05:00,397.07
2023-01-13 04:06:00-05:00,397.07
2023-01-13 04:07:00-05:00,397.08
2023-01-13 04:08:00-05:00,397.04
2023-01-13 04:09:00-05:00,397.1
2023-01-13 04:10:00-05:00,397.11
2023-01-13 04:11:00-05:00,397.1
2023-01-13 04:12:00-05:00,397.13
2023-01-13 04:13:00-05:00,397.2
2023-01-13 04:14:00-05:00,397.2
2023-01-13 04:15:00-05:00,397.26
2023-01-13 04:16:00-05:00,397.18
2023-01-13 04:17:00-05:00,397.09
2023-01-13 04:18:00-05:00,397.06
2023-01-13 04:19:00-05:00,396.95
2023-01-13 04:20:00-05:00,396.97
2023-01-13 04:21:00-05:00,396.98
2023-01-13 04:22:00-05:00,396.86
2023-01-13 04:23:00-05:00,396.84
2023-01-13 04:24:00-05:00,396.84
2023-01-13 04:25:00-05:00,396.75
2023-01-13 04:27:00-05:00,396.71
2023-01-13 04:28:00-05:00,396.72
2023-01-13 04:29:00-05:00,396.6
2023-01-13 04:30:00-05:00,396.56
2023-01-13 04:31:00-05:00,396.67
2023-01-13 04:32:00-05:00,396.68
2023-01-13 04:33:00-05:00,396.76
2023-01-13 04:34:00-05:00,396.74
2023-01-13 04:36:00-05:00,396.85
2023-01-13 04:38:00-05:00,396.76
2023-01-13 04:39:00-05:00,396.7
2023-01-13 04:40:00-05:00,396.73
2023-01-13 04:41:00-05:00,396.68
2023-01-13 04:42:00-05:00,396.88
2023-01-13 04:43:00-05:00,396.9
2023-01-13 04:45:00-05:00,396.84
2023-01-13 04:46:00-05:00,396.93
2023-01-13 04:47:00-05:00,396.92
2023-01-13 04:50:00-05:00,396.85
2023-01-13 04:51:00-05:00,396.91
2023-01-13 04:53:00-05:00,397.09
2023-01-13 04:54:00-05:00,397.22
2023-01-13 04:55:00-05:00,397.22
2023-01-13 04:56:00-05:00,397.23
2023-01-13 04:57:00-05:00,397.23
2023-01-13 04:58:00-05:00,397.22
2023-01-13 04:59:00-05:00,397.16
2023-01-13 05:00:00-05:00,397.09
2023-01-13 05:01:00-05:00,397.04
2023-01-13 05:02:00-05:00,397.01
2023-01-13 05:03:00-05:00,397.0
2023-01-13 05:04:00-05:00,397.05
2023-01-13 05:05:00-05:00,397.1
2023-01-13 05:06:00-05:00,397.09
2023-01-13 05:07:00-05:00,397.07
2023-01-13 05:08:00-05:00,397.04
2023-01-13 05:10:00-05:00,397.07
2023-01-13 05:11:00-05:00,397.16
2023-01-13 05:12:00-05:00,397.24
2023-01-13 05:14:00-05:00,397.27
2023-01-13 05:15:00-05:00,397.22
2023-01-13 05:16:00-05:00,397.22
2023-01-13 05:19:00-05:00,397.22
2023-01-13 05:20:00-05:00,397.31
2023-01-13 05:21:00-05:00,397.2
2023-01-13 05:22:00-05:00,397.17
2023-01-13 05:23:00-05:00,397.14
2023-01-13 05:24:00-05:00,397.15
2023-01-13 05:25:00-05:00,397.14
2023-01-13 05:26:00-05:00,397.05
2023-01-13 05:27:00-05:00,397.01
2023-01-13 05:28:00-05:00,397.08
2023-01-13 05:29:00-05:00,397.12
2023-01-13 05:30:00-05:00,397.05
2023-01-13 05:31:00-05:00,397.0
2023-01-13 05:32:00-05:00,396.99
2023-01-13 05:33:00-05:00,397.07
2023-01-13 05:34:00-05:00,397.05
2023-01-13 05:35:00-05:00,397.12
2023-01-13 05:36:00-05:00,397.14
2023-01-13 05:37:00-05:00,397.04
2023-01-13 05:38:00-05:00,397.08
2023-01-13 05:39:00-05:00,397.09
2023-01-13 05:40:00-05:00,397.12
2023-01-13 05:41:00-05:00,397.22
2023-01-13 05:42:00-05:00,397.17
2023-01-13 05:43:00-05:00,397.1
2023-01-13 05:44:00-05:00,397.11
2023-01-13 05:45:00-05:00,397.04
2023-01-13 05:46:00-05:00,397.04
2023-01-13 05:47:00-05:00,397.01
2023-01-13 05:48:00-05:00,396.93
2023-01-13 05:50:00-05:00,397.06
2023-01-13 05:51:00-05:00,397.01
2023-01-13 05:52:00-05:00,396.85
2023-01-13 05:53:00-05:00,396.92
2023-01-13 05:54:00-05:00,396.89
2023-01-13 05:55:00-05:00,397.11
2023-01-13 05:56:00-05:00,397.08
2023-01-13 05:57:00-05:00,397.14
2023-01-13 05:58:00-05:00,397.07
2023-01-13 05:59:00-05:00,397.1
2023-01-13 06:00:00-05:00,397.0
2023-01-13 06:01:00-05:00,397.02
2023-01-13 06:02:00-05:00,397.02
2023-01-13 06:03:00-05:00,396.89
2023-01-13 06:04:00-05:00,396.85
2023-01-13 06:05:00-05:00,396.83
2023-01-13 06:06:00-05:00,396.88
2023-01-13 06:07:00-05:00,396.79
2023-01-13 06:08:00-05:00,396.78
2023-01-13 06:09:00-05:00,396.75
2023-01-13 06:10:00-05:00,396.72
2023-01-13 06:11:00-05:00,396.69
2023-01-13 06:12:00-05:00,396.84
2023-01-13 06:13:00-05:00,396.85
2023-01-13 06:14:00-05:00,396.88
2023-01-13 06:15:00-05:00,396.85
2023-01-13 06:16:00-05:00,396.96
2023-01-13 06:17:00-05:00,396.95
2023-01-13 06:18:00-05:00,396.9
2023-01-13 06:19:00-05:00,396.73
2023-01-13 06:20:00-05:00,396.71
2023-01-13 06:22:00-05:00,396.65
2023-01-13 06:23:00-05:00,396.55
2023-01-13 06:24:00-05:00,396.6
2023-01-13 06:25:00-05:00,396.61
2023-01-13 06:26:00-05:00,396.5
2023-01-13 06:27:00-05:00,396.49
2023-01-13 06:28:00-05:00,396.36
2023-01-13 06:29:00-05:00,396.32
2023-01-13 06:30:00-05:00,396.27
2023-01-13 06:31:00-05:00,396.15
2023-01-13 06:32:00-05:00,396.07
2023-01-13 06:33:00-05:00,396.02
2023-01-13 06:34:00-05:00,396.03
2023-01-13 06:35:00-05:00,396.03
2023-01-13 06:36:00-05:00,396.03
2023-01-13 06:37:00-05:00,395.97
2023-01-13 06:38:00-05:00,395.91
2023-01-13 06:39:00-05:00,395.75
2023-01-13 06:40:00-05:00,395.84
2023-01-13 06:41:00-05:00,395.95
2023-01-13 06:42:00-05:00,395.88
2023-01-13 06:43:00-05:00,395.84
2023-01-13 06:44:00-05:00,396.02
2023-01-13 06:45:00-05:00,396.07
2023-01-13 06:46:00-05:00,396.33
2023-01-13 06:47:00-05:00,396.24
2023-01-13 06:48:00-05:00,395.94
2023-01-13 06:49:00-05:00,395.92
2023-01-13 06:50:00-05:00,395.93
2023-01-13 06:51:00-05:00,396.01
2023-01-13 06:52:00-05:00,395.8
2023-01-13 06:53:00-05:00,395.7
2023-01-13 06:54:00-05:00,395.52
2023-01-13 06:55:00-05:00,395.65
2023-01-13 06:56:00-05:00,395.56
2023-01-13 06:57:00-05:00,395.51
2023-01-13 06:58:00-05:00,395.5
2023-01-13 06:59:00-05:00,395.56
2023-01-13 07:00:00-05:00,395.76
2023-01-13 07:01:00-05:00,395.77
2023-01-13 07:02:00-05:00,395.79
2023-01-13 07:03:00-05:00,395.81
2023-01-13 07:04:00-05:00,395.78
2023-01-13 07:05:00-05:00,395.79
2023-01-13 07:06:00-05:00,395.77
2023-01-13 07:07:00-05:00,395.71
2023-01-13 07:08:00-05:00,395.51
2023-01-13 07:09:00-05:00,395.65
2023-01-13 07:10:00-05:00,395.69
2023-01-13 07:11:00-05:00,395.59
2023-01-13 07:12:00-05:00,395.47
2023-01-13 07:13:00-05:00,395.48
2023-01-13 07:14:00-05:00,395.52
2023-01-13 07:15:00-05:00,395.45
2023-01-13 07:16:00-05:00,395.61
2023-01-13 07:17:00-05:00,395.62
2023-01-13 07:18:00-05:00,395.55
2023-01-13 07:19:00-05:00,395.52
2023-01-13 07:20:00-05:00,395.4
2023-01-13 07:21:00-05:00,395.08
2023-01-13 07:22:00-05:00,395.051
2023-01-13 07:23:00-05:00,394.92
2023-01-13 07:24:00-05:00,394.85
2023-01-13 07:25:00-05:00,394.55
2023-01-13 07:26:00-05:00,394.48
2023-01-13 07:27:00-05:00,394.4
2023-01-13 07:28:00-05:00,394.33
2023-01-13 07:29:00-05:00,394.26
2023-01-13 07:30:00-05:00,394.18
2023-01-13 07:31:00-05:00,394.31
2023-01-13 07:32:00-05:00,394.62
2023-01-13 07:33:00-05:00,394.59
2023-01-13 07:34:00-05:00,394.55
2023-01-13 07:35:00-05:00,394.57
2023-01-13 07:36:00-05:00,394.49
2023-01-13 07:37:00-05:00,394.49
2023-01-13 07:38:00-05:00,394.44
2023-01-13 07:39:00-05:00,394.34
2023-01-13 07:40:00-05:00,394.29
2023-01-13 07:41:00-05:00,394.22
2023-01-13 07:42:00-05:00,394.13
2023-01-13 07:43:00-05:00,394.06
2023-01-13 07:44:00-05:00,394.0
2023-01-13 07:45:00-05:00,394.17
2023-01-13 07:46:00-05:00,394.16
2023-01-13 07:47:00-05:00,394.06
2023-01-13 07:48:00-05:00,394.08
2023-01-13 07:49:00-05:00,394.0
2023-01-13 07:50:00-05:00,393.99
2023-01-13 07:51:00-05:00,393.86
2023-01-13 07:52:00-05:00,393.93
2023-01-13 07:53:00-05:00,393.88
2023-01-13 07:54:00-05:00,393.8
2023-01-13 07:55:00-05:00,393.57
2023-01-13 07:56:00-05:00,393.61
2023-01-13 07:57:00-05:00,393.58
2023-01-13 07:58:00-05:00,393.5
2023-01-13 07:59:00-05:00,393.51
2023-01-13 08:00:00-05:00,397.2585
2023-01-13 08:01:00-05:00,396.96
2023-01-13 08:02:00-05:00,393.66
2023-01-13 08:03:00-05:00,393.6
2023-01-13 08:04:00-05:00,393.6
2023-01-13 08:05:00-05:00,393.53
2023-01-13 08:06:00-05:00,393.4
2023-01-13 08:07:00-05:00,393.36
2023-01-13 08:08:00-05:00,393.265
2023-01-13 08:09:00-05:00,393.35
2023-01-13 08:10:00-05:00,393.36
2023-01-13 08:11:00-05:00,393.5
2023-01-13 08:12:00-05:00,393.59
2023-01-13 08:13:00-05:00,393.57
2023-01-13 08:14:00-05:00,393.64
2023-01-13 08:15:00-05:00,393.51
2023-01-13 08:16:00-05:00,393.63
2023-01-13 08:17:00-05:00,393.75
2023-01-13 08:18:00-05:00,393.72
2023-01-13 08:19:00-05:00,393.69
2023-01-13 08:20:00-05:00,393.78
2023-01-13 08:21:00-05:00,393.76
2023-01-13 08:22:00-05:00,393.8
2023-01-13 08:23:00-05:00,393.81
2023-01-13 08:24:00-05:00,393.8
2023-01-13 08:25:00-05:00,393.83
2023-01-13 08:26:00-05:00,393.73
2023-01-13 08:27:00-05:00,393.55
2023-01-13 08:28:00-05:00,393.48
2023-01-13 08:29:00-05:00,393.47
2023-01-13 08:30:00-05:00,393.37
2023-01-13 08:31:00-05:00,393.16
2023-01-13 08:32:00-05:00,393.26
2023-01-13 08:33:00-05:00,393.24
2023-01-13 08:34:00-05:00,393.26
2023-01-13 08:35:00-05:00,393.3
2023-01-13 08:36:00-05:00,393.36
2023-01-13 08:37:00-05:00,393.44
2023-01-13 08:38:00-05:00,393.46
2023-01-13 08:39:00-05:00,393.6
2023-01-13 08:40:00-05:00,393.61
2023-01-13 08:41:00-05:00,393.58
2023-01-13 08:42:00-05:00,393.55
2023-01-13 08:43:00-05:00,393.56
2023-01-13 08:44:00-05:00,393.539
2023-01-13 08:45:00-05:00,393.56
2023-01-13 08:46:00-05:00,393.51
2023-01-13 08:47:00-05:00,396.96
2023-01-13 08:48:00-05:00,393.32
2023-01-13 08:49:00-05:00,393.42
2023-01-13 08:50:00-05:00,393.56
2023-01-13 08:51:00-05:00,393.51
2023-01-13 08:52:00-05:00,393.59
2023-01-13 08:53:00-05:00,398.175
2023-01-13 08:54:00-05:00,393.38
2023-01-13 08:55:00-05:00,393.4
2023-01-13 08:56:00-05:00,393.31
2023-01-13 08:57:00-05:00,393.3
2023-01-13 08:58:00-05:00,393.24
2023-01-13 08:59:00-05:00,393.44
2023-01-13 09:00:00-05:00,393.5
2023-01-13 09:01:00-05:00,393.26
2023-01-13 09:02:00-05:00,393.22
2023-01-13 09:03:00-05:00,393.26
2023-01-13 09:04:00-05:00,393.18
2023-01-13 09:05:00-05:00,393.19
2023-01-13 09:06:00-05:00,393.12
2023-01-13 09:07:00-05:00,393.13
2023-01-13 09:08:00-05:00,393.14
2023-01-13 09:09:00-05:00,393.13
2023-01-13 09:10:00-05:00,393.1
2023-01-13 09:11:00-05:00,393.27
2023-01-13 09:12:00-05:00,393.32
2023-01-13 09:13:00-05:00,393.33
2023-01-13 09:14:00-05:00,393.44
2023-01-13 09:30:00-05:00,394.135009765625
2023-01-13 09:31:00-05:00,394.3699951171875
2023-01-13 09:32:00-05:00,394.2044067382813
2023-01-13 09:33:00-05:00,394.2099914550781
2023-01-13 09:34:00-05:00,394.3500061035156
2023-01-13 09:35:00-05:00,394.22021484375
2023-01-13 09:36:00-05:00,394.135009765625
2023-01-13 09:37:00-05:00,394.1300048828125
2023-01-13 09:38:00-05:00,393.9949951171875
2023-01-13 09:39:00-05:00,393.7999877929688
2023-01-13 09:40:00-05:00,394.260009765625
2023-01-13 09:41:00-05:00,394.1400146484375
2023-01-13 09:42:00-05:00,393.80999755859375
2023-01-13 09:43:00-05:00,394.0400085449219
2023-01-13 09:44:00-05:00,393.9957885742188
2023-01-13 09:45:00-05:00,394.0987854003906
2023-01-13 09:46:00-05:00,394.5790100097656
2023-01-13 09:47:00-05:00,394.6400146484375
2023-01-13 09:48:00-05:00,394.8250122070313
2023-01-13 09:49:00-05:00,394.5899963378906
2023-01-13 09:50:00-05:00,394.8399963378906
2023-01-13 09:51:00-05:00,395.0899963378906
2023-01-13 09:52:00-05:00,394.989990234375
2023-01-13 09:53:00-05:00,394.9299926757813
2023-01-13 09:54:00-05:00,394.989990234375
2023-01-13 09:55:00-05:00,395.0299987792969
2023-01-13 09:56:00-05:00,395.2200012207031
2023-01-13 09:57:00-05:00,394.9500122070313
2023-01-13 09:58:00-05:00,395.1400146484375
2023-01-13 09:59:00-05:00,395.0799865722656
2023-01-13 10:00:00-05:00,395.6099853515625
2023-01-13 10:01:00-05:00,395.5899963378906
2023-01-13 10:02:00-05:00,395.4100036621094
2023-01-13 10:03:00-05:00,395.4100036621094
2023-01-13 10:04:00-05:00,395.3299865722656
2023-01-13 10:05:00-05:00,395.6400146484375
2023-01-13 10:06:00-05:00,395.8900146484375
2023-01-13 10:07:00-05:00,395.5899963378906
2023-01-13 10:08:00-05:00,395.3800048828125
2023-01-13 10:09:00-05:00,395.4400024414063
2023-01-13 10:10:00-05:00,395.5899963378906
2023-01-13 10:11:00-05:00,395.760009765625
2023-01-13 10:12:00-05:00,395.8299865722656
2023-01-13 10:13:00-05:00,396.0700073242188
2023-01-13 10:14:00-05:00,395.93701171875
2023-01-13 10:15:00-05:00,396.0700073242188
2023-01-13 10:16:00-05:00,395.989990234375
2023-01-13 10:17:00-05:00,395.8198852539063
2023-01-13 10:18:00-05:00,395.7749938964844
2023-01-13 10:19:00-05:00,395.7099914550781
2023-01-13 10:20:00-05:00,395.9100036621094
2023-01-13 10:21:00-05:00,395.7999877929688
2023-01-13 10:22:00-05:00,396.1799926757813
2023-01-13 10:23:00-05:00,396.3150024414063
2023-01-13 10:24:00-05:00,396.5
2023-01-13 10:25:00-05:00,396.4100036621094
2023-01-13 10:26:00-05:00,396.2900085449219
2023-01-13 10:27:00-05:00,396.4200134277344
2023-01-13 10:28:00-05:00,396.5
2023-01-13 10:29:00-05:00,396.55999755859375
2023-01-13 10:30:00-05:00,396.760009765625
2023-01-13 10:31:00-05:00,396.25
2023-01-13 10:32:00-05:00,396.3200073242188
2023-01-13 10:33:00-05:00,396.2000122070313
2023-01-13 10:34:00-05:00,396.0799865722656
2023-01-13 10:35:00-05:00,396.1099853515625
2023-01-13 10:36:00-05:00,396.2049865722656
2023-01-13 10:37:00-05:00,396.25
2023-01-13 10:38:00-05:00,396.2000122070313
2023-01-13 10:39:00-05:00,396.1900024414063
2023-01-13 10:40:00-05:00,396.4299926757813
2023-01-13 10:41:00-05:00,396.5400085449219
2023-01-13 10:42:00-05:00,396.4500122070313
2023-01-13 10:43:00-05:00,396.4800109863281
2023-01-13 10:44:00-05:00,396.30999755859375
2023-01-13 10:45:00-05:00,396.409912109375
2023-01-13 10:46:00-05:00,396.635009765625
2023-01-13 10:47:00-05:00,396.6799011230469
2023-01-13 10:48:00-05:00,396.6499938964844
2023-01-13 10:49:00-05:00,396.6099853515625
2023-01-13 10:50:00-05:00,396.6878967285156
2023-01-13 10:51:00-05:00,396.4800109863281
2023-01-13 10:52:00-05:00,396.3900146484375
2023-01-13 10:53:00-05:00,396.4100036621094
2023-01-13 10:54:00-05:00,396.4599914550781
2023-01-13 10:55:00-05:00,396.6600036621094
2023-01-13 10:56:00-05:00,396.6050109863281
2023-01-13 10:57:00-05:00,396.4461975097656
2023-01-13 10:58:00-05:00,396.3635864257813
2023-01-13 10:59:00-05:00,396.3999938964844
2023-01-13 11:00:00-05:00,396.5799865722656
2023-01-13 11:01:00-05:00,396.1600036621094
2023-01-13 11:02:00-05:00,396.1499938964844
2023-01-13 11:03:00-05:00,396.260009765625
2023-01-13 11:04:00-05:00,396.2900085449219
2023-01-13 11:05:00-05:00,396.2999877929688
2023-01-13 11:06:00-05:00,396.1799926757813
2023-01-13 11:07:00-05:00,396.239990234375
2023-01-13 11:08:00-05:00,396.3999938964844
2023-01-13 11:09:00-05:00,396.2349853515625
2023-01-13 11:10:00-05:00,396.0350036621094
2023-01-13 11:11:00-05:00,396.1499938964844
2023-01-13 11:12:00-05:00,396.0400085449219
2023-01-13 11:13:00-05:00,395.9198913574219
2023-01-13 11:14:00-05:00,395.8299865722656
2023-01-13 11:15:00-05:00,395.7699890136719
2023-01-13 11:16:00-05:00,395.6799926757813
2023-01-13 11:17:00-05:00,395.6900024414063
2023-01-13 11:18:00-05:00,395.6799926757813
2023-01-13 11:19:00-05:00,395.6600036621094
2023-01-13 11:20:00-05:00,395.8800048828125
2023-01-13 11:21:00-05:00,395.8900146484375
2023-01-13 11:22:00-05:00,396.1650085449219
2023-01-13 11:23:00-05:00,396.3900146484375
2023-01-13 11:24:00-05:00,396.4100036621094
2023-01-13 11:25:00-05:00,396.364990234375
2023-01-13 11:26:00-05:00,396.3656005859375
2023-01-13 11:27:00-05:00,396.3699035644531
2023-01-13 11:28:00-05:00,396.1499938964844
2023-01-13 11:29:00-05:00,396.1000061035156
2023-01-13 11:30:00-05:00,396.05999755859375
2023-01-13 11:31:00-05:00,395.8800048828125
2023-01-13 11:32:00-05:00,395.75
2023-01-13 11:33:00-05:00,395.7099914550781
2023-01-13 11:34:00-05:00,395.7900085449219
2023-01-13 11:35:00-05:00,395.6700134277344
2023-01-13 11:36:00-05:00,395.8699951171875
2023-01-13 11:37:00-05:00,395.7799987792969
2023-01-13 11:38:00-05:00,395.75
2023-01-13 11:39:00-05:00,395.7099914550781
2023-01-13 11:40:00-05:00,395.659912109375
2023-01-13 11:41:00-05:00,395.6799926757813
2023-01-13 11:42:00-05:00,395.6000061035156
2023-01-13 11:43:00-05:00,395.7999877929688
2023-01-13 11:44:00-05:00,395.8056945800781
2023-01-13 11:45:00-05:00,395.7850036621094
2023-01-13 11:46:00-05:00,395.5199890136719
2023-01-13 11:47:00-05:00,395.4299926757813
2023-01-13 11:48:00-05:00,395.6000061035156
2023-01-13 11:49:00-05:00,395.6199951171875
2023-01-13 11:50:00-05:00,395.8800048828125
2023-01-13 11:51:00-05:00,395.8399963378906
2023-01-13 11:52:00-05:00,395.6600036621094
2023-01-13 11:53:00-05:00,395.7799987792969
2023-01-13 11:54:00-05:00,395.7601013183594
2023-01-13 11:55:00-05:00,395.7650146484375
2023-01-13 11:56:00-05:00,395.6499938964844
2023-01-13 11:57:00-05:00,395.6300048828125
2023-01-13 11:58:00-05:00,395.7420043945313
2023-01-13 11:59:00-05:00,395.87799072265625
2023-01-13 12:00:00-05:00,395.9133911132813
2023-01-13 12:01:00-05:00,395.9500122070313
2023-01-13 12:02:00-05:00,396.0799865722656
2023-01-13 12:03:00-05:00,396.010009765625
2023-01-13 12:04:00-05:00,396.0
2023-01-13 12:05:00-05:00,395.8800048828125
2023-01-13 12:06:00-05:00,395.9500122070313
2023-01-13 12:07:00-05:00,396.010009765625
2023-01-13 12:08:00-05:00,395.9599914550781
2023-01-13 12:09:00-05:00,396.0539855957031
2023-01-13 12:10:00-05:00,396.1000061035156
2023-01-13 12:11:00-05:00,396.0700073242188
2023-01-13 12:12:00-05:00,396.1000061035156
2023-01-13 12:13:00-05:00,396.3599853515625
2023-01-13 12:14:00-05:00,396.3500061035156
2023-01-13 12:15:00-05:00,396.3049926757813
2023-01-13 12:16:00-05:00,396.4700012207031
2023-01-13 12:17:00-05:00,396.3999938964844
2023-01-13 12:18:00-05:00,396.489990234375
2023-01-13 12:19:00-05:00,396.4599914550781
2023-01-13 12:20:00-05:00,396.5
2023-01-13 12:21:00-05:00,396.4200134277344
2023-01-13 12:22:00-05:00,396.3999938964844
2023-01-13 12:23:00-05:00,396.2999877929688
2023-01-13 12:24:00-05:00,396.2598876953125
2023-01-13 12:25:00-05:00,396.5199890136719
2023-01-13 12:26:00-05:00,396.5899963378906
2023-01-13 12:27:00-05:00,396.55999755859375
2023-01-13 12:28:00-05:00,396.5499877929688
2023-01-13 12:29:00-05:00,396.5650024414063
2023-01-13 12:30:00-05:00,396.5
2023-01-13 12:31:00-05:00,396.364990234375
2023-01-13 12:32:00-05:00,396.3699951171875
2023-01-13 12:33:00-05:00,396.489990234375
2023-01-13 12:34:00-05:00,396.4700012207031
2023-01-13 12:35:00-05:00,396.3999938964844
2023-01-13 12:36:00-05:00,396.3799133300781
2023-01-13 12:37:00-05:00,396.2699890136719
2023-01-13 12:38:00-05:00,396.260009765625
2023-01-13 12:39:00-05:00,396.1700134277344
2023-01-13 12:40:00-05:00,396.2099914550781
2023-01-13 12:41:00-05:00,396.2000122070313
2023-01-13 12:42:00-05:00,396.1900024414063
2023-01-13 12:43:00-05:00,396.25
2023-01-13 12:44:00-05:00,396.4400024414063
2023-01-13 12:45:00-05:00,396.5799865722656
2023-01-13 12:46:00-05:00,396.55999755859375
2023-01-13 12:47:00-05:00,396.5750122070313
2023-01-13 12:48:00-05:00,396.4599914550781
2023-01-13 12:49:00-05:00,396.4599914550781
2023-01-13 12:50:00-05:00,396.4916076660156
2023-01-13 12:51:00-05:00,396.4299926757813
2023-01-13 12:52:00-05:00,396.4500122070313
2023-01-13 12:53:00-05:00,396.510009765625
2023-01-13 12:54:00-05:00,396.5799865722656
2023-01-13 12:55:00-05:00,396.5700073242188
2023-01-13 12:56:00-05:00,396.8349914550781
2023-01-13 12:57:00-05:00,396.7349853515625
2023-01-13 12:58:00-05:00,396.6199951171875
2023-01-13 12:59:00-05:00,396.7099914550781
2023-01-13 13:00:00-05:00,396.7900085449219
2023-01-13 13:01:00-05:00,396.8699951171875
2023-01-13 13:02:00-05:00,396.8599853515625
2023-01-13 13:03:00-05:00,396.9200134277344
2023-01-13 13:04:00-05:00,396.8949890136719
2023-01-13 13:05:00-05:00,396.6300048828125
2023-01-13 13:06:00-05:00,396.6099853515625
2023-01-13 13:07:00-05:00,396.6099853515625
2023-01-13 13:08:00-05:00,396.6090087890625
2023-01-13 13:09:00-05:00,396.6099853515625
2023-01-13 13:10:00-05:00,396.7300109863281
2023-01-13 13:11:00-05:00,396.7999877929688
2023-01-13 13:12:00-05:00,396.8138122558594
2023-01-13 13:13:00-05:00,396.7250061035156
2023-01-13 13:14:00-05:00,396.6618957519531
2023-01-13 13:15:00-05:00,396.6700134277344
2023-01-13 13:16:00-05:00,396.4800109863281
2023-01-13 13:17:00-05:00,396.4299926757813
2023-01-13 13:18:00-05:00,396.4200134277344
2023-01-13 13:19:00-05:00,396.4500122070313
2023-01-13 13:20:00-05:00,396.2799987792969
2023-01-13 13:21:00-05:00,396.3599853515625
2023-01-13 13:22:00-05:00,396.375
2023-01-13 13:23:00-05:00,396.2550048828125
2023-01-13 13:24:00-05:00,396.3399963378906
2023-01-13 13:25:00-05:00,396.4200134277344
2023-01-13 13:26:00-05:00,396.4400024414063
2023-01-13 13:27:00-05:00,396.4500122070313
2023-01-13 13:28:00-05:00,396.4299926757813
2023-01-13 13:29:00-05:00,396.4498901367188
2023-01-13 13:30:00-05:00,396.5999145507813
2023-01-13 13:31:00-05:00,396.55999755859375
2023-01-13 13:32:00-05:00,396.6524963378906
2023-01-13 13:33:00-05:00,396.6795043945313
2023-01-13 13:34:00-05:00,396.8200073242188
2023-01-13 13:35:00-05:00,396.8013916015625
2023-01-13 13:36:00-05:00,396.6799926757813
2023-01-13 13:37:00-05:00,396.6300048828125
2023-01-13 13:38:00-05:00,396.6998901367188
2023-01-13 13:39:00-05:00,396.9599914550781
2023-01-13 13:40:00-05:00,397.1700134277344
2023-01-13 13:41:00-05:00,397.1799926757813
2023-01-13 13:42:00-05:00,397.3900146484375
2023-01-13 13:43:00-05:00,397.4599914550781
2023-01-13 13:44:00-05:00,397.4400024414063
2023-01-13 13:45:00-05:00,397.3699951171875
2023-01-13 13:46:00-05:00,397.3699951171875
2023-01-13 13:47:00-05:00,397.4400024414063
2023-01-13 13:48:00-05:00,397.6199951171875
2023-01-13 13:49:00-05:00,397.6700134277344
2023-01-13 13:50:00-05:00,397.5950012207031
2023-01-13 13:51:00-05:00,397.6700134277344
2023-01-13 13:52:00-05:00,397.510009765625
2023-01-13 13:53:00-05:00,397.5499877929688
2023-01-13 13:54:00-05:00,397.5050048828125
2023-01-13 13:55:00-05:00,397.4700012207031
2023-01-13 13:56:00-05:00,397.4299926757813
2023-01-13 13:57:00-05:00,397.510009765625
2023-01-13 13:58:00-05:00,397.5499877929688
2023-01-13 13:59:00-05:00,397.5698852539063
2023-01-13 14:00:00-05:00,397.7099914550781
2023-01-13 14:01:00-05:00,397.7699890136719
2023-01-13 14:02:00-05:00,397.760009765625
2023-01-13 14:03:00-05:00,397.7049865722656
2023-01-13 14:04:00-05:00,397.4601135253906
2023-01-13 14:05:00-05:00,397.5899963378906
2023-01-13 14:06:00-05:00,397.5450134277344
2023-01-13 14:07:00-05:00,397.4400024414063
2023-01-13 14:08:00-05:00,397.4400024414063
2023-01-13 14:09:00-05:00,397.3699951171875
2023-01-13 14:10:00-05:00,397.3999938964844
2023-01-13 14:11:00-05:00,397.4800109863281
2023-01-13 14:12:00-05:00,397.5
2023-01-13 14:13:00-05:00,397.510009765625
2023-01-13 14:14:00-05:00,397.4400024414063
2023-01-13 14:15:00-05:00,397.6099853515625
2023-01-13 14:16:00-05:00,397.58990478515625
2023-01-13 14:17:00-05:00,397.5499877929688
2023-01-13 14:18:00-05:00,397.6000061035156
2023-01-13 14:19:00-05:00,397.5650024414063
2023-01-13 14:20:00-05:00,397.385009765625
2023-01-13 14:21:00-05:00,397.3200073242188
2023-01-13 14:22:00-05:00,397.2799987792969
2023-01-13 14:23:00-05:00,397.2999877929688
2023-01-13 14:24:00-05:00,397.3699951171875
2023-01-13 14:25:00-05:00,397.3800048828125
2023-01-13 14:26:00-05:00,397.4599914550781
2023-01-13 14:27:00-05:00,397.5299987792969
2023-01-13 14:28:00-05:00,397.5899963378906
2023-01-13 14:29:00-05:00,397.6000061035156
2023-01-13 14:30:00-05:00,397.6600036621094
2023-01-13 14:31:00-05:00,397.8399963378906
2023-01-13 14:32:00-05:00,397.7900085449219
2023-01-13 14:33:00-05:00,397.6600036621094
2023-01-13 14:34:00-05:00,397.6400146484375
2023-01-13 14:35:00-05:00,397.6700134277344
2023-01-13 14:36:00-05:00,397.5499877929688
2023-01-13 14:37:00-05:00,397.4924926757813
2023-01-13 14:38:00-05:00,397.6499938964844
2023-01-13 14:39:00-05:00,397.7825927734375
2023-01-13 14:40:00-05:00,397.7349853515625
2023-01-13 14:41:00-05:00,397.7099914550781
2023-01-13 14:42:00-05:00,397.5650024414063
2023-01-13 14:43:00-05:00,397.5899963378906
2023-01-13 14:44:00-05:00,397.61920166015625
2023-01-13 14:45:00-05:00,397.6600036621094
2023-01-13 14:46:00-05:00,397.5499877929688
2023-01-13 14:47:00-05:00,397.7349853515625
2023-01-13 14:48:00-05:00,397.8399963378906
2023-01-13 14:49:00-05:00,397.8049926757813
2023-01-13 14:50:00-05:00,397.6799926757813
2023-01-13 14:51:00-05:00,397.5499877929688
2023-01-13 14:52:00-05:00,397.5999145507813
2023-01-13 14:53:00-05:00,397.6199951171875
2023-01-13 14:54:00-05:00,397.6799926757813
2023-01-13 14:55:00-05:00,397.55999755859375
2023-01-13 14:56:00-05:00,397.6600036621094
2023-01-13 14:57:00-05:00,397.6799011230469
2023-01-13 14:58:00-05:00,397.6852111816406
2023-01-13 14:59:00-05:00,397.7300109863281
2023-01-13 15:00:00-05:00,397.7699890136719
2023-01-13 15:01:00-05:00,397.75
2023-01-13 15:02:00-05:00,397.8200073242188
2023-01-13 15:03:00-05:00,397.9100036621094
2023-01-13 15:04:00-05:00,397.9320068359375
2023-01-13 15:05:00-05:00,397.93499755859375
2023-01-13 15:06:00-05:00,397.875
2023-01-13 15:07:00-05:00,397.8450012207031
2023-01-13 15:08:00-05:00,397.8949890136719
2023-01-13 15:09:00-05:00,397.93499755859375
2023-01-13 15:10:00-05:00,398.0199890136719
2023-01-13 15:11:00-05:00,398.1499938964844
2023-01-13 15:12:00-05:00,397.9200134277344
2023-01-13 15:13:00-05:00,397.9249877929688
2023-01-13 15:14:00-05:00,397.9599914550781
2023-01-13 15:15:00-05:00,397.8599853515625
2023-01-13 15:16:00-05:00,397.9400024414063
2023-01-13 15:17:00-05:00,397.9599914550781
2023-01-13 15:18:00-05:00,398.0400085449219
2023-01-13 15:19:00-05:00,397.9999084472656
2023-01-13 15:20:00-05:00,398.0199890136719
2023-01-13 15:21:00-05:00,398.1400146484375
2023-01-13 15:22:00-05:00,398.1700134277344
2023-01-13 15:23:00-05:00,398.1900024414063
2023-01-13 15:24:00-05:00,398.1700134277344
2023-01-13 15:25:00-05:00,398.1549987792969
2023-01-13 15:26:00-05:00,398.260009765625
2023-01-13 15:27:00-05:00,398.25
2023-01-13 15:28:00-05:00,398.2000122070313
2023-01-13 15:29:00-05:00,398.2999877929688
2023-01-13 15:30:00-05:00,398.3500061035156
2023-01-13 15:31:00-05:00,398.3800048828125
2023-01-13 15:32:00-05:00,398.3699951171875
2023-01-13 15:33:00-05:00,398.3599853515625
2023-01-13 15:34:00-05:00,398.4100036621094
2023-01-13 15:35:00-05:00,398.5700073242188
2023-01-13 15:36:00-05:00,398.6200866699219
2023-01-13 15:37:00-05:00,398.8299865722656
2023-01-13 15:38:00-05:00,398.9299926757813
2023-01-13 15:39:00-05:00,399.0799865722656
2023-01-13 15:40:00-05:00,399.1000061035156
2023-01-13 15:41:00-05:00,398.9400024414063
2023-01-13 15:42:00-05:00,398.8599853515625
2023-01-13 15:43:00-05:00,398.9249877929688
2023-01-13 15:44:00-05:00,398.8349914550781
2023-01-13 15:45:00-05:00,398.7749938964844
2023-01-13 15:46:00-05:00,398.5899963378906
2023-01-13 15:47:00-05:00,398.4700012207031
2023-01-13 15:48:00-05:00,398.4299926757813
2023-01-13 15:49:00-05:00,398.55999755859375
2023-01-13 15:50:00-05:00,398.5700073242188
2023-01-13 15:51:00-05:00,398.4200134277344
2023-01-13 15:52:00-05:00,398.3299865722656
2023-01-13 15:53:00-05:00,398.260009765625
2023-01-13 15:54:00-05:00,398.5
2023-01-13 15:55:00-05:00,398.6700134277344
2023-01-13 15:56:00-05:00,398.6799926757813
2023-01-13 15:57:00-05:00,398.739990234375
2023-01-13 15:58:00-05:00,398.7999877929688
2023-01-13 15:59:00-05:00,398.6700134277344
2023-01-13 16:00:00-05:00,398.59
2023-01-13 16:01:00-05:00,398.9
2023-01-13 16:02:00-05:00,398.48
2023-01-13 16:03:00-05:00,398.34
2023-01-13 16:04:00-05:00,398.27
2023-01-13 16:05:00-05:00,398.56
2023-01-13 16:06:00-05:00,398.28
2023-01-13 16:07:00-05:00,398.23
2023-01-13 16:08:00-05:00,398.21
2023-01-13 16:09:00-05:00,398.5642
2023-01-13 16:10:00-05:00,398.5
2023-01-13 16:11:00-05:00,398.24
2023-01-13 16:12:00-05:00,398.205
2023-01-13 16:13:00-05:00,398.2
2023-01-13 16:14:00-05:00,398.25
2023-01-13 16:15:00-05:00,398.28
2023-01-13 16:16:00-05:00,398.25
2023-01-13 16:17:00-05:00,398.23
2023-01-13 16:18:00-05:00,398.23
2023-01-13 16:19:00-05:00,398.23
2023-01-13 16:20:00-05:00,398.26
2023-01-13 16:21:00-05:00,398.26
2023-01-13 16:22:00-05:00,398.25
2023-01-13 16:23:00-05:00,398.27
2023-01-13 16:24:00-05:00,398.34
2023-01-13 16:25:00-05:00,398.41
2023-01-13 16:26:00-05:00,398.46
2023-01-13 16:27:00-05:00,398.49
2023-01-13 16:28:00-05:00,398.48
2023-01-13 16:29:00-05:00,398.5
2023-01-13 16:30:00-05:00,398.49
2023-01-13 16:31:00-05:00,398.54
2023-01-13 16:32:00-05:00,398.59
2023-01-13 16:33:00-05:00,398.59
2023-01-13 16:34:00-05:00,398.58
2023-01-13 16:35:00-05:00,398.59
2023-01-13 16:36:00-05:00,398.6
2023-01-13 16:37:00-05:00,398.62
2023-01-13 16:38:00-05:00,398.63
2023-01-13 16:39:00-05:00,398.63
2023-01-13 16:40:00-05:00,398.6
2023-01-13 16:41:00-05:00,398.6
2023-01-13 16:42:00-05:00,398.6
2023-01-13 16:43:00-05:00,398.59
2023-01-13 16:44:00-05:00,398.6
2023-01-13 16:45:00-05:00,398.59
2023-01-13 16:46:00-05:00,398.6
2023-01-13 16:47:00-05:00,398.61
2023-01-13 16:48:00-05:00,398.625
2023-01-13 16:49:00-05:00,398.65
2023-01-13 16:50:00-05:00,398.65
2023-01-13 16:51:00-05:00,398.66
2023-01-13 16:52:00-05:00,398.65
2023-01-13 16:53:00-05:00,398.66
2023-01-13 16:54:00-05:00,398.65
2023-01-13 16:55:00-05:00,398.66
2023-01-13 16:56:00-05:00,398.64
2023-01-13 16:57:00-05:00,398.63
2023-01-13 16:58:00-05:00,398.63
2023-01-13 16:59:00-05:00,398.63
2023-01-13 17:00:00-05:00,398.61
2023-01-13 17:01:00-05:00,398.59
2023-01-13 17:02:00-05:00,398.6
2023-01-13 17:03:00-05:00,398.56
2023-01-13 17:04:00-05:00,398.59
2023-01-13 17:05:00-05:00,398.54
2023-01-13 17:06:00-05:00,398.58
2023-01-13 17:07:00-05:00,398.54
2023-01-13 17:08:00-05:00,398.54
2023-01-13 17:09:00-05:00,398.54
2023-01-13 17:10:00-05:00,398.52
2023-01-13 17:11:00-05:00,398.51
2023-01-13 17:12:00-05:00,398.5
2023-01-13 17:13:00-05:00,398.5
2023-01-13 17:14:00-05:00,398.49
2023-01-13 17:15:00-05:00,398.47
2023-01-13 17:16:00-05:00,398.5
2023-01-13 17:17:00-05:00,398.47
2023-01-13 17:18:00-05:00,398.5
2023-01-13 17:19:00-05:00,398.5
2023-01-13 17:20:00-05:00,398.51
2023-01-13 17:21:00-05:00,398.51
2023-01-13 17:22:00-05:00,398.53
2023-01-13 17:23:00-05:00,398.51
2023-01-13 17:24:00-05:00,398.53
2023-01-13 17:25:00-05:00,398.53
2023-01-13 17:26:00-05:00,398.53
2023-01-13 17:27:00-05:00,398.51
2023-01-13 17:28:00-05:00,398.46
2023-01-13 17:29:00-05:00,398.46
2023-01-13 17:30:00-05:00,398.53
2023-01-13 17:31:00-05:00,398.495
2023-01-13 17:32:00-05:00,398.46
2023-01-13 17:33:00-05:00,398.43
2023-01-13 17:34:00-05:00,398.5
2023-01-13 17:35:00-05:00,398.43
2023-01-13 17:36:00-05:00,398.43
2023-01-13 17:37:00-05:00,398.52
2023-01-13 17:38:00-05:00,398.5
2023-01-13 17:39:00-05:00,398.5
2023-01-13 17:40:00-05:00,398.6
2023-01-13 17:41:00-05:00,398.71
2023-01-13 17:42:00-05:00,398.635
2023-01-13 17:43:00-05:00,398.56
2023-01-13 17:44:00-05:00,398.525
2023-01-13 17:45:00-05:00,398.55
2023-01-13 17:46:00-05:00,398.525
2023-01-13 17:47:00-05:00,398.55
2023-01-13 17:48:00-05:00,398.55
2023-01-13 17:49:00-05:00,398.5
2023-01-13 17:50:00-05:00,398.43
2023-01-13 17:51:00-05:00,398.5
2023-01-13 17:52:00-05:00,398.5
2023-01-13 17:53:00-05:00,398.42
2023-01-13 17:54:00-05:00,398.42
2023-01-13 17:55:00-05:00,398.43
2023-01-13 17:56:00-05:00,398.46
2023-01-13 17:57:00-05:00,398.405
2023-01-13 17:58:00-05:00,398.4
2023-01-13 17:59:00-05:00,398.4
2023-01-13 18:00:00-05:00,398.4
2023-01-13 18:01:00-05:00,398.4
2023-01-13 18:02:00-05:00,398.4
2023-01-13 18:03:00-05:00,398.4
2023-01-13 18:04:00-05:00,398.39
2023-01-13 18:05:00-05:00,398.38
2023-01-13 18:06:00-05:00,398.4
2023-01-13 18:07:00-05:00,398.4
2023-01-13 18:08:00-05:00,398.385
2023-01-13 18:09:00-05:00,398.46
2023-01-13 18:10:00-05:00,398.5
2023-01-13 18:11:00-05:00,398.42
2023-01-13 18:12:00-05:00,398.5
2023-01-13 18:13:00-05:00,398.45
2023-01-13 18:14:00-05:00,398.47
2023-01-13 18:15:00-05:00,398.5
2023-01-13 18:16:00-05:00,398.45
2023-01-13 18:17:00-05:00,398.45
2023-01-13 18:18:00-05:00,398.45
2023-01-13 18:19:00-05:00,398.49
2023-01-13 18:20:00-05:00,398.5
2023-01-13 18:21:00-05:00,398.5
2023-01-13 18:22:00-05:00,398.39
2023-01-13 18:23:00-05:00,398.38
2023-01-13 18:24:00-05:00,398.38
2023-01-13 18:25:00-05:00,398.38
2023-01-13 18:26:00-05:00,398.37
2023-01-13 18:27:00-05:00,398.36
2023-01-13 18:28:00-05:00,398.355
2023-01-13 18:29:00-05:00,398.35
2023-01-13 18:30:00-05:00,398.35
2023-01-13 18:31:00-05:00,398.35
2023-01-13 18:32:00-05:00,398.34
2023-01-13 18:33:00-05:00,398.29
2023-01-13 18:34:00-05:00,398.33
2023-01-13 18:35:00-05:00,398.33
2023-01-13 18:36:00-05:00,398.3
2023-01-13 18:37:00-05:00,398.315
2023-01-13 18:38:00-05:00,398.33
2023-01-13 18:39:00-05:00,398.31
2023-01-13 18:40:00-05:00,398.3
2023-01-13 18:41:00-05:00,398.29
2023-01-13 18:42:00-05:00,398.29
2023-01-13 18:43:00-05:00,398.3
2023-01-13 18:44:00-05:00,398.28
2023-01-13 18:45:00-05:00,398.3
2023-01-13 18:46:00-05:00,398.3
2023-01-13 18:47:00-05:00,398.3
2023-01-13 18:48:00-05:00,398.33
2023-01-13 18:49:00-05:00,398.3
2023-01-13 18:50:00-05:00,398.3
2023-01-13 18:51:00-05:00,398.3
2023-01-13 18:52:00-05:00,398.28
2023-01-13 18:53:00-05:00,398.28
2023-01-13 18:54:00-05:00,398.3
2023-01-13 18:55:00-05:00,398.3
2023-01-13 18:56:00-05:00,398.255
2023-01-13 18:57:00-05:00,398.29
2023-01-13 18:58:00-05:00,398.265
2023-01-13 18:59:00-05:00,398.3
2023-01-13 19:00:00-05:00,398.34
2023-01-13 19:01:00-05:00,398.34
2023-01-13 19:02:00-05:00,398.34
2023-01-13 19:03:00-05:00,398.35
2023-01-13 19:04:00-05:00,398.34
2023-01-13 19:05:00-05:00,398.35
2023-01-13 19:06:00-05:00,398.325
2023-01-13 19:07:00-05:00,398.3
2023-01-13 19:08:00-05:00,398.265
2023-01-13 19:09:00-05:00,398.265
2023-01-13 19:10:00-05:00,398.265
2023-01-13 19:11:00-05:00,398.26
2023-01-13 19:12:00-05:00,398.26
2023-01-13 19:13:00-05:00,398.3
2023-01-13 19:14:00-05:00,398.3
2023-01-13 19:15:00-05:00,398.26
2023-01-13 19:16:00-05:00,398.275
2023-01-13 19:17:00-05:00,398.3
2023-01-13 19:18:00-05:00,398.3
2023-01-13 19:19:00-05:00,398.275
2023-01-13 19:20:00-05:00,398.3
2023-01-13 19:21:00-05:00,398.3
2023-01-13 19:22:00-05:00,398.3
2023-01-13 19:23:00-05:00,398.3
2023-01-13 19:24:00-05:00,398.35
2023-01-13 19:25:00-05:00,398.35
2023-01-13 19:26:00-05:00,398.35
2023-01-13 19:27:00-05:00,398.31
2023-01-13 19:28:00-05:00,398.305
2023-01-13 19:29:00-05:00,398.35
2023-01-13 19:30:00-05:00,398.34
2023-01-13 19:31:00-05:00,398.305
2023-01-13 19:32:00-05:00,398.35
2023-01-13 19:33:00-05:00,398.305
2023-01-13 19:34:00-05:00,398.35
2023-01-13 19:35:00-05:00,398.35
2023-01-13 19:36:00-05:00,398.3002
2023-01-13 19:37:00-05:00,398.29
2023-01-13 19:38:00-05:00,398.25
2023-01-13 19:39:00-05:00,398.29
2023-01-13 19:40:00-05:00,398.29
2023-01-13 19:41:00-05:00,398.245
2023-01-13 19:42:00-05:00,398.28
2023-01-13 19:43:00-05:00,398.27
2023-01-13 19:44:00-05:00,398.27
2023-01-13 19:45:00-05:00,398.27
2023-01-13 19:46:00-05:00,398.27
2023-01-13 19:47:00-05:00,398.27
2023-01-13 19:48:00-05:00,398.28
2023-01-13 19:49:00-05:00,398.28
2023-01-13 19:50:00-05:00,398.305
2023-01-13 19:51:00-05:00,398.5
2023-01-13 19:52:00-05:00,398.45
2023-01-13 19:53:00-05:00,398.4
2023-01-13 19:54:00-05:00,398.42
2023-01-13 19:55:00-05:00,398.45
2023-01-13 19:56:00-05:00,398.41
2023-01-13 19:57:00-05:00,398.41
2023-01-13 19:58:00-05:00,398.45
2023-01-13 19:59:00-05:00,398.47
2023-01-17 04:00:00-05:00,397.95
2023-01-17 04:01:00-05:00,397.49
2023-01-17 04:02:00-05:00,397.49
2023-01-17 04:03:00-05:00,397.62
2023-01-17 04:04:00-05:00,397.6
2023-01-17 04:05:00-05:00,397.75
2023-01-17 04:06:00-05:00,397.79
2023-01-17 04:07:00-05:00,397.73
2023-01-17 04:08:00-05:00,397.69
2023-01-17 04:09:00-05:00,397.66
2023-01-17 04:10:00-05:00,397.68
2023-01-17 04:11:00-05:00,397.62
2023-01-17 04:12:00-05:00,397.58
2023-01-17 04:13:00-05:00,397.52
2023-01-17 04:14:00-05:00,397.45
2023-01-17 04:15:00-05:00,397.41
2023-01-17 04:16:00-05:00,397.47
2023-01-17 04:17:00-05:00,397.41
2023-01-17 04:18:00-05:00,397.39
2023-01-17 04:19:00-05:00,397.36
2023-01-17 04:20:00-05:00,397.34
2023-01-17 04:21:00-05:00,397.23
2023-01-17 04:22:00-05:00,397.21
2023-01-17 04:23:00-05:00,397.04
2023-01-17 04:24:00-05:00,397.01
2023-01-17 04:25:00-05:00,397.01
2023-01-17 04:26:00-05:00,397.03
2023-01-17 04:27:00-05:00,397.12
2023-01-17 04:28:00-05:00,397.17
2023-01-17 04:29:00-05:00,397.18
2023-01-17 04:30:00-05:00,397.2
2023-01-17 04:31:00-05:00,397.3
2023-01-17 04:32:00-05:00,397.34
2023-01-17 04:33:00-05:00,397.36
2023-01-17 04:34:00-05:00,397.5
2023-01-17 04:35:00-05:00,397.55
2023-01-17 04:36:00-05:00,397.64
2023-01-17 04:37:00-05:00,397.52
2023-01-17 04:38:00-05:00,397.56
2023-01-17 04:39:00-05:00,397.58
2023-01-17 04:40:00-05:00,397.52
2023-01-17 04:41:00-05:00,397.58
2023-01-17 04:42:00-05:00,397.73
2023-01-17 04:43:00-05:00,397.7
2023-01-17 04:44:00-05:00,397.68
2023-01-17 04:45:00-05:00,397.69
2023-01-17 04:46:00-05:00,397.7
2023-01-17 04:47:00-05:00,397.64
2023-01-17 04:48:00-05:00,397.5
2023-01-17 04:49:00-05:00,397.51
2023-01-17 04:50:00-05:00,397.56
2023-01-17 04:51:00-05:00,397.55
2023-01-17 04:52:00-05:00,397.6
2023-01-17 04:53:00-05:00,397.58
2023-01-17 04:54:00-05:00,397.51
2023-01-17 04:55:00-05:00,397.49
2023-01-17 04:56:00-05:00,397.46
2023-01-17 04:57:00-05:00,397.4
2023-01-17 04:58:00-05:00,397.35
2023-01-17 04:59:00-05:00,397.36
2023-01-17 05:00:00-05:00,397.33
2023-01-17 05:01:00-05:00,397.33
2023-01-17 05:02:00-05:00,397.37
2023-01-17 05:03:00-05:00,397.35
2023-01-17 05:04:00-05:00,397.25
2023-01-17 05:05:00-05:00,397.24
2023-01-17 05:06:00-05:00,397.21
2023-01-17 05:07:00-05:00,397.17
2023-01-17 05:08:00-05:00,397.17
2023-01-17 05:09:00-05:00,397.17
2023-01-17 05:10:00-05:00,397.13
2023-01-17 05:11:00-05:00,397.15
2023-01-17 05:12:00-05:00,397.13
2023-01-17 05:13:00-05:00,397.19
2023-01-17 05:14:00-05:00,397.21
2023-01-17 05:15:00-05:00,397.2
2023-01-17 05:16:00-05:00,397.31
2023-01-17 05:17:00-05:00,397.29
2023-01-17 05:18:00-05:00,397.43
2023-01-17 05:19:00-05:00,397.5
2023-01-17 05:20:00-05:00,397.52
2023-01-17 05:21:00-05:00,397.51
2023-01-17 05:22:00-05:00,397.53
2023-01-17 05:23:00-05:00,397.44
2023-01-17 05:24:00-05:00,397.45
2023-01-17 05:25:00-05:00,397.48
2023-01-17 05:26:00-05:00,397.4
2023-01-17 05:27:00-05:00,397.34
2023-01-17 05:28:00-05:00,397.3
2023-01-17 05:29:00-05:00,397.39
2023-01-17 05:30:00-05:00,397.54
2023-01-17 05:31:00-05:00,397.52
2023-01-17 05:32:00-05:00,397.6
2023-01-17 05:33:00-05:00,397.7
2023-01-17 05:34:00-05:00,397.7
2023-01-17 05:35:00-05:00,397.69
2023-01-17 05:36:00-05:00,397.6
2023-01-17 05:37:00-05:00,397.6
2023-01-17 05:38:00-05:00,397.55
2023-01-17 05:41:00-05:00,397.58
2023-01-17 05:43:00-05:00,397.53
2023-01-17 05:44:00-05:00,397.44
2023-01-17 05:45:00-05:00,397.45
2023-01-17 05:46:00-05:00,397.43
2023-01-17 05:47:00-05:00,397.54
2023-01-17 05:48:00-05:00,397.59
2023-01-17 05:49:00-05:00,397.6
2023-01-17 05:50:00-05:00,397.62
2023-01-17 05:53:00-05:00,397.52
2023-01-17 05:54:00-05:00,397.67
2023-01-17 05:55:00-05:00,397.75
2023-01-17 05:56:00-05:00,397.81
2023-01-17 05:57:00-05:00,397.81
2023-01-17 05:58:00-05:00,397.75
2023-01-17 05:59:00-05:00,397.61
2023-01-17 06:00:00-05:00,397.58
2023-01-17 06:01:00-05:00,397.56
2023-01-17 06:02:00-05:00,397.5
2023-01-17 06:03:00-05:00,397.48
2023-01-17 06:04:00-05:00,397.54
2023-01-17 06:05:00-05:00,397.5
2023-01-17 06:07:00-05:00,397.56
2023-01-17 06:08:00-05:00,397.55
2023-01-17 06:10:00-05:00,397.58
2023-01-17 06:11:00-05:00,397.5
2023-01-17 06:12:00-05:00,397.44
2023-01-17 06:13:00-05:00,397.47
2023-01-17 06:14:00-05:00,397.48
2023-01-17 06:16:00-05:00,397.5
2023-01-17 06:17:00-05:00,397.53
2023-01-17 06:18:00-05:00,397.53
2023-01-17 06:19:00-05:00,397.44
2023-01-17 06:20:00-05:00,397.5
2023-01-17 06:22:00-05:00,397.57
2023-01-17 06:23:00-05:00,397.5
2023-01-17 06:24:00-05:00,397.6
2023-01-17 06:25:00-05:00,397.48
2023-01-17 06:26:00-05:00,397.5
2023-01-17 06:27:00-05:00,397.51
2023-01-17 06:28:00-05:00,397.47
2023-01-17 06:29:00-05:00,397.45
2023-01-17 06:31:00-05:00,397.49
2023-01-17 06:32:00-05:00,397.53
2023-01-17 06:33:00-05:00,397.51
2023-01-17 06:34:00-05:00,397.53
2023-01-17 06:35:00-05:00,397.55
2023-01-17 06:36:00-05:00,397.55
2023-01-17 06:37:00-05:00,397.55
2023-01-17 06:38:00-05:00,397.45
2023-01-17 06:39:00-05:00,397.49
2023-01-17 06:40:00-05:00,397.45
2023-01-17 06:41:00-05:00,397.43
2023-01-17 06:42:00-05:00,397.52
2023-01-17 06:43:00-05:00,397.63
2023-01-17 06:44:00-05:00,397.64
2023-01-17 06:45:00-05:00,397.59
2023-01-17 06:46:00-05:00,397.52
2023-01-17 06:48:00-05:00,397.56
2023-01-17 06:49:00-05:00,397.52
2023-01-17 06:50:00-05:00,397.56
2023-01-17 06:52:00-05:00,397.56
2023-01-17 06:54:00-05:00,397.66
2023-01-17 06:55:00-05:00,397.76
2023-01-17 06:56:00-05:00,397.69
2023-01-17 06:57:00-05:00,397.69
2023-01-17 06:58:00-05:00,397.76
2023-01-17 06:59:00-05:00,397.82
2023-01-17 07:00:00-05:00,397.93
2023-01-17 07:01:00-05:00,397.92
2023-01-17 07:02:00-05:00,397.81
2023-01-17 07:03:00-05:00,397.78
2023-01-17 07:04:00-05:00,397.64
2023-01-17 07:05:00-05:00,397.65
2023-01-17 07:06:00-05:00,397.68
2023-01-17 07:07:00-05:00,397.68
2023-01-17 07:08:00-05:00,397.83
2023-01-17 07:09:00-05:00,397.82
2023-01-17 07:10:00-05:00,397.75
2023-01-17 07:11:00-05:00,397.85
2023-01-17 07:12:00-05:00,397.87
2023-01-17 07:13:00-05:00,397.81
2023-01-17 07:14:00-05:00,397.79
2023-01-17 07:15:00-05:00,397.82
2023-01-17 07:16:00-05:00,397.88
2023-01-17 07:17:00-05:00,397.86
2023-01-17 07:18:00-05:00,397.86
2023-01-17 07:19:00-05:00,398.0
2023-01-17 07:20:00-05:00,398.01
2023-01-17 07:21:00-05:00,397.85
2023-01-17 07:22:00-05:00,397.93
2023-01-17 07:23:00-05:00,397.93
2023-01-17 07:24:00-05:00,397.9
2023-01-17 07:25:00-05:00,398.1
2023-01-17 07:26:00-05:00,398.09
2023-01-17 07:27:00-05:00,398.07
2023-01-17 07:28:00-05:00,398.06
2023-01-17 07:29:00-05:00,398.07
2023-01-17 07:30:00-05:00,398.08
2023-01-17 07:31:00-05:00,397.93
2023-01-17 07:32:00-05:00,397.96
2023-01-17 07:33:00-05:00,397.94
2023-01-17 07:34:00-05:00,398.0
2023-01-17 07:35:00-05:00,398.03
2023-01-17 07:36:00-05:00,398.01
2023-01-17 07:37:00-05:00,397.99
2023-01-17 07:38:00-05:00,398.04
2023-01-17 07:39:00-05:00,397.85
2023-01-17 07:40:00-05:00,397.78
2023-01-17 07:41:00-05:00,397.77
2023-01-17 07:42:00-05:00,397.76
2023-01-17 07:43:00-05:00,397.67
2023-01-17 07:44:00-05:00,397.69
2023-01-17 07:45:00-05:00,397.65
2023-01-17 07:46:00-05:00,397.6
2023-01-17 07:47:00-05:00,397.55
2023-01-17 07:48:00-05:00,397.48
2023-01-17 07:49:00-05:00,397.44
2023-01-17 07:50:00-05:00,397.45
2023-01-17 07:51:00-05:00,397.4
2023-01-17 07:52:00-05:00,397.34
2023-01-17 07:53:00-05:00,397.34
2023-01-17 07:54:00-05:00,397.36
2023-01-17 07:55:00-05:00,397.45
2023-01-17 07:56:00-05:00,397.45
2023-01-17 07:57:00-05:00,397.44
2023-01-17 07:58:00-05:00,397.4
2023-01-17 07:59:00-05:00,397.45
2023-01-17 08:00:00-05:00,398.07
2023-01-17 08:01:00-05:00,398.04
2023-01-17 08:02:00-05:00,397.25
2023-01-17 08:03:00-05:00,397.16
2023-01-17 08:04:00-05:00,397.15
2023-01-17 08:05:00-05:00,397.2
2023-01-17 08:06:00-05:00,397.21
2023-01-17 08:07:00-05:00,397.23
2023-01-17 08:08:00-05:00,397.2
2023-01-17 08:09:00-05:00,397.23
2023-01-17 08:10:00-05:00,397.25
2023-01-17 08:11:00-05:00,397.18
2023-01-17 08:12:00-05:00,397.18
2023-01-17 08:13:00-05:00,397.34
2023-01-17 08:14:00-05:00,397.39
2023-01-17 08:15:00-05:00,397.41
2023-01-17 08:16:00-05:00,397.36
2023-01-17 08:17:00-05:00,397.49
2023-01-17 08:18:00-05:00,397.46
2023-01-17 08:19:00-05:00,397.54
2023-01-17 08:20:00-05:00,397.83
2023-01-17 08:21:00-05:00,397.8
2023-01-17 08:22:00-05:00,397.845
2023-01-17 08:23:00-05:00,397.86
2023-01-17 08:24:00-05:00,397.8
2023-01-17 08:25:00-05:00,397.74
2023-01-17 08:26:00-05:00,397.78
2023-01-17 08:27:00-05:00,397.77
2023-01-17 08:28:00-05:00,397.73
2023-01-17 08:29:00-05:00,397.79
2023-01-17 08:30:00-05:00,398.12
2023-01-17 08:31:00-05:00,397.93
2023-01-17 08:32:00-05:00,397.9
2023-01-17 08:33:00-05:00,398.06
2023-01-17 08:34:00-05:00,398.02
2023-01-17 08:35:00-05:00,398.12
2023-01-17 08:36:00-05:00,397.97
2023-01-17 08:37:00-05:00,397.97
2023-01-17 08:38:00-05:00,397.9
2023-01-17 08:39:00-05:00,397.81
2023-01-17 08:40:00-05:00,397.81
2023-01-17 08:41:00-05:00,397.9
2023-01-17 08:42:00-05:00,397.78
2023-01-17 08:43:00-05:00,397.71
2023-01-17 08:44:00-05:00,397.7
2023-01-17 08:45:00-05:00,397.75
2023-01-17 08:46:00-05:00,397.94
2023-01-17 08:47:00-05:00,398.5
2023-01-17 08:48:00-05:00,397.83
2023-01-17 08:49:00-05:00,397.81
2023-01-17 08:50:00-05:00,397.77
2023-01-17 08:51:00-05:00,397.58
2023-01-17 08:52:00-05:00,397.48
2023-01-17 08:53:00-05:00,397.5
2023-01-17 08:54:00-05:00,397.585
2023-01-17 08:55:00-05:00,397.54
2023-01-17 08:56:00-05:00,397.53
2023-01-17 08:57:00-05:00,397.45
2023-01-17 08:58:00-05:00,397.48
2023-01-17 08:59:00-05:00,397.51
2023-01-17 09:00:00-05:00,397.66
2023-01-17 09:01:00-05:00,397.67
2023-01-17 09:02:00-05:00,397.75
2023-01-17 09:03:00-05:00,397.81
2023-01-17 09:04:00-05:00,397.84
2023-01-17 09:05:00-05:00,397.8
2023-01-17 09:06:00-05:00,397.87
2023-01-17 09:07:00-05:00,397.99
2023-01-17 09:08:00-05:00,398.07
2023-01-17 09:09:00-05:00,398.04
2023-01-17 09:10:00-05:00,398.08
2023-01-17 09:11:00-05:00,398.13
2023-01-17 09:12:00-05:00,398.19
2023-01-17 09:13:00-05:00,398.18
2023-01-17 09:14:00-05:00,398.25
2023-01-17 09:30:00-05:00,398.739990234375
2023-01-17 09:31:00-05:00,399.010009765625
2023-01-17 09:32:00-05:00,398.8200073242188
2023-01-17 09:33:00-05:00,398.8800048828125
2023-01-17 09:34:00-05:00,398.4200134277344
2023-01-17 09:35:00-05:00,398.7699890136719
2023-01-17 09:36:00-05:00,398.3999938964844
2023-01-17 09:37:00-05:00,398.4700012207031
2023-01-17 09:38:00-05:00,398.33489990234375
2023-01-17 09:39:00-05:00,398.0600891113281
2023-01-17 09:40:00-05:00,398.05999755859375
2023-01-17 09:41:00-05:00,398.3298950195313
2023-01-17 09:42:00-05:00,398.4500122070313
2023-01-17 09:43:00-05:00,398.3900146484375
2023-01-17 09:44:00-05:00,398.5050048828125
2023-01-17 09:45:00-05:00,398.7200012207031
2023-01-17 09:46:00-05:00,398.6499938964844
2023-01-17 09:47:00-05:00,398.6900024414063
2023-01-17 09:48:00-05:00,398.8800048828125
2023-01-17 09:49:00-05:00,398.6900024414063
2023-01-17 09:50:00-05:00,398.7300109863281
2023-01-17 09:51:00-05:00,398.5400085449219
2023-01-17 09:52:00-05:00,398.7699890136719
2023-01-17 09:53:00-05:00,398.9599914550781
2023-01-17 09:54:00-05:00,399.1000061035156
2023-01-17 09:55:00-05:00,398.7999877929688
2023-01-17 09:56:00-05:00,398.8900146484375
2023-01-17 09:57:00-05:00,398.5299987792969
2023-01-17 09:58:00-05:00,398.7000122070313
2023-01-17 09:59:00-05:00,398.7300109863281
2023-01-17 10:00:00-05:00,399.4599914550781
2023-01-17 10:01:00-05:00,399.4700012207031
2023-01-17 10:02:00-05:00,399.8599853515625
2023-01-17 10:03:00-05:00,400.1000061035156
2023-01-17 10:04:00-05:00,400.0899963378906
2023-01-17 10:05:00-05:00,399.7701110839844
2023-01-17 10:06:00-05:00,399.80609130859375
2023-01-17 10:07:00-05:00,399.7699890136719
2023-01-17 10:08:00-05:00,399.8399963378906
2023-01-17 10:09:00-05:00,399.8699951171875
2023-01-17 10:10:00-05:00,399.9750061035156
2023-01-17 10:11:00-05:00,399.9800109863281
2023-01-17 10:12:00-05:00,400.0090026855469
2023-01-17 10:13:00-05:00,400.0299987792969
2023-01-17 10:14:00-05:00,399.760009765625
2023-01-17 10:15:00-05:00,399.78900146484375
2023-01-17 10:16:00-05:00,399.8299865722656
2023-01-17 10:17:00-05:00,399.8699951171875
2023-01-17 10:18:00-05:00,399.9500122070313
2023-01-17 10:19:00-05:00,399.8714904785156
2023-01-17 10:20:00-05:00,399.9500122070313
2023-01-17 10:21:00-05:00,400.1300048828125
2023-01-17 10:22:00-05:00,400.1000061035156
2023-01-17 10:23:00-05:00,400.2300109863281
2023-01-17 10:24:00-05:00,400.1908874511719
2023-01-17 10:25:00-05:00,400.0799865722656
2023-01-17 10:26:00-05:00,400.1600036621094
2023-01-17 10:27:00-05:00,400.0499877929688
2023-01-17 10:28:00-05:00,399.875
2023-01-17 10:29:00-05:00,399.7300109863281
2023-01-17 10:30:00-05:00,399.8299865722656
2023-01-17 10:31:00-05:00,399.7099914550781
2023-01-17 10:32:00-05:00,399.3949890136719
2023-01-17 10:33:00-05:00,399.4100036621094
2023-01-17 10:34:00-05:00,399.4200134277344
2023-01-17 10:35:00-05:00,399.3699951171875
2023-01-17 10:36:00-05:00,399.3699951171875
2023-01-17 10:37:00-05:00,399.2799987792969
2023-01-17 10:38:00-05:00,399.2799072265625
2023-01-17 10:39:00-05:00,399.1098937988281
2023-01-17 10:40:00-05:00,399.0400085449219
2023-01-17 10:41:00-05:00,398.5700073242188
2023-01-17 10:42:00-05:00,398.3999938964844
2023-01-17 10:43:00-05:00,398.1600036621094
2023-01-17 10:44:00-05:00,398.4500122070313
2023-01-17 10:45:00-05:00,398.4100036621094
2023-01-17 10:46:00-05:00,398.3699951171875
2023-01-17 10:47:00-05:00,398.5499877929688
2023-01-17 10:48:00-05:00,398.6199951171875
2023-01-17 10:49:00-05:00,398.6199951171875
2023-01-17 10:50:00-05:00,398.5490112304688
2023-01-17 10:51:00-05:00,398.4100036621094
2023-01-17 10:52:00-05:00,398.4150085449219
2023-01-17 10:53:00-05:00,398.4049987792969
2023-01-17 10:54:00-05:00,398.3450012207031
2023-01-17 10:55:00-05:00,398.3399963378906
2023-01-17 10:56:00-05:00,398.239990234375
2023-01-17 10:57:00-05:00,398.2000122070313
2023-01-17 10:58:00-05:00,398.30999755859375
2023-01-17 10:59:00-05:00,398.4200134277344
2023-01-17 11:00:00-05:00,398.4599914550781
2023-01-17 11:01:00-05:00,398.2799987792969
2023-01-17 11:02:00-05:00,398.2200012207031
2023-01-17 11:03:00-05:00,398.30999755859375
2023-01-17 11:04:00-05:00,398.1900024414063
2023-01-17 11:05:00-05:00,398.2099914550781
2023-01-17 11:06:00-05:00,398.1099853515625
2023-01-17 11:07:00-05:00,397.8699951171875
2023-01-17 11:08:00-05:00,397.8399963378906
2023-01-17 11:09:00-05:00,397.80999755859375
2023-01-17 11:10:00-05:00,397.7749938964844
2023-01-17 11:11:00-05:00,397.5499877929688
2023-01-17 11:12:00-05:00,397.4599914550781
2023-01-17 11:13:00-05:00,397.4700012207031
2023-01-17 11:14:00-05:00,397.4299926757813
2023-01-17 11:15:00-05:00,397.4500122070313
2023-01-17 11:16:00-05:00,397.5
2023-01-17 11:17:00-05:00,397.55999755859375
2023-01-17 11:18:00-05:00,397.5299987792969
2023-01-17 11:19:00-05:00,397.5
2023-01-17 11:20:00-05:00,397.5400085449219
2023-01-17 11:21:00-05:00,397.4200134277344
2023-01-17 11:22:00-05:00,397.5400085449219
2023-01-17 11:23:00-05:00,397.5696105957031
2023-01-17 11:24:00-05:00,397.3599853515625
2023-01-17 11:25:00-05:00,397.3900146484375
2023-01-17 11:26:00-05:00,397.510009765625
2023-01-17 11:27:00-05:00,397.6000061035156
2023-01-17 11:28:00-05:00,397.7850036621094
2023-01-17 11:29:00-05:00,397.80999755859375
2023-01-17 11:30:00-05:00,397.9100036621094
2023-01-17 11:31:00-05:00,398.1000061035156
2023-01-17 11:32:00-05:00,398.1000061035156
2023-01-17 11:33:00-05:00,398.1050109863281
2023-01-17 11:34:00-05:00,398.0899963378906
2023-01-17 11:35:00-05:00,397.9400024414063
2023-01-17 11:36:00-05:00,397.9901123046875
2023-01-17 11:37:00-05:00,397.8500061035156
2023-01-17 11:38:00-05:00,397.8999938964844
2023-01-17 11:39:00-05:00,398.0700073242188
2023-01-17 11:40:00-05:00,398.125
2023-01-17 11:41:00-05:00,398.0700073242188
2023-01-17 11:42:00-05:00,398.2000122070313
2023-01-17 11:43:00-05:00,398.2099914550781
2023-01-17 11:44:00-05:00,398.1899108886719
2023-01-17 11:45:00-05:00,398.0899963378906
2023-01-17 11:46:00-05:00,398.2200012207031
2023-01-17 11:47:00-05:00,398.2995910644531
2023-01-17 11:48:00-05:00,398.2550048828125
2023-01-17 11:49:00-05:00,398.2300109863281
2023-01-17 11:50:00-05:00,398.2999877929688
2023-01-17 11:51:00-05:00,398.2900085449219
2023-01-17 11:52:00-05:00,398.3193054199219
2023-01-17 11:53:00-05:00,398.260009765625
2023-01-17 11:54:00-05:00,398.1549987792969
2023-01-17 11:55:00-05:00,398.125
2023-01-17 11:56:00-05:00,398.2099914550781
2023-01-17 11:57:00-05:00,398.2900085449219
2023-01-17 11:58:00-05:00,398.3699951171875
2023-01-17 11:59:00-05:00,398.2999877929688
2023-01-17 12:00:00-05:00,398.4500122070313
2023-01-17 12:01:00-05:00,398.4299926757813
2023-01-17 12:02:00-05:00,398.4700012207031
2023-01-17 12:03:00-05:00,398.5
2023-01-17 12:04:00-05:00,398.55999755859375
2023-01-17 12:05:00-05:00,398.6400146484375
2023-01-17 12:06:00-05:00,398.5400085449219
2023-01-17 12:07:00-05:00,398.4500122070313
2023-01-17 12:08:00-05:00,398.3399963378906
2023-01-17 12:09:00-05:00,398.1799926757813
2023-01-17 12:10:00-05:00,398.1499938964844
2023-01-17 12:11:00-05:00,398.11810302734375
2023-01-17 12:12:00-05:00,398.1300048828125
2023-01-17 12:13:00-05:00,398.0899963378906
2023-01-17 12:14:00-05:00,398.0199890136719
2023-01-17 12:15:00-05:00,398.0398864746094
2023-01-17 12:16:00-05:00,398.0400085449219
2023-01-17 12:17:00-05:00,398.05999755859375
2023-01-17 12:18:00-05:00,397.9200134277344
2023-01-17 12:19:00-05:00,397.8599853515625
2023-01-17 12:20:00-05:00,397.8900146484375
2023-01-17 12:21:00-05:00,397.9200134277344
2023-01-17 12:22:00-05:00,398.00439453125
2023-01-17 12:23:00-05:00,397.864990234375
2023-01-17 12:24:00-05:00,397.7550048828125
2023-01-17 12:25:00-05:00,397.7699890136719
2023-01-17 12:26:00-05:00,397.6600036621094
2023-01-17 12:27:00-05:00,397.6700134277344
2023-01-17 12:28:00-05:00,397.7900085449219
2023-01-17 12:29:00-05:00,397.6799926757813
2023-01-17 12:30:00-05:00,397.68011474609375
2023-01-17 12:31:00-05:00,397.9400024414063
2023-01-17 12:32:00-05:00,397.9700012207031
2023-01-17 12:33:00-05:00,397.9700012207031
2023-01-17 12:34:00-05:00,397.9500122070313
2023-01-17 12:35:00-05:00,398.0799865722656
2023-01-17 12:36:00-05:00,398.05999755859375
2023-01-17 12:37:00-05:00,398.05999755859375
2023-01-17 12:38:00-05:00,398.1700134277344
2023-01-17 12:39:00-05:00,398.1900024414063
2023-01-17 12:40:00-05:00,398.1050109863281
2023-01-17 12:41:00-05:00,398.0400085449219
2023-01-17 12:42:00-05:00,398.0799865722656
2023-01-17 12:43:00-05:00,398.05999755859375
2023-01-17 12:44:00-05:00,398.0199890136719
2023-01-17 12:45:00-05:00,397.9592895507813
2023-01-17 12:46:00-05:00,397.9599914550781
2023-01-17 12:47:00-05:00,398.0249938964844
2023-01-17 12:48:00-05:00,398.0750122070313
2023-01-17 12:49:00-05:00,398.0700073242188
2023-01-17 12:50:00-05:00,398.0299987792969
2023-01-17 12:51:00-05:00,398.0700073242188
2023-01-17 12:52:00-05:00,398.30999755859375
2023-01-17 12:53:00-05:00,398.2799987792969
2023-01-17 12:54:00-05:00,398.3500061035156
2023-01-17 12:55:00-05:00,398.2981872558594
2023-01-17 12:56:00-05:00,398.1900939941406
2023-01-17 12:57:00-05:00,398.0799865722656
2023-01-17 12:58:00-05:00,398.0609130859375
2023-01-17 12:59:00-05:00,398.1300048828125
2023-01-17 13:00:00-05:00,398.2900085449219
2023-01-17 13:01:00-05:00,398.2799987792969
2023-01-17 13:02:00-05:00,398.3699951171875
2023-01-17 13:03:00-05:00,398.3800048828125
2023-01-17 13:04:00-05:00,398.3800048828125
2023-01-17 13:05:00-05:00,398.3800048828125
2023-01-17 13:06:00-05:00,398.3800048828125
2023-01-17 13:07:00-05:00,398.3999938964844
2023-01-17 13:08:00-05:00,398.364990234375
2023-01-17 13:09:00-05:00,398.3192138671875
2023-01-17 13:10:00-05:00,398.239990234375
2023-01-17 13:11:00-05:00,398.0150146484375
2023-01-17 13:12:00-05:00,398.0838012695313
2023-01-17 13:13:00-05:00,398.1300048828125
2023-01-17 13:14:00-05:00,398.0899963378906
2023-01-17 13:15:00-05:00,398.2300109863281
2023-01-17 13:16:00-05:00,398.2699890136719
2023-01-17 13:17:00-05:00,398.2300109863281
2023-01-17 13:18:00-05:00,398.3699951171875
2023-01-17 13:19:00-05:00,398.3299865722656
2023-01-17 13:20:00-05:00,398.2900085449219
2023-01-17 13:21:00-05:00,398.2358093261719
2023-01-17 13:22:00-05:00,398.0798950195313
2023-01-17 13:23:00-05:00,398.1199951171875
2023-01-17 13:24:00-05:00,398.1199951171875
2023-01-17 13:25:00-05:00,398.1799926757813
2023-01-17 13:26:00-05:00,398.1885986328125
2023-01-17 13:27:00-05:00,398.1499938964844
2023-01-17 13:28:00-05:00,398.2000122070313
2023-01-17 13:29:00-05:00,398.239990234375
2023-01-17 13:30:00-05:00,398.239990234375
2023-01-17 13:31:00-05:00,398.2300109863281
2023-01-17 13:32:00-05:00,398.2900085449219
2023-01-17 13:33:00-05:00,398.3399963378906
2023-01-17 13:34:00-05:00,398.30999755859375
2023-01-17 13:35:00-05:00,398.3399963378906
2023-01-17 13:36:00-05:00,398.3999938964844
2023-01-17 13:37:00-05:00,398.4500122070313
2023-01-17 13:38:00-05:00,398.6000061035156
2023-01-17 13:39:00-05:00,398.739990234375
2023-01-17 13:40:00-05:00,398.7099914550781
2023-01-17 13:41:00-05:00,398.7799987792969
2023-01-17 13:42:00-05:00,398.7799987792969
2023-01-17 13:43:00-05:00,398.75
2023-01-17 13:44:00-05:00,398.7200012207031
2023-01-17 13:45:00-05:00,398.760009765625
2023-01-17 13:46:00-05:00,398.5350036621094
2023-01-17 13:47:00-05:00,398.5400085449219
2023-01-17 13:48:00-05:00,398.635009765625
2023-01-17 13:49:00-05:00,398.7200012207031
2023-01-17 13:50:00-05:00,398.7999877929688
2023-01-17 13:51:00-05:00,398.75
2023-01-17 13:52:00-05:00,398.7349853515625
2023-01-17 13:53:00-05:00,398.7149963378906
2023-01-17 13:54:00-05:00,398.6499938964844
2023-01-17 13:55:00-05:00,398.5849914550781
2023-01-17 13:56:00-05:00,398.5549926757813
2023-01-17 13:57:00-05:00,398.6499938964844
2023-01-17 13:58:00-05:00,398.677490234375
2023-01-17 13:59:00-05:00,398.7000122070313
2023-01-17 14:00:00-05:00,398.760009765625
2023-01-17 14:01:00-05:00,398.7284851074219
2023-01-17 14:02:00-05:00,398.659912109375
2023-01-17 14:03:00-05:00,398.6900024414063
2023-01-17 14:04:00-05:00,398.7699890136719
2023-01-17 14:05:00-05:00,398.8399963378906
2023-01-17 14:06:00-05:00,398.7300109863281
2023-01-17 14:07:00-05:00,398.80999755859375
2023-01-17 14:08:00-05:00,398.75
2023-01-17 14:09:00-05:00,398.739990234375
2023-01-17 14:10:00-05:00,398.739990234375
2023-01-17 14:11:00-05:00,398.6600036621094
2023-01-17 14:12:00-05:00,398.7200012207031
2023-01-17 14:13:00-05:00,398.6600036621094
2023-01-17 14:14:00-05:00,398.4150085449219
2023-01-17 14:15:00-05:00,398.2699890136719
2023-01-17 14:16:00-05:00,397.8598937988281
2023-01-17 14:17:00-05:00,397.9549865722656
2023-01-17 14:18:00-05:00,397.9700012207031
2023-01-17 14:19:00-05:00,398.010009765625
2023-01-17 14:20:00-05:00,398.010009765625
2023-01-17 14:21:00-05:00,397.7699890136719
2023-01-17 14:22:00-05:00,397.7900085449219
2023-01-17 14:23:00-05:00,397.8399963378906
2023-01-17 14:24:00-05:00,397.9150085449219
2023-01-17 14:25:00-05:00,398.010009765625
2023-01-17 14:26:00-05:00,397.9700012207031
2023-01-17 14:27:00-05:00,397.9599914550781
2023-01-17 14:28:00-05:00,397.9100036621094
2023-01-17 14:29:00-05:00,397.9299926757813
2023-01-17 14:30:00-05:00,398.0899963378906
2023-01-17 14:31:00-05:00,398.159912109375
2023-01-17 14:32:00-05:00,398.1650085449219
2023-01-17 14:33:00-05:00,398.239990234375
2023-01-17 14:34:00-05:00,398.2778015136719
2023-01-17 14:35:00-05:00,398.4500122070313
2023-01-17 14:36:00-05:00,398.5199890136719
2023-01-17 14:37:00-05:00,398.5799865722656
2023-01-17 14:38:00-05:00,398.6099853515625
2023-01-17 14:39:00-05:00,398.6000061035156
2023-01-17 14:40:00-05:00,398.6900024414063
2023-01-17 14:41:00-05:00,398.7000122070313
2023-01-17 14:42:00-05:00,398.6099853515625
2023-01-17 14:43:00-05:00,398.5788879394531
2023-01-17 14:44:00-05:00,398.6799926757813
2023-01-17 14:45:00-05:00,398.6749877929688
2023-01-17 14:46:00-05:00,398.6099853515625
2023-01-17 14:47:00-05:00,398.55999755859375
2023-01-17 14:48:00-05:00,398.5700073242188
2023-01-17 14:49:00-05:00,398.5799865722656
2023-01-17 14:50:00-05:00,398.6199951171875
2023-01-17 14:51:00-05:00,398.55999755859375
2023-01-17 14:52:00-05:00,398.4549865722656
2023-01-17 14:53:00-05:00,398.4215087890625
2023-01-17 14:54:00-05:00,398.3999938964844
2023-01-17 14:55:00-05:00,398.3900146484375
2023-01-17 14:56:00-05:00,398.30999755859375
2023-01-17 14:57:00-05:00,398.20989990234375
2023-01-17 14:58:00-05:00,398.1400146484375
2023-01-17 14:59:00-05:00,398.1799926757813
2023-01-17 15:00:00-05:00,398.30999755859375
2023-01-17 15:01:00-05:00,398.55999755859375
2023-01-17 15:02:00-05:00,398.5300903320313
2023-01-17 15:03:00-05:00,398.4961853027344
2023-01-17 15:04:00-05:00,398.4898986816406
2023-01-17 15:05:00-05:00,398.489990234375
2023-01-17 15:06:00-05:00,398.3800048828125
2023-01-17 15:07:00-05:00,398.3900146484375
2023-01-17 15:08:00-05:00,398.4150085449219
2023-01-17 15:09:00-05:00,398.3699951171875
2023-01-17 15:10:00-05:00,398.3599853515625
2023-01-17 15:11:00-05:00,398.1650085449219
2023-01-17 15:12:00-05:00,398.0549926757813
2023-01-17 15:13:00-05:00,398.0950012207031
2023-01-17 15:14:00-05:00,398.1499938964844
2023-01-17 15:15:00-05:00,398.010009765625
2023-01-17 15:16:00-05:00,398.2000122070313
2023-01-17 15:17:00-05:00,398.239990234375
2023-01-17 15:18:00-05:00,398.2699890136719
2023-01-17 15:19:00-05:00,398.1900024414063
2023-01-17 15:20:00-05:00,398.1000061035156
2023-01-17 15:21:00-05:00,397.989990234375
2023-01-17 15:22:00-05:00,398.1300048828125
2023-01-17 15:23:00-05:00,398.1300048828125
2023-01-17 15:24:00-05:00,398.0700073242188
2023-01-17 15:25:00-05:00,398.1199951171875
2023-01-17 15:26:00-05:00,398.2099914550781
2023-01-17 15:27:00-05:00,398.0350036621094
2023-01-17 15:28:00-05:00,398.05999755859375
2023-01-17 15:29:00-05:00,398.0050048828125
2023-01-17 15:30:00-05:00,398.05999755859375
2023-01-17 15:31:00-05:00,397.93499755859375
2023-01-17 15:32:00-05:00,397.8949890136719
2023-01-17 15:33:00-05:00,398.0278930664063
2023-01-17 15:34:00-05:00,398.1799926757813
2023-01-17 15:35:00-05:00,398.114990234375
2023-01-17 15:36:00-05:00,398.0400085449219
2023-01-17 15:37:00-05:00,398.1300048828125
2023-01-17 15:38:00-05:00,398.135009765625
2023-01-17 15:39:00-05:00,398.0350036621094
2023-01-17 15:40:00-05:00,398.0799865722656
2023-01-17 15:41:00-05:00,398.1400146484375
2023-01-17 15:42:00-05:00,398.1900024414063
2023-01-17 15:43:00-05:00,398.0899963378906
2023-01-17 15:44:00-05:00,398.010009765625
2023-01-17 15:45:00-05:00,397.8250122070313
2023-01-17 15:46:00-05:00,397.7149963378906
2023-01-17 15:47:00-05:00,397.6400146484375
2023-01-17 15:48:00-05:00,397.5499877929688
2023-01-17 15:49:00-05:00,397.5700073242188
2023-01-17 15:50:00-05:00,397.6199951171875
2023-01-17 15:51:00-05:00,397.5299987792969
2023-01-17 15:52:00-05:00,397.5400085449219
2023-01-17 15:53:00-05:00,397.4100036621094
2023-01-17 15:54:00-05:00,397.3800048828125
2023-01-17 15:55:00-05:00,397.6799926757813
2023-01-17 15:56:00-05:00,397.6900024414063
2023-01-17 15:57:00-05:00,397.760009765625
2023-01-17 15:58:00-05:00,397.7999877929688
2023-01-17 15:59:00-05:00,397.8500061035156
2023-01-17 16:00:00-05:00,397.98
2023-01-17 16:01:00-05:00,397.97
2023-01-17 16:02:00-05:00,397.99
2023-01-17 16:03:00-05:00,397.97
2023-01-17 16:04:00-05:00,397.9
2023-01-17 16:05:00-05:00,397.88
2023-01-17 16:06:00-05:00,397.8
2023-01-17 16:07:00-05:00,397.81
2023-01-17 16:08:00-05:00,397.86
2023-01-17 16:09:00-05:00,397.83
2023-01-17 16:10:00-05:00,397.77
2023-01-17 16:11:00-05:00,397.69
2023-01-17 16:12:00-05:00,397.68
2023-01-17 16:13:00-05:00,397.72
2023-01-17 16:14:00-05:00,397.7
2023-01-17 16:15:00-05:00,397.74
2023-01-17 16:16:00-05:00,397.7
2023-01-17 16:17:00-05:00,397.74
2023-01-17 16:18:00-05:00,397.74
2023-01-17 16:19:00-05:00,397.73
2023-01-17 16:20:00-05:00,397.695
2023-01-17 16:21:00-05:00,397.77
2023-01-17 16:22:00-05:00,397.77
2023-01-17 16:23:00-05:00,397.77
2023-01-17 16:24:00-05:00,397.685
2023-01-17 16:25:00-05:00,397.67
2023-01-17 16:26:00-05:00,397.67
2023-01-17 16:27:00-05:00,397.67
2023-01-17 16:28:00-05:00,397.69
2023-01-17 16:29:00-05:00,397.65
2023-01-17 16:30:00-05:00,397.67
2023-01-17 16:31:00-05:00,397.7
2023-01-17 16:32:00-05:00,397.7
2023-01-17 16:33:00-05:00,397.73
2023-01-17 16:34:00-05:00,397.76
2023-01-17 16:35:00-05:00,397.74
2023-01-17 16:36:00-05:00,397.71
2023-01-17 16:37:00-05:00,397.72
2023-01-17 16:38:00-05:00,397.73
2023-01-17 16:39:00-05:00,397.77
2023-01-17 16:40:00-05:00,397.69
2023-01-17 16:41:00-05:00,397.68
2023-01-17 16:42:00-05:00,397.71
2023-01-17 16:43:00-05:00,397.74
2023-01-17 16:44:00-05:00,397.74
2023-01-17 16:45:00-05:00,397.74
2023-01-17 16:46:00-05:00,397.7
2023-01-17 16:47:00-05:00,397.7
2023-01-17 16:48:00-05:00,397.69
2023-01-17 16:49:00-05:00,397.7
2023-01-17 16:50:00-05:00,397.72
2023-01-17 16:51:00-05:00,397.69
2023-01-17 16:52:00-05:00,397.68
2023-01-17 16:53:00-05:00,397.675
2023-01-17 16:54:00-05:00,397.69
2023-01-17 16:55:00-05:00,397.69
2023-01-17 16:56:00-05:00,397.69
2023-01-17 16:57:00-05:00,397.7
2023-01-17 16:58:00-05:00,397.69
2023-01-17 16:59:00-05:00,397.66
2023-01-17 17:00:00-05:00,397.82
2023-01-17 17:01:00-05:00,397.68
2023-01-17 17:02:00-05:00,397.65
2023-01-17 17:03:00-05:00,397.68
2023-01-17 17:04:00-05:00,397.68
2023-01-17 17:05:00-05:00,397.7
2023-01-17 17:06:00-05:00,397.71
2023-01-17 17:07:00-05:00,397.74
2023-01-17 17:08:00-05:00,397.74
2023-01-17 17:09:00-05:00,410.03925
2023-01-17 17:10:00-05:00,397.7
2023-01-17 17:11:00-05:00,397.73
2023-01-17 17:12:00-05:00,424.2611
2023-01-17 17:13:00-05:00,397.72
2023-01-17 17:14:00-05:00,397.76
2023-01-17 17:15:00-05:00,397.685
2023-01-17 17:16:00-05:00,397.71
2023-01-17 17:17:00-05:00,397.71
2023-01-17 17:18:00-05:00,397.69
2023-01-17 17:19:00-05:00,397.77
2023-01-17 17:20:00-05:00,397.66
2023-01-17 17:21:00-05:00,397.66
2023-01-17 17:22:00-05:00,397.66
2023-01-17 17:23:00-05:00,397.63
2023-01-17 17:24:00-05:00,397.64
2023-01-17 17:25:00-05:00,397.65
2023-01-17 17:26:00-05:00,397.65
2023-01-17 17:27:00-05:00,397.6
2023-01-17 17:28:00-05:00,397.6
2023-01-17 17:29:00-05:00,397.6
2023-01-17 17:30:00-05:00,397.58
2023-01-17 17:31:00-05:00,397.56
2023-01-17 17:32:00-05:00,397.56
2023-01-17 17:33:00-05:00,397.56
2023-01-17 17:34:00-05:00,397.56
2023-01-17 17:35:00-05:00,397.56
2023-01-17 17:36:00-05:00,397.555
2023-01-17 17:37:00-05:00,397.53
2023-01-17 17:38:00-05:00,397.555
2023-01-17 17:39:00-05:00,397.55
2023-01-17 17:40:00-05:00,397.55
2023-01-17 17:41:00-05:00,397.56
2023-01-17 17:42:00-05:00,397.58
2023-01-17 17:43:00-05:00,397.58
2023-01-17 17:44:00-05:00,397.58
2023-01-17 17:45:00-05:00,397.55
2023-01-17 17:46:00-05:00,397.58
2023-01-17 17:47:00-05:00,397.57
2023-01-17 17:48:00-05:00,397.55
2023-01-17 17:49:00-05:00,397.57
2023-01-17 17:50:00-05:00,397.57
2023-01-17 17:51:00-05:00,397.57
2023-01-17 17:52:00-05:00,397.56
2023-01-17 17:53:00-05:00,397.56
2023-01-17 17:54:00-05:00,397.56
2023-01-17 17:55:00-05:00,397.56
2023-01-17 17:56:00-05:00,397.56
2023-01-17 17:57:00-05:00,397.57
2023-01-17 17:58:00-05:00,397.54
2023-01-17 17:59:00-05:00,397.57
2023-01-17 18:00:00-05:00,397.58
2023-01-17 18:01:00-05:00,397.3
2023-01-17 18:02:00-05:00,397.24
2023-01-17 18:03:00-05:00,397.23
2023-01-17 18:04:00-05:00,397.13
2023-01-17 18:05:00-05:00,397.11
2023-01-17 18:06:00-05:00,397.11
2023-01-17 18:07:00-05:00,397.13
2023-01-17 18:08:00-05:00,397.13
2023-01-17 18:09:00-05:00,397.26
2023-01-17 18:10:00-05:00,397.27
2023-01-17 18:11:00-05:00,397.28
2023-01-17 18:12:00-05:00,397.33
2023-01-17 18:13:00-05:00,397.24
2023-01-17 18:14:00-05:00,397.26
2023-01-17 18:15:00-05:00,397.27
2023-01-17 18:16:00-05:00,397.28
2023-01-17 18:17:00-05:00,397.29
2023-01-17 18:18:00-05:00,397.35
2023-01-17 18:19:00-05:00,397.35
2023-01-17 18:20:00-05:00,397.32
2023-01-17 18:21:00-05:00,397.23
2023-01-17 18:22:00-05:00,397.17
2023-01-17 18:23:00-05:00,397.18
2023-01-17 18:24:00-05:00,397.2
2023-01-17 18:25:00-05:00,397.23
2023-01-17 18:26:00-05:00,399.7301
2023-01-17 18:27:00-05:00,397.2
2023-01-17 18:28:00-05:00,397.13
2023-01-17 18:29:00-05:00,397.16
2023-01-17 18:30:00-05:00,397.1
2023-01-17 18:31:00-05:00,397.04
2023-01-17 18:32:00-05:00,396.98
2023-01-17 18:33:00-05:00,396.91
2023-01-17 18:34:00-05:00,396.9
2023-01-17 18:35:00-05:00,396.91
2023-01-17 18:36:00-05:00,396.95
2023-01-17 18:37:00-05:00,396.9
2023-01-17 18:38:00-05:00,398.7101
2023-01-17 18:39:00-05:00,398.5799
2023-01-17 18:40:00-05:00,396.76
2023-01-17 18:41:00-05:00,396.56
2023-01-17 18:42:00-05:00,396.61
2023-01-17 18:43:00-05:00,396.68
2023-01-17 18:44:00-05:00,396.67
2023-01-17 18:45:00-05:00,396.655
2023-01-17 18:46:00-05:00,396.66
2023-01-17 18:47:00-05:00,396.68
2023-01-17 18:48:00-05:00,396.69
2023-01-17 18:49:00-05:00,396.73
2023-01-17 18:50:00-05:00,396.73
2023-01-17 18:51:00-05:00,396.74
2023-01-17 18:52:00-05:00,396.73
2023-01-17 18:53:00-05:00,396.78
2023-01-17 18:54:00-05:00,396.74
2023-01-17 18:55:00-05:00,396.7
2023-01-17 18:56:00-05:00,396.695
2023-01-17 18:57:00-05:00,396.75
2023-01-17 18:58:00-05:00,396.8
2023-01-17 18:59:00-05:00,396.82
2023-01-17 19:00:00-05:00,396.87
2023-01-17 19:01:00-05:00,396.88
2023-01-17 19:02:00-05:00,396.82
2023-01-17 19:03:00-05:00,396.79
2023-01-17 19:04:00-05:00,396.8
2023-01-17 19:05:00-05:00,396.73
2023-01-17 19:07:00-05:00,396.68
2023-01-17 19:08:00-05:00,396.7
2023-01-17 19:09:00-05:00,396.65
2023-01-17 19:10:00-05:00,396.63
2023-01-17 19:11:00-05:00,396.61
2023-01-17 19:12:00-05:00,396.6
2023-01-17 19:13:00-05:00,396.55
2023-01-17 19:14:00-05:00,396.52
2023-01-17 19:15:00-05:00,396.5
2023-01-17 19:16:00-05:00,396.6
2023-01-17 19:17:00-05:00,396.63
2023-01-17 19:18:00-05:00,396.68
2023-01-17 19:19:00-05:00,396.69
2023-01-17 19:20:00-05:00,396.73
2023-01-17 19:21:00-05:00,396.7
2023-01-17 19:22:00-05:00,396.71
2023-01-17 19:23:00-05:00,396.71
2023-01-17 19:24:00-05:00,396.705
2023-01-17 19:25:00-05:00,396.75
2023-01-17 19:26:00-05:00,396.75
2023-01-17 19:27:00-05:00,396.75
2023-01-17 19:28:00-05:00,396.74
2023-01-17 19:29:00-05:00,396.69
2023-01-17 19:30:00-05:00,396.66
2023-01-17 19:31:00-05:00,396.7
2023-01-17 19:32:00-05:00,396.74
2023-01-17 19:33:00-05:00,396.73
2023-01-17 19:34:00-05:00,396.74
2023-01-17 19:35:00-05:00,396.75
2023-01-17 19:36:00-05:00,396.74
2023-01-17 19:37:00-05:00,396.79
2023-01-17 19:38:00-05:00,396.83
2023-01-17 19:39:00-05:00,396.81
2023-01-17 19:40:00-05:00,396.73
2023-01-17 19:41:00-05:00,396.75
2023-01-17 19:42:00-05:00,396.74
2023-01-17 19:43:00-05:00,396.74
2023-01-17 19:44:00-05:00,396.74
2023-01-17 19:45:00-05:00,396.71
2023-01-17 19:46:00-05:00,396.65
2023-01-17 19:47:00-05:00,396.58
2023-01-17 19:48:00-05:00,396.61
2023-01-17 19:49:00-05:00,396.67
2023-01-17 19:50:00-05:00,396.8
2023-01-17 19:51:00-05:00,396.81
2023-01-17 19:52:00-05:00,396.85
2023-01-17 19:53:00-05:00,396.82
2023-01-17 19:54:00-05:00,396.8
2023-01-17 19:55:00-05:00,396.81
2023-01-17 19:56:00-05:00,396.83
2023-01-17 19:57:00-05:00,396.81
2023-01-17 19:58:00-05:00,396.8
2023-01-17 19:59:00-05:00,396.78
2023-01-18 04:00:00-05:00,398.38
2023-01-18 04:01:00-05:00,398.31
2023-01-18 04:02:00-05:00,398.26
2023-01-18 04:03:00-05:00,398.29
2023-01-18 04:04:00-05:00,398.26
2023-01-18 04:05:00-05:00,398.09
2023-01-18 04:06:00-05:00,398.12
2023-01-18 04:07:00-05:00,397.95
2023-01-18 04:08:00-05:00,397.94
2023-01-18 04:09:00-05:00,398.0
2023-01-18 04:10:00-05:00,398.07
2023-01-18 04:11:00-05:00,398.05
2023-01-18 04:12:00-05:00,397.99
2023-01-18 04:13:00-05:00,397.93
2023-01-18 04:14:00-05:00,397.91
2023-01-18 04:15:00-05:00,398.02
2023-01-18 04:16:00-05:00,398.0
2023-01-18 04:17:00-05:00,397.97
2023-01-18 04:18:00-05:00,398.09
2023-01-18 04:19:00-05:00,398.09
2023-01-18 04:20:00-05:00,398.1
2023-01-18 04:21:00-05:00,398.1
2023-01-18 04:22:00-05:00,398.1
2023-01-18 04:23:00-05:00,398.12
2023-01-18 04:25:00-05:00,398.19
2023-01-18 04:26:00-05:00,398.21
2023-01-18 04:27:00-05:00,398.19
2023-01-18 04:28:00-05:00,398.1
2023-01-18 04:29:00-05:00,398.02
2023-01-18 04:30:00-05:00,398.01
2023-01-18 04:31:00-05:00,397.97
2023-01-18 04:33:00-05:00,397.9
2023-01-18 04:34:00-05:00,397.94
2023-01-18 04:35:00-05:00,398.0
2023-01-18 04:36:00-05:00,397.9
2023-01-18 04:37:00-05:00,397.97
2023-01-18 04:38:00-05:00,397.91
2023-01-18 04:39:00-05:00,397.92
2023-01-18 04:41:00-05:00,397.94
2023-01-18 04:43:00-05:00,397.9
2023-01-18 04:44:00-05:00,397.93
2023-01-18 04:45:00-05:00,397.86
2023-01-18 04:46:00-05:00,397.8
2023-01-18 04:47:00-05:00,397.8
2023-01-18 04:48:00-05:00,397.85
2023-01-18 04:49:00-05:00,397.96
2023-01-18 04:50:00-05:00,398.02
2023-01-18 04:51:00-05:00,398.0
2023-01-18 04:52:00-05:00,398.02
2023-01-18 04:53:00-05:00,398.02
2023-01-18 04:54:00-05:00,398.03
2023-01-18 04:55:00-05:00,398.06
2023-01-18 04:56:00-05:00,398.08
2023-01-18 04:58:00-05:00,398.13
2023-01-18 04:59:00-05:00,398.14
2023-01-18 05:00:00-05:00,398.03
2023-01-18 05:01:00-05:00,397.98
2023-01-18 05:02:00-05:00,398.02
2023-01-18 05:03:00-05:00,398.1
2023-01-18 05:04:00-05:00,398.04
2023-01-18 05:05:00-05:00,398.1
2023-01-18 05:06:00-05:00,398.1
2023-01-18 05:07:00-05:00,398.03
2023-01-18 05:08:00-05:00,398.0
2023-01-18 05:09:00-05:00,398.09
2023-01-18 05:10:00-05:00,398.1
2023-01-18 05:11:00-05:00,397.98
2023-01-18 05:12:00-05:00,397.95
2023-01-18 05:13:00-05:00,398.0
2023-01-18 05:15:00-05:00,398.05
2023-01-18 05:16:00-05:00,398.15
2023-01-18 05:17:00-05:00,398.14
2023-01-18 05:18:00-05:00,398.14
2023-01-18 05:19:00-05:00,398.07
2023-01-18 05:20:00-05:00,398.06
2023-01-18 05:21:00-05:00,398.02
2023-01-18 05:22:00-05:00,398.03
2023-01-18 05:24:00-05:00,398.12
2023-01-18 05:25:00-05:00,398.14
2023-01-18 05:26:00-05:00,398.1
2023-01-18 05:27:00-05:00,397.98
2023-01-18 05:30:00-05:00,397.9
2023-01-18 05:31:00-05:00,397.85
2023-01-18 05:32:00-05:00,397.75
2023-01-18 05:33:00-05:00,397.76
2023-01-18 05:34:00-05:00,397.82
2023-01-18 05:35:00-05:00,397.74
2023-01-18 05:36:00-05:00,397.77
2023-01-18 05:37:00-05:00,397.81
2023-01-18 05:38:00-05:00,397.98
2023-01-18 05:39:00-05:00,397.95
2023-01-18 05:40:00-05:00,397.89
2023-01-18 05:41:00-05:00,397.97
2023-01-18 05:42:00-05:00,397.93
2023-01-18 05:43:00-05:00,397.98
2023-01-18 05:45:00-05:00,397.98
2023-01-18 05:46:00-05:00,398.1
2023-01-18 05:47:00-05:00,398.14
2023-01-18 05:48:00-05:00,398.2
2023-01-18 05:49:00-05:00,398.15
2023-01-18 05:50:00-05:00,398.2
2023-01-18 05:51:00-05:00,398.2
2023-01-18 05:52:00-05:00,398.27
2023-01-18 05:53:00-05:00,398.26
2023-01-18 05:54:00-05:00,398.31
2023-01-18 05:55:00-05:00,398.35
2023-01-18 05:57:00-05:00,398.36
2023-01-18 05:58:00-05:00,398.26
2023-01-18 05:59:00-05:00,398.19
2023-01-18 06:00:00-05:00,398.15
2023-01-18 06:02:00-05:00,398.22
2023-01-18 06:03:00-05:00,398.2
2023-01-18 06:04:00-05:00,398.26
2023-01-18 06:05:00-05:00,398.24
2023-01-18 06:06:00-05:00,398.28
2023-01-18 06:07:00-05:00,398.29
2023-01-18 06:08:00-05:00,398.39
2023-01-18 06:09:00-05:00,398.36
2023-01-18 06:10:00-05:00,398.28
2023-01-18 06:11:00-05:00,398.28
2023-01-18 06:12:00-05:00,398.25
2023-01-18 06:13:00-05:00,398.35
2023-01-18 06:14:00-05:00,398.4
2023-01-18 06:15:00-05:00,398.45
2023-01-18 06:16:00-05:00,398.38
2023-01-18 06:17:00-05:00,398.37
2023-01-18 06:18:00-05:00,398.34
2023-01-18 06:19:00-05:00,398.33
2023-01-18 06:20:00-05:00,398.3
2023-01-18 06:21:00-05:00,398.34
2023-01-18 06:22:00-05:00,398.34
2023-01-18 06:23:00-05:00,398.34
2023-01-18 06:24:00-05:00,398.38
2023-01-18 06:25:00-05:00,398.44
2023-01-18 06:26:00-05:00,398.4
2023-01-18 06:27:00-05:00,398.33
2023-01-18 06:28:00-05:00,398.34
2023-01-18 06:29:00-05:00,398.31
2023-01-18 06:30:00-05:00,398.2
2023-01-18 06:31:00-05:00,398.11
2023-01-18 06:33:00-05:00,398.08
2023-01-18 06:34:00-05:00,398.2
2023-01-18 06:35:00-05:00,398.2
2023-01-18 06:36:00-05:00,398.24
2023-01-18 06:37:00-05:00,398.31
2023-01-18 06:38:00-05:00,398.39
2023-01-18 06:39:00-05:00,398.43
2023-01-18 06:40:00-05:00,398.4
2023-01-18 06:41:00-05:00,398.38
2023-01-18 06:42:00-05:00,398.4
2023-01-18 06:43:00-05:00,398.4
2023-01-18 06:44:00-05:00,398.39
2023-01-18 06:45:00-05:00,398.41
2023-01-18 06:46:00-05:00,398.34
2023-01-18 06:47:00-05:00,398.31
2023-01-18 06:48:00-05:00,398.25
2023-01-18 06:49:00-05:00,398.27
2023-01-18 06:50:00-05:00,398.39
2023-01-18 06:51:00-05:00,398.4
2023-01-18 06:52:00-05:00,398.46
2023-01-18 06:53:00-05:00,398.47
2023-01-18 06:54:00-05:00,398.42
2023-01-18 06:56:00-05:00,398.5
2023-01-18 06:57:00-05:00,398.45
2023-01-18 06:59:00-05:00,398.45
2023-01-18 07:00:00-05:00,398.51
2023-01-18 07:01:00-05:00,398.53
2023-01-18 07:02:00-05:00,398.53
2023-01-18 07:03:00-05:00,398.58
2023-01-18 07:04:00-05:00,398.59
2023-01-18 07:05:00-05:00,398.58
2023-01-18 07:06:00-05:00,398.6
2023-01-18 07:07:00-05:00,398.6
2023-01-18 07:08:00-05:00,398.49
2023-01-18 07:09:00-05:00,398.43
2023-01-18 07:10:00-05:00,398.49
2023-01-18 07:11:00-05:00,398.48
2023-01-18 07:12:00-05:00,398.5
2023-01-18 07:13:00-05:00,398.52
2023-01-18 07:14:00-05:00,398.49
2023-01-18 07:15:00-05:00,398.54
2023-01-18 07:16:00-05:00,398.57
2023-01-18 07:17:00-05:00,398.57
2023-01-18 07:18:00-05:00,398.55
2023-01-18 07:19:00-05:00,398.57
2023-01-18 07:20:00-05:00,398.57
2023-01-18 07:21:00-05:00,398.56
2023-01-18 07:22:00-05:00,398.59
2023-01-18 07:23:00-05:00,398.66
2023-01-18 07:24:00-05:00,398.64
2023-01-18 07:25:00-05:00,398.59
2023-01-18 07:26:00-05:00,398.55
2023-01-18 07:27:00-05:00,398.63
2023-01-18 07:28:00-05:00,398.67
2023-01-18 07:29:00-05:00,398.67
2023-01-18 07:30:00-05:00,398.7
2023-01-18 07:31:00-05:00,398.74
2023-01-18 07:32:00-05:00,398.71
2023-01-18 07:33:00-05:00,398.66
2023-01-18 07:34:00-05:00,398.72
2023-01-18 07:35:00-05:00,398.7
2023-01-18 07:36:00-05:00,398.73
2023-01-18 07:37:00-05:00,398.72
2023-01-18 07:38:00-05:00,398.72
2023-01-18 07:39:00-05:00,398.74
2023-01-18 07:40:00-05:00,398.73
2023-01-18 07:41:00-05:00,398.71
2023-01-18 07:42:00-05:00,398.73
2023-01-18 07:43:00-05:00,398.85
2023-01-18 07:44:00-05:00,398.9
2023-01-18 07:45:00-05:00,398.89
2023-01-18 07:46:00-05:00,398.99
2023-01-18 07:47:00-05:00,399.0
2023-01-18 07:48:00-05:00,399.0
2023-01-18 07:49:00-05:00,398.97
2023-01-18 07:50:00-05:00,398.95
2023-01-18 07:51:00-05:00,399.05
2023-01-18 07:52:00-05:00,399.08
2023-01-18 07:53:00-05:00,399.08
2023-01-18 07:54:00-05:00,399.1
2023-01-18 07:55:00-05:00,399.12
2023-01-18 07:56:00-05:00,399.11
2023-01-18 07:57:00-05:00,399.13
2023-01-18 07:58:00-05:00,399.15
2023-01-18 07:59:00-05:00,399.14
2023-01-18 08:00:00-05:00,399.15
2023-01-18 08:01:00-05:00,399.14
2023-01-18 08:02:00-05:00,399.1
2023-01-18 08:03:00-05:00,399.03
2023-01-18 08:04:00-05:00,399.0
2023-01-18 08:05:00-05:00,398.88
2023-01-18 08:06:00-05:00,398.85
2023-01-18 08:07:00-05:00,398.77
2023-01-18 08:08:00-05:00,398.77
2023-01-18 08:09:00-05:00,398.77
2023-01-18 08:10:00-05:00,398.87
2023-01-18 08:11:00-05:00,398.83
2023-01-18 08:12:00-05:00,398.89
2023-01-18 08:13:00-05:00,398.92
2023-01-18 08:14:00-05:00,398.91
2023-01-18 08:15:00-05:00,398.915
2023-01-18 08:16:00-05:00,398.93
2023-01-18 08:17:00-05:00,398.87
2023-01-18 08:18:00-05:00,398.8
2023-01-18 08:19:00-05:00,398.83
2023-01-18 08:20:00-05:00,398.78
2023-01-18 08:21:00-05:00,398.76
2023-01-18 08:22:00-05:00,398.79
2023-01-18 08:23:00-05:00,398.79
2023-01-18 08:24:00-05:00,398.74
2023-01-18 08:25:00-05:00,398.58
2023-01-18 08:26:00-05:00,398.74
2023-01-18 08:27:00-05:00,398.89
2023-01-18 08:28:00-05:00,398.88
2023-01-18 08:29:00-05:00,398.98
2023-01-18 08:30:00-05:00,400.0
2023-01-18 08:31:00-05:00,400.05
2023-01-18 08:32:00-05:00,399.77
2023-01-18 08:33:00-05:00,399.57
2023-01-18 08:34:00-05:00,398.75
2023-01-18 08:35:00-05:00,398.73
2023-01-18 08:36:00-05:00,398.68
2023-01-18 08:37:00-05:00,398.545
2023-01-18 08:38:00-05:00,398.43
2023-01-18 08:39:00-05:00,398.54
2023-01-18 08:40:00-05:00,398.6
2023-01-18 08:41:00-05:00,398.48
2023-01-18 08:42:00-05:00,398.24
2023-01-18 08:43:00-05:00,398.4
2023-01-18 08:44:00-05:00,398.58
2023-01-18 08:45:00-05:00,398.84
2023-01-18 08:46:00-05:00,399.1
2023-01-18 08:47:00-05:00,399.08
2023-01-18 08:48:00-05:00,399.16
2023-01-18 08:49:00-05:00,399.15
2023-01-18 08:50:00-05:00,399.14
2023-01-18 08:51:00-05:00,399.15
2023-01-18 08:52:00-05:00,399.15
2023-01-18 08:53:00-05:00,399.15
2023-01-18 08:54:00-05:00,399.25
2023-01-18 08:55:00-05:00,399.29
2023-01-18 08:56:00-05:00,399.23
2023-01-18 08:57:00-05:00,399.07
2023-01-18 08:58:00-05:00,399.2
2023-01-18 08:59:00-05:00,399.26
2023-01-18 09:00:00-05:00,399.23
2023-01-18 09:01:00-05:00,399.1
2023-01-18 09:02:00-05:00,399.0
2023-01-18 09:03:00-05:00,399.02
2023-01-18 09:04:00-05:00,399.43
2023-01-18 09:05:00-05:00,399.55
2023-01-18 09:06:00-05:00,399.64
2023-01-18 09:07:00-05:00,399.65
2023-01-18 09:08:00-05:00,399.65
2023-01-18 09:09:00-05:00,399.66
2023-01-18 09:10:00-05:00,399.67
2023-01-18 09:11:00-05:00,399.52
2023-01-18 09:12:00-05:00,399.445
2023-01-18 09:13:00-05:00,399.46
2023-01-18 09:14:00-05:00,399.42
2023-01-18 09:30:00-05:00,399.3800048828125
2023-01-18 09:31:00-05:00,399.55999755859375
2023-01-18 09:32:00-05:00,398.7200012207031
2023-01-18 09:33:00-05:00,399.2099914550781
2023-01-18 09:34:00-05:00,399.3399963378906
2023-01-18 09:35:00-05:00,399.2300109863281
2023-01-18 09:36:00-05:00,399.30999755859375
2023-01-18 09:37:00-05:00,399.0799865722656
2023-01-18 09:38:00-05:00,398.8699951171875
2023-01-18 09:39:00-05:00,398.8999938964844
2023-01-18 09:40:00-05:00,399.2250061035156
2023-01-18 09:41:00-05:00,399.3699951171875
2023-01-18 09:42:00-05:00,399.5400085449219
2023-01-18 09:43:00-05:00,399.6900024414063
2023-01-18 09:44:00-05:00,399.2999877929688
2023-01-18 09:45:00-05:00,399.3200073242188
2023-01-18 09:46:00-05:00,399.1300048828125
2023-01-18 09:47:00-05:00,399.0700073242188
2023-01-18 09:48:00-05:00,398.989990234375
2023-01-18 09:49:00-05:00,399.239990234375
2023-01-18 09:50:00-05:00,399.510009765625
2023-01-18 09:51:00-05:00,399.6700134277344
2023-01-18 09:52:00-05:00,399.5899963378906
2023-01-18 09:53:00-05:00,399.4200134277344
2023-01-18 09:54:00-05:00,399.3699951171875
2023-01-18 09:55:00-05:00,399.3200073242188
2023-01-18 09:56:00-05:00,399.3373107910156
2023-01-18 09:57:00-05:00,399.3500061035156
2023-01-18 09:58:00-05:00,399.5849914550781
2023-01-18 09:59:00-05:00,399.560302734375
2023-01-18 10:00:00-05:00,400.0
2023-01-18 10:01:00-05:00,399.864990234375
2023-01-18 10:02:00-05:00,399.9299926757813
2023-01-18 10:03:00-05:00,399.8800048828125
2023-01-18 10:04:00-05:00,399.7200012207031
2023-01-18 10:05:00-05:00,399.8800048828125
2023-01-18 10:06:00-05:00,399.9400024414063
2023-01-18 10:07:00-05:00,399.8999938964844
2023-01-18 10:08:00-05:00,400.1199951171875
2023-01-18 10:09:00-05:00,400.0499877929688
2023-01-18 10:10:00-05:00,399.8299865722656
2023-01-18 10:11:00-05:00,399.6700134277344
2023-01-18 10:12:00-05:00,399.7200012207031
2023-01-18 10:13:00-05:00,399.7000122070313
2023-01-18 10:14:00-05:00,399.6199951171875
2023-01-18 10:15:00-05:00,399.8500061035156
2023-01-18 10:16:00-05:00,399.7099914550781
2023-01-18 10:17:00-05:00,399.7850036621094
2023-01-18 10:18:00-05:00,399.6600036621094
2023-01-18 10:19:00-05:00,399.0144958496094
2023-01-18 10:20:00-05:00,399.1799926757813
2023-01-18 10:21:00-05:00,399.30999755859375
2023-01-18 10:22:00-05:00,399.4599914550781
2023-01-18 10:23:00-05:00,399.3800048828125
2023-01-18 10:24:00-05:00,399.3800048828125
2023-01-18 10:25:00-05:00,399.4599914550781
2023-01-18 10:26:00-05:00,399.4100036621094
2023-01-18 10:27:00-05:00,399.3200073242188
2023-01-18 10:28:00-05:00,399.3999938964844
2023-01-18 10:29:00-05:00,399.5
2023-01-18 10:30:00-05:00,399.4500122070313
2023-01-18 10:31:00-05:00,399.1300048828125
2023-01-18 10:32:00-05:00,399.0
2023-01-18 10:33:00-05:00,399.0899963378906
2023-01-18 10:34:00-05:00,398.9299926757813
2023-01-18 10:35:00-05:00,398.9400024414063
2023-01-18 10:36:00-05:00,398.8800048828125
2023-01-18 10:37:00-05:00,398.7099914550781
2023-01-18 10:38:00-05:00,398.4599914550781
2023-01-18 10:39:00-05:00,398.2698974609375
2023-01-18 10:40:00-05:00,398.4200134277344
2023-01-18 10:41:00-05:00,398.3200073242188
2023-01-18 10:42:00-05:00,398.25
2023-01-18 10:43:00-05:00,398.0199890136719
2023-01-18 10:44:00-05:00,397.7200012207031
2023-01-18 10:45:00-05:00,397.9949951171875
2023-01-18 10:46:00-05:00,398.0129089355469
2023-01-18 10:47:00-05:00,397.7099914550781
2023-01-18 10:48:00-05:00,397.6400146484375
2023-01-18 10:49:00-05:00,397.6300048828125
2023-01-18 10:50:00-05:00,397.5799865722656
2023-01-18 10:51:00-05:00,397.5799865722656
2023-01-18 10:52:00-05:00,397.5499877929688
2023-01-18 10:53:00-05:00,397.3699951171875
2023-01-18 10:54:00-05:00,397.3200073242188
2023-01-18 10:55:00-05:00,396.989990234375
2023-01-18 10:56:00-05:00,396.760009765625
2023-01-18 10:57:00-05:00,397.0799865722656
2023-01-18 10:58:00-05:00,397.2099914550781
2023-01-18 10:59:00-05:00,397.2650146484375
2023-01-18 11:00:00-05:00,397.4150085449219
2023-01-18 11:01:00-05:00,397.4000854492188
2023-01-18 11:02:00-05:00,397.2699890136719
2023-01-18 11:03:00-05:00,397.2699890136719
2023-01-18 11:04:00-05:00,397.16009521484375
2023-01-18 11:05:00-05:00,396.9800109863281
2023-01-18 11:06:00-05:00,396.8099060058594
2023-01-18 11:07:00-05:00,396.3399963378906
2023-01-18 11:08:00-05:00,396.239990234375
2023-01-18 11:09:00-05:00,396.3299865722656
2023-01-18 11:10:00-05:00,396.3399963378906
2023-01-18 11:11:00-05:00,396.1000061035156
2023-01-18 11:12:00-05:00,396.0899963378906
2023-01-18 11:13:00-05:00,396.2699890136719
2023-01-18 11:14:00-05:00,396.30999755859375
2023-01-18 11:15:00-05:00,396.2200012207031
2023-01-18 11:16:00-05:00,396.1199035644531
2023-01-18 11:17:00-05:00,396.0599060058594
2023-01-18 11:18:00-05:00,395.9700012207031
2023-01-18 11:19:00-05:00,395.8999938964844
2023-01-18 11:20:00-05:00,395.7799987792969
2023-01-18 11:21:00-05:00,395.4649963378906
2023-01-18 11:22:00-05:00,395.3299865722656
2023-01-18 11:23:00-05:00,395.2330932617188
2023-01-18 11:24:00-05:00,395.1900024414063
2023-01-18 11:25:00-05:00,395.3200073242188
2023-01-18 11:26:00-05:00,395.7099914550781
2023-01-18 11:27:00-05:00,395.760009765625
2023-01-18 11:28:00-05:00,395.6700134277344
2023-01-18 11:29:00-05:00,395.5400085449219
2023-01-18 11:30:00-05:00,395.3599853515625
2023-01-18 11:31:00-05:00,395.2200012207031
2023-01-18 11:32:00-05:00,395.1499938964844
2023-01-18 11:33:00-05:00,394.9500122070313
2023-01-18 11:34:00-05:00,394.9299926757813
2023-01-18 11:35:00-05:00,394.9400024414063
2023-01-18 11:36:00-05:00,394.8800048828125
2023-01-18 11:37:00-05:00,394.8599853515625
2023-01-18 11:38:00-05:00,394.7130126953125
2023-01-18 11:39:00-05:00,394.55999755859375
2023-01-18 11:40:00-05:00,394.5299987792969
2023-01-18 11:41:00-05:00,394.7099914550781
2023-01-18 11:42:00-05:00,394.5599060058594
2023-01-18 11:43:00-05:00,394.489990234375
2023-01-18 11:44:00-05:00,394.4800109863281
2023-01-18 11:45:00-05:00,394.6799926757813
2023-01-18 11:46:00-05:00,394.4590148925781
2023-01-18 11:47:00-05:00,394.4599914550781
2023-01-18 11:48:00-05:00,394.6300048828125
2023-01-18 11:49:00-05:00,394.8599853515625
2023-01-18 11:50:00-05:00,394.8099060058594
2023-01-18 11:51:00-05:00,394.6099853515625
2023-01-18 11:52:00-05:00,394.4599914550781
2023-01-18 11:53:00-05:00,394.3699951171875
2023-01-18 11:54:00-05:00,394.510009765625
2023-01-18 11:55:00-05:00,394.6400146484375
2023-01-18 11:56:00-05:00,394.5180969238281
2023-01-18 11:57:00-05:00,394.7099914550781
2023-01-18 11:58:00-05:00,394.8200073242188
2023-01-18 11:59:00-05:00,394.9700012207031
2023-01-18 12:00:00-05:00,395.0700073242188
2023-01-18 12:01:00-05:00,394.8800048828125
2023-01-18 12:02:00-05:00,394.9100036621094
2023-01-18 12:03:00-05:00,394.8699951171875
2023-01-18 12:04:00-05:00,394.7000122070313
2023-01-18 12:05:00-05:00,394.7000122070313
2023-01-18 12:06:00-05:00,394.6600036621094
2023-01-18 12:07:00-05:00,394.5549926757813
2023-01-18 12:08:00-05:00,394.3999938964844
2023-01-18 12:09:00-05:00,394.5799865722656
2023-01-18 12:10:00-05:00,394.5050048828125
2023-01-18 12:11:00-05:00,394.6199951171875
2023-01-18 12:12:00-05:00,394.739990234375
2023-01-18 12:13:00-05:00,394.6335144042969
2023-01-18 12:14:00-05:00,394.7999877929688
2023-01-18 12:15:00-05:00,394.7918090820313
2023-01-18 12:16:00-05:00,394.7200012207031
2023-01-18 12:17:00-05:00,394.75
2023-01-18 12:18:00-05:00,394.4200134277344
2023-01-18 12:19:00-05:00,394.4299926757813
2023-01-18 12:20:00-05:00,394.3453063964844
2023-01-18 12:21:00-05:00,394.1697998046875
2023-01-18 12:22:00-05:00,394.260009765625
2023-01-18 12:23:00-05:00,394.1799926757813
2023-01-18 12:24:00-05:00,394.1799926757813
2023-01-18 12:25:00-05:00,394.1265869140625
2023-01-18 12:26:00-05:00,393.9299926757813
2023-01-18 12:27:00-05:00,393.80999755859375
2023-01-18 12:28:00-05:00,393.8150024414063
2023-01-18 12:29:00-05:00,393.885009765625
2023-01-18 12:30:00-05:00,393.739990234375
2023-01-18 12:31:00-05:00,393.6749877929688
2023-01-18 12:32:00-05:00,393.739990234375
2023-01-18 12:33:00-05:00,393.6300048828125
2023-01-18 12:34:00-05:00,393.7099914550781
2023-01-18 12:35:00-05:00,393.8349914550781
2023-01-18 12:36:00-05:00,393.8399963378906
2023-01-18 12:37:00-05:00,394.0799865722656
2023-01-18 12:38:00-05:00,394.1000061035156
2023-01-18 12:39:00-05:00,394.0150146484375
2023-01-18 12:40:00-05:00,393.93011474609375
2023-01-18 12:41:00-05:00,393.9400024414063
2023-01-18 12:42:00-05:00,394.0199890136719
2023-01-18 12:43:00-05:00,393.9800109863281
2023-01-18 12:44:00-05:00,393.80999755859375
2023-01-18 12:45:00-05:00,393.7300109863281
2023-01-18 12:46:00-05:00,393.760009765625
2023-01-18 12:47:00-05:00,393.68499755859375
2023-01-18 12:48:00-05:00,393.7799987792969
2023-01-18 12:49:00-05:00,393.8500061035156
2023-01-18 12:50:00-05:00,393.8900146484375
2023-01-18 12:51:00-05:00,393.9403991699219
2023-01-18 12:52:00-05:00,393.7950134277344
2023-01-18 12:53:00-05:00,393.4700012207031
2023-01-18 12:54:00-05:00,393.5
2023-01-18 12:55:00-05:00,393.3550109863281
2023-01-18 12:56:00-05:00,393.489990234375
2023-01-18 12:57:00-05:00,393.6199951171875
2023-01-18 12:58:00-05:00,393.5
2023-01-18 12:59:00-05:00,393.375
2023-01-18 13:00:00-05:00,393.4049987792969
2023-01-18 13:01:00-05:00,393.6199951171875
2023-01-18 13:02:00-05:00,393.55999755859375
2023-01-18 13:03:00-05:00,393.360107421875
2023-01-18 13:04:00-05:00,393.2799987792969
2023-01-18 13:05:00-05:00,393.1400146484375
2023-01-18 13:06:00-05:00,393.1199951171875
2023-01-18 13:07:00-05:00,393.0350036621094
2023-01-18 13:08:00-05:00,392.8450012207031
2023-01-18 13:09:00-05:00,392.8529968261719
2023-01-18 13:10:00-05:00,392.7999877929688
2023-01-18 13:11:00-05:00,392.7999877929688
2023-01-18 13:12:00-05:00,392.6499938964844
2023-01-18 13:13:00-05:00,392.6050109863281
2023-01-18 13:14:00-05:00,392.7650146484375
2023-01-18 13:15:00-05:00,392.7550048828125
2023-01-18 13:16:00-05:00,392.760009765625
2023-01-18 13:17:00-05:00,392.7799987792969
2023-01-18 13:18:00-05:00,392.6700134277344
2023-01-18 13:19:00-05:00,392.760009765625
2023-01-18 13:20:00-05:00,392.8467102050781
2023-01-18 13:21:00-05:00,392.9299926757813
2023-01-18 13:22:00-05:00,392.9200134277344
2023-01-18 13:23:00-05:00,392.9249877929688
2023-01-18 13:24:00-05:00,392.968505859375
2023-01-18 13:25:00-05:00,393.0050048828125
2023-01-18 13:26:00-05:00,393.1300048828125
2023-01-18 13:27:00-05:00,393.1799926757813
2023-01-18 13:28:00-05:00,393.30999755859375
2023-01-18 13:29:00-05:00,393.3500061035156
2023-01-18 13:30:00-05:00,393.3299865722656
2023-01-18 13:31:00-05:00,393.4500122070313
2023-01-18 13:32:00-05:00,393.5299987792969
2023-01-18 13:33:00-05:00,393.5
2023-01-18 13:34:00-05:00,393.3500061035156
2023-01-18 13:35:00-05:00,393.2149963378906
2023-01-18 13:36:00-05:00,393.3699951171875
2023-01-18 13:37:00-05:00,393.489990234375
2023-01-18 13:38:00-05:00,393.5899963378906
2023-01-18 13:39:00-05:00,393.4798889160156
2023-01-18 13:40:00-05:00,393.5499877929688
2023-01-18 13:41:00-05:00,393.5799865722656
2023-01-18 13:42:00-05:00,393.6799926757813
2023-01-18 13:43:00-05:00,393.6099853515625
2023-01-18 13:44:00-05:00,393.8200073242188
2023-01-18 13:45:00-05:00,393.8900146484375
2023-01-18 13:46:00-05:00,393.989990234375
2023-01-18 13:47:00-05:00,394.05999755859375
2023-01-18 13:48:00-05:00,393.8399963378906
2023-01-18 13:49:00-05:00,393.7900085449219
2023-01-18 13:50:00-05:00,393.9400024414063
2023-01-18 13:51:00-05:00,393.9700012207031
2023-01-18 13:52:00-05:00,394.0199890136719
2023-01-18 13:53:00-05:00,394.0249938964844
2023-01-18 13:54:00-05:00,394.010009765625
2023-01-18 13:55:00-05:00,393.93499755859375
2023-01-18 13:56:00-05:00,393.8299865722656
2023-01-18 13:57:00-05:00,393.7850036621094
2023-01-18 13:58:00-05:00,393.7000122070313
2023-01-18 13:59:00-05:00,393.6099853515625
2023-01-18 14:00:00-05:00,393.7200012207031
2023-01-18 14:01:00-05:00,393.4800109863281
2023-01-18 14:02:00-05:00,393.6300048828125
2023-01-18 14:03:00-05:00,393.6799926757813
2023-01-18 14:04:00-05:00,393.6499938964844
2023-01-18 14:05:00-05:00,393.5199890136719
2023-01-18 14:06:00-05:00,393.2898864746094
2023-01-18 14:07:00-05:00,393.2699890136719
2023-01-18 14:08:00-05:00,393.5299987792969
2023-01-18 14:09:00-05:00,393.6300048828125
2023-01-18 14:10:00-05:00,393.6300048828125
2023-01-18 14:11:00-05:00,393.6499938964844
2023-01-18 14:12:00-05:00,393.5150146484375
2023-01-18 14:13:00-05:00,393.5
2023-01-18 14:14:00-05:00,393.5199890136719
2023-01-18 14:15:00-05:00,393.510009765625
2023-01-18 14:16:00-05:00,393.4549865722656
2023-01-18 14:17:00-05:00,393.3999938964844
2023-01-18 14:18:00-05:00,393.2000122070313
2023-01-18 14:19:00-05:00,393.2250061035156
2023-01-18 14:20:00-05:00,393.4299926757813
2023-01-18 14:21:00-05:00,393.4299926757813
2023-01-18 14:22:00-05:00,393.510009765625
2023-01-18 14:23:00-05:00,393.614990234375
2023-01-18 14:24:00-05:00,393.4849853515625
2023-01-18 14:25:00-05:00,393.5
2023-01-18 14:26:00-05:00,393.5150146484375
2023-01-18 14:27:00-05:00,393.5799865722656
2023-01-18 14:28:00-05:00,393.7900085449219
2023-01-18 14:29:00-05:00,393.7900085449219
2023-01-18 14:30:00-05:00,393.8599853515625
2023-01-18 14:31:00-05:00,393.8262939453125
2023-01-18 14:32:00-05:00,393.8500061035156
2023-01-18 14:33:00-05:00,393.91009521484375
2023-01-18 14:34:00-05:00,393.8699951171875
2023-01-18 14:35:00-05:00,393.8200073242188
2023-01-18 14:36:00-05:00,393.5982055664063
2023-01-18 14:37:00-05:00,393.7189025878906
2023-01-18 14:38:00-05:00,393.7049865722656
2023-01-18 14:39:00-05:00,393.5199890136719
2023-01-18 14:40:00-05:00,393.489990234375
2023-01-18 14:41:00-05:00,393.4500122070313
2023-01-18 14:42:00-05:00,393.4500122070313
2023-01-18 14:43:00-05:00,393.5
2023-01-18 14:44:00-05:00,393.5450134277344
2023-01-18 14:45:00-05:00,393.6000061035156
2023-01-18 14:46:00-05:00,393.4700012207031
2023-01-18 14:47:00-05:00,393.4299926757813
2023-01-18 14:48:00-05:00,393.5257873535156
2023-01-18 14:49:00-05:00,393.3699951171875
2023-01-18 14:50:00-05:00,393.3299865722656
2023-01-18 14:51:00-05:00,393.2799072265625
2023-01-18 14:52:00-05:00,393.1979064941406
2023-01-18 14:53:00-05:00,393.2349853515625
2023-01-18 14:54:00-05:00,393.2900085449219
2023-01-18 14:55:00-05:00,393.2550048828125
2023-01-18 14:56:00-05:00,393.2550048828125
2023-01-18 14:57:00-05:00,393.1749877929688
2023-01-18 14:58:00-05:00,393.2200012207031
2023-01-18 14:59:00-05:00,393.1900024414063
2023-01-18 15:00:00-05:00,393.1300048828125
2023-01-18 15:01:00-05:00,393.0400085449219
2023-01-18 15:02:00-05:00,393.0249938964844
2023-01-18 15:03:00-05:00,393.1099853515625
2023-01-18 15:04:00-05:00,392.9849853515625
2023-01-18 15:05:00-05:00,392.8900146484375
2023-01-18 15:06:00-05:00,392.8987121582031
2023-01-18 15:07:00-05:00,393.0
2023-01-18 15:08:00-05:00,393.1400146484375
2023-01-18 15:09:00-05:00,393.1499938964844
2023-01-18 15:10:00-05:00,393.3500061035156
2023-01-18 15:11:00-05:00,393.5813903808594
2023-01-18 15:12:00-05:00,393.5690002441406
2023-01-18 15:13:00-05:00,393.4800109863281
2023-01-18 15:14:00-05:00,393.2999877929688
2023-01-18 15:15:00-05:00,393.4100036621094
2023-01-18 15:16:00-05:00,393.1600036621094
2023-01-18 15:17:00-05:00,392.989990234375
2023-01-18 15:18:00-05:00,392.9700012207031
2023-01-18 15:19:00-05:00,393.0700073242188
2023-01-18 15:20:00-05:00,393.0700073242188
2023-01-18 15:21:00-05:00,393.1300048828125
2023-01-18 15:22:00-05:00,393.1099853515625
2023-01-18 15:23:00-05:00,393.1400146484375
2023-01-18 15:24:00-05:00,393.1000061035156
2023-01-18 15:25:00-05:00,393.04681396484375
2023-01-18 15:26:00-05:00,393.0849914550781
2023-01-18 15:27:00-05:00,393.05999755859375
2023-01-18 15:28:00-05:00,393.05999755859375
2023-01-18 15:29:00-05:00,392.8999938964844
2023-01-18 15:30:00-05:00,392.8200073242188
2023-01-18 15:31:00-05:00,392.8599853515625
2023-01-18 15:32:00-05:00,392.6000061035156
2023-01-18 15:33:00-05:00,392.4374084472656
2023-01-18 15:34:00-05:00,392.4049987792969
2023-01-18 15:35:00-05:00,392.4498901367188
2023-01-18 15:36:00-05:00,392.4200134277344
2023-01-18 15:37:00-05:00,392.4500122070313
2023-01-18 15:38:00-05:00,392.2999877929688
2023-01-18 15:39:00-05:00,392.30999755859375
2023-01-18 15:40:00-05:00,392.1700134277344
2023-01-18 15:41:00-05:00,392.0899963378906
2023-01-18 15:42:00-05:00,391.989990234375
2023-01-18 15:43:00-05:00,391.8599853515625
2023-01-18 15:44:00-05:00,391.8349914550781
2023-01-18 15:45:00-05:00,392.0400085449219
2023-01-18 15:46:00-05:00,392.1099853515625
2023-01-18 15:47:00-05:00,391.93499755859375
2023-01-18 15:48:00-05:00,391.7900085449219
2023-01-18 15:49:00-05:00,391.7900085449219
2023-01-18 15:50:00-05:00,391.9800109863281
2023-01-18 15:51:00-05:00,391.9299926757813
2023-01-18 15:52:00-05:00,392.0899963378906
2023-01-18 15:53:00-05:00,391.9750061035156
2023-01-18 15:54:00-05:00,391.8999938964844
2023-01-18 15:55:00-05:00,391.8500061035156
2023-01-18 15:56:00-05:00,391.739990234375
2023-01-18 15:57:00-05:00,391.5700073242188
2023-01-18 15:58:00-05:00,391.5
2023-01-18 15:59:00-05:00,391.5899963378906
2023-01-18 16:00:00-05:00,391.59
2023-01-18 16:01:00-05:00,391.55
2023-01-18 16:02:00-05:00,394.8779
2023-01-18 16:03:00-05:00,391.47
2023-01-18 16:04:00-05:00,391.44
2023-01-18 16:05:00-05:00,391.44
2023-01-18 16:06:00-05:00,397.7491
2023-01-18 16:07:00-05:00,391.8665
2023-01-18 16:08:00-05:00,391.5642
2023-01-18 16:09:00-05:00,391.49
2023-01-18 16:10:00-05:00,391.58
2023-01-18 16:11:00-05:00,391.61
2023-01-18 16:12:00-05:00,391.6
2023-01-18 16:13:00-05:00,391.59
2023-01-18 16:14:00-05:00,391.5411
2023-01-18 16:15:00-05:00,391.49
2023-01-18 16:16:00-05:00,391.5411
2023-01-18 16:17:00-05:00,391.43
2023-01-18 16:18:00-05:00,391.43
2023-01-18 16:19:00-05:00,391.43
2023-01-18 16:20:00-05:00,391.44
2023-01-18 16:21:00-05:00,391.46
2023-01-18 16:22:00-05:00,391.48
2023-01-18 16:23:00-05:00,391.45
2023-01-18 16:24:00-05:00,391.46
2023-01-18 16:25:00-05:00,391.47
2023-01-18 16:26:00-05:00,391.47
2023-01-18 16:27:00-05:00,391.49
2023-01-18 16:28:00-05:00,391.51
2023-01-18 16:29:00-05:00,391.49
2023-01-18 16:30:00-05:00,391.44
2023-01-18 16:31:00-05:00,391.47
2023-01-18 16:32:00-05:00,391.47
2023-01-18 16:33:00-05:00,391.49
2023-01-18 16:34:00-05:00,391.51
2023-01-18 16:35:00-05:00,391.5
2023-01-18 16:36:00-05:00,391.5
2023-01-18 16:37:00-05:00,391.52
2023-01-18 16:38:00-05:00,391.48
2023-01-18 16:39:00-05:00,391.51
2023-01-18 16:40:00-05:00,391.5
2023-01-18 16:41:00-05:00,391.5
2023-01-18 16:42:00-05:00,391.5
2023-01-18 16:43:00-05:00,391.49
2023-01-18 16:44:00-05:00,391.48
2023-01-18 16:45:00-05:00,391.47
2023-01-18 16:46:00-05:00,391.5
2023-01-18 16:47:00-05:00,391.5
2023-01-18 16:48:00-05:00,391.48
2023-01-18 16:49:00-05:00,391.47
2023-01-18 16:50:00-05:00,391.49
2023-01-18 16:51:00-05:00,391.48
2023-01-18 16:52:00-05:00,391.48
2023-01-18 16:53:00-05:00,391.55
2023-01-18 16:54:00-05:00,391.57
2023-01-18 16:55:00-05:00,391.57
2023-01-18 16:56:00-05:00,391.6
2023-01-18 16:57:00-05:00,391.6
2023-01-18 16:58:00-05:00,391.6
2023-01-18 16:59:00-05:00,391.56
2023-01-18 17:00:00-05:00,391.54
2023-01-18 17:01:00-05:00,407.23917
2023-01-18 17:02:00-05:00,391.5
2023-01-18 17:03:00-05:00,391.501
2023-01-18 17:04:00-05:00,391.45
2023-01-18 17:05:00-05:00,391.44
2023-01-18 17:06:00-05:00,391.44
2023-01-18 17:07:00-05:00,391.44
2023-01-18 17:08:00-05:00,391.43
2023-01-18 17:09:00-05:00,391.44
2023-01-18 17:10:00-05:00,391.46
2023-01-18 17:11:00-05:00,391.45
2023-01-18 17:12:00-05:00,391.445
2023-01-18 17:13:00-05:00,391.45
2023-01-18 17:14:00-05:00,391.45
2023-01-18 17:15:00-05:00,391.415
2023-01-18 17:16:00-05:00,391.43
2023-01-18 17:17:00-05:00,391.43
2023-01-18 17:18:00-05:00,391.45
2023-01-18 17:19:00-05:00,391.41
2023-01-18 17:20:00-05:00,391.41
2023-01-18 17:21:00-05:00,391.4
2023-01-18 17:22:00-05:00,391.4
2023-01-18 17:23:00-05:00,391.39
2023-01-18 17:24:00-05:00,391.43
2023-01-18 17:25:00-05:00,391.52
2023-01-18 17:26:00-05:00,391.49
2023-01-18 17:27:00-05:00,391.44
2023-01-18 17:28:00-05:00,391.45
2023-01-18 17:29:00-05:00,391.44
2023-01-18 17:30:00-05:00,391.43
2023-01-18 17:31:00-05:00,391.43
2023-01-18 17:32:00-05:00,391.38
2023-01-18 17:33:00-05:00,391.405
2023-01-18 17:34:00-05:00,391.42
2023-01-18 17:35:00-05:00,391.42
2023-01-18 17:36:00-05:00,391.42
2023-01-18 17:37:00-05:00,391.42
2023-01-18 17:38:00-05:00,391.42
2023-01-18 17:39:00-05:00,391.4
2023-01-18 17:40:00-05:00,391.4
2023-01-18 17:41:00-05:00,391.42
2023-01-18 17:42:00-05:00,391.42
2023-01-18 17:43:00-05:00,391.39
2023-01-18 17:44:00-05:00,391.42
2023-01-18 17:45:00-05:00,391.38
2023-01-18 17:46:00-05:00,391.37
2023-01-18 17:47:00-05:00,391.39
2023-01-18 17:48:00-05:00,391.385
2023-01-18 17:49:00-05:00,391.4
2023-01-18 17:50:00-05:00,391.4
2023-01-18 17:51:00-05:00,391.42
2023-01-18 17:52:00-05:00,391.41
2023-01-18 17:53:00-05:00,391.41
2023-01-18 17:54:00-05:00,391.4
2023-01-18 17:55:00-05:00,391.4
2023-01-18 17:56:00-05:00,391.38
2023-01-18 17:57:00-05:00,391.38
2023-01-18 17:58:00-05:00,391.38
2023-01-18 17:59:00-05:00,391.38
2023-01-18 18:00:00-05:00,391.37
2023-01-18 18:01:00-05:00,391.46
2023-01-18 18:02:00-05:00,391.47
2023-01-18 18:03:00-05:00,391.49
2023-01-18 18:04:00-05:00,391.47
2023-01-18 18:05:00-05:00,391.57
2023-01-18 18:06:00-05:00,391.53
2023-01-18 18:07:00-05:00,391.54
2023-01-18 18:08:00-05:00,391.64
2023-01-18 18:09:00-05:00,391.64
2023-01-18 18:10:00-05:00,391.64
2023-01-18 18:11:00-05:00,391.67
2023-01-18 18:12:00-05:00,391.67
2023-01-18 18:13:00-05:00,391.64
2023-01-18 18:14:00-05:00,391.59
2023-01-18 18:15:00-05:00,391.55
2023-01-18 18:16:00-05:00,391.58
2023-01-18 18:17:00-05:00,391.59
2023-01-18 18:18:00-05:00,391.57
2023-01-18 18:19:00-05:00,391.58
2023-01-18 18:20:00-05:00,391.54
2023-01-18 18:21:00-05:00,391.54
2023-01-18 18:22:00-05:00,391.54
2023-01-18 18:23:00-05:00,391.57
2023-01-18 18:24:00-05:00,391.57
2023-01-18 18:25:00-05:00,391.59
2023-01-18 18:26:00-05:00,399.0201
2023-01-18 18:27:00-05:00,391.58
2023-01-18 18:28:00-05:00,391.59
2023-01-18 18:29:00-05:00,391.61
2023-01-18 18:30:00-05:00,391.64
2023-01-18 18:31:00-05:00,391.54
2023-01-18 18:32:00-05:00,391.51
2023-01-18 18:33:00-05:00,391.56
2023-01-18 18:34:00-05:00,391.56
2023-01-18 18:35:00-05:00,391.6
2023-01-18 18:36:00-05:00,393.7899
2023-01-18 18:37:00-05:00,391.6
2023-01-18 18:38:00-05:00,391.58
2023-01-18 18:39:00-05:00,391.58
2023-01-18 18:40:00-05:00,391.55
2023-01-18 18:41:00-05:00,393.0299
2023-01-18 18:42:00-05:00,391.51
2023-01-18 18:43:00-05:00,391.58
2023-01-18 18:44:00-05:00,391.605
2023-01-18 18:45:00-05:00,391.67
2023-01-18 18:46:00-05:00,391.67
2023-01-18 18:47:00-05:00,391.7
2023-01-18 18:48:00-05:00,391.7
2023-01-18 18:49:00-05:00,391.68
2023-01-18 18:50:00-05:00,391.67
2023-01-18 18:51:00-05:00,391.69
2023-01-18 18:52:00-05:00,391.72
2023-01-18 18:53:00-05:00,391.71
2023-01-18 18:54:00-05:00,391.68
2023-01-18 18:55:00-05:00,391.67
2023-01-18 18:56:00-05:00,391.65
2023-01-18 18:57:00-05:00,391.65
2023-01-18 18:58:00-05:00,391.65
2023-01-18 18:59:00-05:00,391.57
2023-01-18 19:00:00-05:00,391.505
2023-01-18 19:01:00-05:00,391.47
2023-01-18 19:02:00-05:00,391.51
2023-01-18 19:03:00-05:00,391.535
2023-01-18 19:04:00-05:00,391.53
2023-01-18 19:05:00-05:00,391.48
2023-01-18 19:06:00-05:00,391.42
2023-01-18 19:07:00-05:00,391.27
2023-01-18 19:08:00-05:00,391.27
2023-01-18 19:09:00-05:00,391.16
2023-01-18 19:10:00-05:00,391.17
2023-01-18 19:11:00-05:00,391.24
2023-01-18 19:12:00-05:00,391.24
2023-01-18 19:13:00-05:00,391.29
2023-01-18 19:14:00-05:00,391.32
2023-01-18 19:15:00-05:00,391.36
2023-01-18 19:16:00-05:00,391.32
2023-01-18 19:17:00-05:00,391.42
2023-01-18 19:18:00-05:00,391.38
2023-01-18 19:19:00-05:00,391.28
2023-01-18 19:20:00-05:00,391.37
2023-01-18 19:21:00-05:00,391.24
2023-01-18 19:22:00-05:00,391.22
2023-01-18 19:23:00-05:00,391.195
2023-01-18 19:24:00-05:00,391.12
2023-01-18 19:25:00-05:00,391.07
2023-01-18 19:26:00-05:00,391.03
2023-01-18 19:27:00-05:00,390.98
2023-01-18 19:28:00-05:00,391.03
2023-01-18 19:29:00-05:00,391.07
2023-01-18 19:30:00-05:00,391.13
2023-01-18 19:31:00-05:00,391.11
2023-01-18 19:32:00-05:00,391.17
2023-01-18 19:33:00-05:00,391.2
2023-01-18 19:34:00-05:00,391.2
2023-01-18 19:35:00-05:00,391.17
2023-01-18 19:36:00-05:00,391.14
2023-01-18 19:37:00-05:00,391.2
2023-01-18 19:38:00-05:00,391.215
2023-01-18 19:39:00-05:00,391.16
2023-01-18 19:40:00-05:00,391.11
2023-01-18 19:41:00-05:00,391.08
2023-01-18 19:42:00-05:00,391.09
2023-01-18 19:43:00-05:00,391.11
2023-01-18 19:44:00-05:00,391.06
2023-01-18 19:45:00-05:00,391.015
2023-01-18 19:46:00-05:00,390.9
2023-01-18 19:47:00-05:00,390.95
2023-01-18 19:48:00-05:00,390.93
2023-01-18 19:49:00-05:00,390.99
2023-01-18 19:50:00-05:00,390.98
2023-01-18 19:51:00-05:00,390.94
2023-01-18 19:52:00-05:00,390.92
2023-01-18 19:53:00-05:00,390.945
2023-01-18 19:54:00-05:00,390.89
2023-01-18 19:55:00-05:00,390.91
2023-01-18 19:56:00-05:00,390.94
2023-01-18 19:57:00-05:00,390.88
2023-01-18 19:58:00-05:00,390.82
2023-01-18 19:59:00-05:00,390.92
2023-01-19 04:00:00-05:00,390.79
2023-01-19 04:01:00-05:00,390.32
2023-01-19 04:02:00-05:00,390.55
2023-01-19 04:03:00-05:00,390.5
2023-01-19 04:04:00-05:00,390.42
2023-01-19 04:05:00-05:00,390.41
2023-01-19 04:06:00-05:00,390.41
2023-01-19 04:07:00-05:00,390.5
2023-01-19 04:08:00-05:00,390.43
2023-01-19 04:09:00-05:00,390.32
2023-01-19 04:10:00-05:00,390.43
2023-01-19 04:11:00-05:00,390.47
2023-01-19 04:12:00-05:00,390.6
2023-01-19 04:13:00-05:00,390.62
2023-01-19 04:14:00-05:00,390.6
2023-01-19 04:15:00-05:00,390.61
2023-01-19 04:16:00-05:00,390.51
2023-01-19 04:17:00-05:00,390.51
2023-01-19 04:18:00-05:00,390.53
2023-01-19 04:19:00-05:00,390.43
2023-01-19 04:20:00-05:00,390.23
2023-01-19 04:21:00-05:00,390.39
2023-01-19 04:22:00-05:00,390.36
2023-01-19 04:23:00-05:00,390.3
2023-01-19 04:24:00-05:00,390.2
2023-01-19 04:25:00-05:00,390.18
2023-01-19 04:26:00-05:00,390.14
2023-01-19 04:27:00-05:00,390.22
2023-01-19 04:28:00-05:00,390.17
2023-01-19 04:29:00-05:00,390.08
2023-01-19 04:30:00-05:00,390.19
2023-01-19 04:31:00-05:00,390.12
2023-01-19 04:32:00-05:00,390.15
2023-01-19 04:33:00-05:00,390.12
2023-01-19 04:34:00-05:00,390.1
2023-01-19 04:35:00-05:00,390.05
2023-01-19 04:36:00-05:00,390.01
2023-01-19 04:37:00-05:00,390.02
2023-01-19 04:38:00-05:00,390.05
2023-01-19 04:39:00-05:00,390.0
2023-01-19 04:40:00-05:00,390.0
2023-01-19 04:41:00-05:00,389.92
2023-01-19 04:42:00-05:00,389.92
2023-01-19 04:43:00-05:00,389.97
2023-01-19 04:44:00-05:00,390.0
2023-01-19 04:45:00-05:00,389.95
2023-01-19 04:46:00-05:00,389.93
2023-01-19 04:47:00-05:00,389.89
2023-01-19 04:48:00-05:00,389.87
2023-01-19 04:49:00-05:00,389.97
2023-01-19 04:50:00-05:00,390.0
2023-01-19 04:51:00-05:00,390.0
2023-01-19 04:52:00-05:00,389.93
2023-01-19 04:53:00-05:00,389.95
2023-01-19 04:54:00-05:00,389.92
2023-01-19 04:55:00-05:00,389.96
2023-01-19 04:56:00-05:00,389.92
2023-01-19 04:58:00-05:00,389.97
2023-01-19 04:59:00-05:00,390.0
2023-01-19 05:00:00-05:00,390.05
2023-01-19 05:01:00-05:00,390.0
2023-01-19 05:02:00-05:00,390.1
2023-01-19 05:03:00-05:00,390.1
2023-01-19 05:04:00-05:00,390.03
2023-01-19 05:05:00-05:00,390.08
2023-01-19 05:06:00-05:00,390.0
2023-01-19 05:07:00-05:00,389.99
2023-01-19 05:08:00-05:00,389.89
2023-01-19 05:09:00-05:00,390.09
2023-01-19 05:10:00-05:00,390.14
2023-01-19 05:11:00-05:00,390.27
2023-01-19 05:12:00-05:00,390.28
2023-01-19 05:13:00-05:00,390.19
2023-01-19 05:14:00-05:00,390.19
2023-01-19 05:15:00-05:00,390.11
2023-01-19 05:16:00-05:00,390.17
2023-01-19 05:17:00-05:00,390.1
2023-01-19 05:18:00-05:00,390.04
2023-01-19 05:19:00-05:00,389.91
2023-01-19 05:20:00-05:00,389.9
2023-01-19 05:21:00-05:00,389.9
2023-01-19 05:22:00-05:00,389.94
2023-01-19 05:23:00-05:00,389.85
2023-01-19 05:24:00-05:00,389.81
2023-01-19 05:25:00-05:00,389.84
2023-01-19 05:26:00-05:00,389.77
2023-01-19 05:27:00-05:00,389.8
2023-01-19 05:28:00-05:00,389.71
2023-01-19 05:29:00-05:00,389.63
2023-01-19 05:30:00-05:00,389.59
2023-01-19 05:31:00-05:00,389.55
2023-01-19 05:32:00-05:00,389.55
2023-01-19 05:33:00-05:00,389.55
2023-01-19 05:34:00-05:00,389.62
2023-01-19 05:35:00-05:00,389.59
2023-01-19 05:36:00-05:00,389.47
2023-01-19 05:37:00-05:00,389.5
2023-01-19 05:38:00-05:00,389.51
2023-01-19 05:39:00-05:00,389.43
2023-01-19 05:40:00-05:00,389.43
2023-01-19 05:41:00-05:00,389.5
2023-01-19 05:42:00-05:00,389.49
2023-01-19 05:43:00-05:00,389.49
2023-01-19 05:44:00-05:00,389.5
2023-01-19 05:45:00-05:00,389.52
2023-01-19 05:46:00-05:00,389.5
2023-01-19 05:47:00-05:00,389.5
2023-01-19 05:48:00-05:00,389.52
2023-01-19 05:49:00-05:00,389.5
2023-01-19 05:50:00-05:00,389.61
2023-01-19 05:51:00-05:00,389.62
2023-01-19 05:52:00-05:00,389.57
2023-01-19 05:53:00-05:00,389.57
2023-01-19 05:54:00-05:00,389.54
2023-01-19 05:56:00-05:00,389.61
2023-01-19 05:57:00-05:00,389.63
2023-01-19 05:58:00-05:00,389.58
2023-01-19 05:59:00-05:00,389.66
2023-01-19 06:00:00-05:00,389.67
2023-01-19 06:01:00-05:00,389.6
2023-01-19 06:02:00-05:00,389.53
2023-01-19 06:03:00-05:00,389.35
2023-01-19 06:04:00-05:00,389.34
2023-01-19 06:05:00-05:00,389.36
2023-01-19 06:06:00-05:00,389.4
2023-01-19 06:07:00-05:00,389.48
2023-01-19 06:08:00-05:00,389.53
2023-01-19 06:09:00-05:00,389.6
2023-01-19 06:10:00-05:00,389.64
2023-01-19 06:11:00-05:00,389.63
2023-01-19 06:12:00-05:00,389.43
2023-01-19 06:13:00-05:00,389.42
2023-01-19 06:14:00-05:00,389.43
2023-01-19 06:15:00-05:00,389.4
2023-01-19 06:16:00-05:00,389.38
2023-01-19 06:17:00-05:00,389.35
2023-01-19 06:18:00-05:00,389.21
2023-01-19 06:19:00-05:00,389.16
2023-01-19 06:20:00-05:00,389.15
2023-01-19 06:21:00-05:00,389.11
2023-01-19 06:22:00-05:00,389.12
2023-01-19 06:23:00-05:00,389.05
2023-01-19 06:24:00-05:00,389.03
2023-01-19 06:25:00-05:00,388.99
2023-01-19 06:26:00-05:00,388.99
2023-01-19 06:27:00-05:00,388.92
2023-01-19 06:28:00-05:00,388.89
2023-01-19 06:29:00-05:00,388.87
2023-01-19 06:30:00-05:00,388.85
2023-01-19 06:31:00-05:00,388.84
2023-01-19 06:32:00-05:00,388.86
2023-01-19 06:33:00-05:00,388.88
2023-01-19 06:34:00-05:00,388.81
2023-01-19 06:35:00-05:00,388.85
2023-01-19 06:36:00-05:00,388.79
2023-01-19 06:37:00-05:00,388.78
2023-01-19 06:38:00-05:00,388.9
2023-01-19 06:39:00-05:00,388.93
2023-01-19 06:40:00-05:00,388.94
2023-01-19 06:41:00-05:00,388.86
2023-01-19 06:42:00-05:00,388.81
2023-01-19 06:43:00-05:00,388.81
2023-01-19 06:44:00-05:00,388.8
2023-01-19 06:45:00-05:00,388.8
2023-01-19 06:46:00-05:00,388.8
2023-01-19 06:47:00-05:00,388.81
2023-01-19 06:48:00-05:00,388.85
2023-01-19 06:49:00-05:00,388.85
2023-01-19 06:50:00-05:00,388.87
2023-01-19 06:51:00-05:00,388.89
2023-01-19 06:52:00-05:00,388.88
2023-01-19 06:53:00-05:00,388.76
2023-01-19 06:54:00-05:00,388.86
2023-01-19 06:55:00-05:00,388.96
2023-01-19 06:56:00-05:00,389.0
2023-01-19 06:57:00-05:00,389.05
2023-01-19 06:58:00-05:00,389.15
2023-01-19 06:59:00-05:00,389.05
2023-01-19 07:00:00-05:00,389.02
2023-01-19 07:01:00-05:00,388.9
2023-01-19 07:02:00-05:00,388.83
2023-01-19 07:03:00-05:00,388.68
2023-01-19 07:04:00-05:00,388.61
2023-01-19 07:05:00-05:00,388.69
2023-01-19 07:06:00-05:00,388.7
2023-01-19 07:07:00-05:00,388.71
2023-01-19 07:08:00-05:00,388.79
2023-01-19 07:09:00-05:00,388.83
2023-01-19 07:10:00-05:00,388.84
2023-01-19 07:11:00-05:00,388.83
2023-01-19 07:12:00-05:00,388.82
2023-01-19 07:13:00-05:00,388.88
2023-01-19 07:14:00-05:00,388.97
2023-01-19 07:15:00-05:00,388.97
2023-01-19 07:16:00-05:00,388.92
2023-01-19 07:17:00-05:00,388.82
2023-01-19 07:18:00-05:00,388.83
2023-01-19 07:19:00-05:00,388.74
2023-01-19 07:20:00-05:00,388.7
2023-01-19 07:21:00-05:00,388.88
2023-01-19 07:22:00-05:00,388.81
2023-01-19 07:23:00-05:00,388.7
2023-01-19 07:24:00-05:00,388.58
2023-01-19 07:25:00-05:00,388.61
2023-01-19 07:26:00-05:00,388.67
2023-01-19 07:27:00-05:00,388.73
2023-01-19 07:28:00-05:00,388.73
2023-01-19 07:29:00-05:00,388.77
2023-01-19 07:30:00-05:00,388.78
2023-01-19 07:31:00-05:00,388.67
2023-01-19 07:32:00-05:00,388.56
2023-01-19 07:33:00-05:00,388.59
2023-01-19 07:34:00-05:00,388.62
2023-01-19 07:35:00-05:00,388.59
2023-01-19 07:36:00-05:00,388.67
2023-01-19 07:37:00-05:00,388.73
2023-01-19 07:38:00-05:00,388.77
2023-01-19 07:39:00-05:00,388.77
2023-01-19 07:40:00-05:00,388.61
2023-01-19 07:41:00-05:00,388.58
2023-01-19 07:42:00-05:00,388.52
2023-01-19 07:43:00-05:00,388.52
2023-01-19 07:44:00-05:00,388.49
2023-01-19 07:45:00-05:00,388.42
2023-01-19 07:46:00-05:00,388.4
2023-01-19 07:47:00-05:00,388.35
2023-01-19 07:48:00-05:00,388.3
2023-01-19 07:49:00-05:00,388.28
2023-01-19 07:50:00-05:00,388.29
2023-01-19 07:51:00-05:00,388.36
2023-01-19 07:52:00-05:00,388.31
2023-01-19 07:53:00-05:00,388.36
2023-01-19 07:54:00-05:00,388.34
2023-01-19 07:55:00-05:00,388.239
2023-01-19 07:56:00-05:00,388.21
2023-01-19 07:57:00-05:00,388.22
2023-01-19 07:58:00-05:00,388.39
2023-01-19 07:59:00-05:00,388.38
2023-01-19 08:00:00-05:00,390.5504
2023-01-19 08:01:00-05:00,391.3
2023-01-19 08:02:00-05:00,388.27
2023-01-19 08:03:00-05:00,388.25
2023-01-19 08:04:00-05:00,388.32
2023-01-19 08:05:00-05:00,388.36
2023-01-19 08:06:00-05:00,388.36
2023-01-19 08:07:00-05:00,388.31
2023-01-19 08:08:00-05:00,388.34
2023-01-19 08:09:00-05:00,388.4
2023-01-19 08:10:00-05:00,388.45
2023-01-19 08:11:00-05:00,388.34
2023-01-19 08:12:00-05:00,388.39
2023-01-19 08:13:00-05:00,388.39
2023-01-19 08:14:00-05:00,388.38
2023-01-19 08:15:00-05:00,388.36
2023-01-19 08:16:00-05:00,388.43
2023-01-19 08:17:00-05:00,388.27
2023-01-19 08:18:00-05:00,388.24
2023-01-19 08:19:00-05:00,388.3
2023-01-19 08:20:00-05:00,388.35
2023-01-19 08:21:00-05:00,388.38
2023-01-19 08:22:00-05:00,388.32
2023-01-19 08:23:00-05:00,388.43
2023-01-19 08:24:00-05:00,388.39
2023-01-19 08:25:00-05:00,388.4
2023-01-19 08:26:00-05:00,388.42
2023-01-19 08:27:00-05:00,388.45
2023-01-19 08:28:00-05:00,388.54
2023-01-19 08:29:00-05:00,388.63
2023-01-19 08:30:00-05:00,388.69
2023-01-19 08:31:00-05:00,388.14
2023-01-19 08:32:00-05:00,388.39
2023-01-19 08:33:00-05:00,388.35
2023-01-19 08:34:00-05:00,388.56
2023-01-19 08:35:00-05:00,388.54
2023-01-19 08:36:00-05:00,388.56
2023-01-19 08:37:00-05:00,388.37
2023-01-19 08:38:00-05:00,388.52
2023-01-19 08:39:00-05:00,388.58
2023-01-19 08:40:00-05:00,388.63
2023-01-19 08:41:00-05:00,388.5
2023-01-19 08:42:00-05:00,388.5
2023-01-19 08:43:00-05:00,388.36
2023-01-19 08:44:00-05:00,388.37
2023-01-19 08:45:00-05:00,388.39
2023-01-19 08:46:00-05:00,388.51
2023-01-19 08:47:00-05:00,391.49
2023-01-19 08:48:00-05:00,388.45
2023-01-19 08:49:00-05:00,388.5
2023-01-19 08:50:00-05:00,388.52
2023-01-19 08:51:00-05:00,388.56
2023-01-19 08:52:00-05:00,388.68
2023-01-19 08:53:00-05:00,388.89
2023-01-19 08:54:00-05:00,389.0
2023-01-19 08:55:00-05:00,388.97
2023-01-19 08:56:00-05:00,388.94
2023-01-19 08:57:00-05:00,388.98
2023-01-19 08:58:00-05:00,389.02
2023-01-19 08:59:00-05:00,388.935
2023-01-19 09:00:00-05:00,388.96
2023-01-19 09:01:00-05:00,389.25
2023-01-19 09:02:00-05:00,389.29
2023-01-19 09:03:00-05:00,389.27
2023-01-19 09:04:00-05:00,389.19
2023-01-19 09:05:00-05:00,389.15
2023-01-19 09:06:00-05:00,389.11
2023-01-19 09:07:00-05:00,388.97
2023-01-19 09:08:00-05:00,388.88
2023-01-19 09:09:00-05:00,388.69
2023-01-19 09:10:00-05:00,388.67
2023-01-19 09:11:00-05:00,388.83
2023-01-19 09:12:00-05:00,388.73
2023-01-19 09:13:00-05:00,388.74
2023-01-19 09:14:00-05:00,388.79
2023-01-19 09:30:00-05:00,389.75
2023-01-19 09:31:00-05:00,389.7999877929688
2023-01-19 09:32:00-05:00,389.9500122070313
2023-01-19 09:33:00-05:00,390.1000061035156
2023-01-19 09:34:00-05:00,390.010009765625
2023-01-19 09:35:00-05:00,389.760009765625
2023-01-19 09:36:00-05:00,389.7200012207031
2023-01-19 09:37:00-05:00,389.7914123535156
2023-01-19 09:38:00-05:00,390.0198974609375
2023-01-19 09:39:00-05:00,390.2699890136719
2023-01-19 09:40:00-05:00,390.2999877929688
2023-01-19 09:41:00-05:00,390.4299926757813
2023-01-19 09:42:00-05:00,390.25
2023-01-19 09:43:00-05:00,389.9700012207031
2023-01-19 09:44:00-05:00,389.489990234375
2023-01-19 09:45:00-05:00,389.3399963378906
2023-01-19 09:46:00-05:00,389.3599853515625
2023-01-19 09:47:00-05:00,389.2199096679688
2023-01-19 09:48:00-05:00,389.1199951171875
2023-01-19 09:49:00-05:00,388.9800109863281
2023-01-19 09:50:00-05:00,389.1799926757813
2023-01-19 09:51:00-05:00,389.2099914550781
2023-01-19 09:52:00-05:00,389.2300109863281
2023-01-19 09:53:00-05:00,389.1099853515625
2023-01-19 09:54:00-05:00,388.8500061035156
2023-01-19 09:55:00-05:00,389.2380981445313
2023-01-19 09:56:00-05:00,389.2200012207031
2023-01-19 09:57:00-05:00,389.5400085449219
2023-01-19 09:58:00-05:00,389.80999755859375
2023-01-19 09:59:00-05:00,389.489990234375
2023-01-19 10:00:00-05:00,389.2799987792969
2023-01-19 10:01:00-05:00,389.2799072265625
2023-01-19 10:02:00-05:00,389.6199035644531
2023-01-19 10:03:00-05:00,389.4599914550781
2023-01-19 10:04:00-05:00,389.2099914550781
2023-01-19 10:05:00-05:00,389.4599914550781
2023-01-19 10:06:00-05:00,389.7099914550781
2023-01-19 10:07:00-05:00,389.8699951171875
2023-01-19 10:08:00-05:00,389.7999877929688
2023-01-19 10:09:00-05:00,389.8699951171875
2023-01-19 10:10:00-05:00,389.7699890136719
2023-01-19 10:11:00-05:00,389.55999755859375
2023-01-19 10:12:00-05:00,389.1400146484375
2023-01-19 10:13:00-05:00,389.010009765625
2023-01-19 10:14:00-05:00,388.9500122070313
2023-01-19 10:15:00-05:00,388.89990234375
2023-01-19 10:16:00-05:00,388.9599914550781
2023-01-19 10:17:00-05:00,389.6799926757813
2023-01-19 10:18:00-05:00,389.8800048828125
2023-01-19 10:19:00-05:00,389.6099853515625
2023-01-19 10:20:00-05:00,389.6000061035156
2023-01-19 10:21:00-05:00,389.375
2023-01-19 10:22:00-05:00,389.3599853515625
2023-01-19 10:23:00-05:00,389.260009765625
2023-01-19 10:24:00-05:00,389.3599853515625
2023-01-19 10:25:00-05:00,389.1300964355469
2023-01-19 10:26:00-05:00,389.25
2023-01-19 10:27:00-05:00,389.1799926757813
2023-01-19 10:28:00-05:00,388.9500122070313
2023-01-19 10:29:00-05:00,389.1499938964844
2023-01-19 10:30:00-05:00,389.0689086914063
2023-01-19 10:31:00-05:00,389.0199890136719
2023-01-19 10:32:00-05:00,388.8399963378906
2023-01-19 10:33:00-05:00,388.8900146484375
2023-01-19 10:34:00-05:00,388.7300109863281
2023-01-19 10:35:00-05:00,388.7699890136719
2023-01-19 10:36:00-05:00,388.6199951171875
2023-01-19 10:37:00-05:00,388.4450073242188
2023-01-19 10:38:00-05:00,388.8299865722656
2023-01-19 10:39:00-05:00,388.7799987792969
2023-01-19 10:40:00-05:00,388.9500122070313
2023-01-19 10:41:00-05:00,388.8150024414063
2023-01-19 10:42:00-05:00,388.8200073242188
2023-01-19 10:43:00-05:00,388.8099060058594
2023-01-19 10:44:00-05:00,388.5799865722656
2023-01-19 10:45:00-05:00,388.5199890136719
2023-01-19 10:46:00-05:00,388.430908203125
2023-01-19 10:47:00-05:00,388.4486083984375
2023-01-19 10:48:00-05:00,388.3599853515625
2023-01-19 10:49:00-05:00,388.3299865722656
2023-01-19 10:50:00-05:00,388.239990234375
2023-01-19 10:51:00-05:00,388.1700134277344
2023-01-19 10:52:00-05:00,388.1300048828125
2023-01-19 10:53:00-05:00,388.0299987792969
2023-01-19 10:54:00-05:00,388.08990478515625
2023-01-19 10:55:00-05:00,387.9450073242188
2023-01-19 10:56:00-05:00,387.739990234375
2023-01-19 10:57:00-05:00,387.7000122070313
2023-01-19 10:58:00-05:00,387.8500061035156
2023-01-19 10:59:00-05:00,387.9700012207031
2023-01-19 11:00:00-05:00,388.1900024414063
2023-01-19 11:01:00-05:00,388.1900024414063
2023-01-19 11:02:00-05:00,388.1499938964844
2023-01-19 11:03:00-05:00,388.3500061035156
2023-01-19 11:04:00-05:00,388.0299987792969
2023-01-19 11:05:00-05:00,388.05999755859375
2023-01-19 11:06:00-05:00,387.9400024414063
2023-01-19 11:07:00-05:00,388.260009765625
2023-01-19 11:08:00-05:00,388.5299987792969
2023-01-19 11:09:00-05:00,388.6300048828125
2023-01-19 11:10:00-05:00,389.05999755859375
2023-01-19 11:11:00-05:00,388.9657897949219
2023-01-19 11:12:00-05:00,388.83990478515625
2023-01-19 11:13:00-05:00,388.80999755859375
2023-01-19 11:14:00-05:00,388.739990234375
2023-01-19 11:15:00-05:00,388.75
2023-01-19 11:16:00-05:00,388.7000122070313
2023-01-19 11:17:00-05:00,388.6400146484375
2023-01-19 11:18:00-05:00,388.3999938964844
2023-01-19 11:19:00-05:00,388.3800048828125
2023-01-19 11:20:00-05:00,388.2799987792969
2023-01-19 11:21:00-05:00,388.2449951171875
2023-01-19 11:22:00-05:00,388.1900024414063
2023-01-19 11:23:00-05:00,388.2699890136719
2023-01-19 11:24:00-05:00,388.1400146484375
2023-01-19 11:25:00-05:00,388.2300109863281
2023-01-19 11:26:00-05:00,388.0899963378906
2023-01-19 11:27:00-05:00,388.0299987792969
2023-01-19 11:28:00-05:00,387.9700012207031
2023-01-19 11:29:00-05:00,387.8299865722656
2023-01-19 11:30:00-05:00,387.9200134277344
2023-01-19 11:31:00-05:00,387.8970031738281
2023-01-19 11:32:00-05:00,388.0
2023-01-19 11:33:00-05:00,388.0299987792969
2023-01-19 11:34:00-05:00,388.0
2023-01-19 11:35:00-05:00,387.8399963378906
2023-01-19 11:36:00-05:00,387.9299926757813
2023-01-19 11:37:00-05:00,387.9599914550781
2023-01-19 11:38:00-05:00,387.8599853515625
2023-01-19 11:39:00-05:00,387.9800109863281
2023-01-19 11:40:00-05:00,387.9700012207031
2023-01-19 11:41:00-05:00,387.7799987792969
2023-01-19 11:42:00-05:00,387.8299865722656
2023-01-19 11:43:00-05:00,387.6799926757813
2023-01-19 11:44:00-05:00,387.4498901367188
2023-01-19 11:45:00-05:00,387.5086975097656
2023-01-19 11:46:00-05:00,387.50830078125
2023-01-19 11:47:00-05:00,387.4700012207031
2023-01-19 11:48:00-05:00,387.4700012207031
2023-01-19 11:49:00-05:00,387.7300109863281
2023-01-19 11:50:00-05:00,387.6799926757813
2023-01-19 11:51:00-05:00,387.6549987792969
2023-01-19 11:52:00-05:00,387.5750122070313
2023-01-19 11:53:00-05:00,387.6300048828125
2023-01-19 11:54:00-05:00,387.5799865722656
2023-01-19 11:55:00-05:00,387.6700134277344
2023-01-19 11:56:00-05:00,387.6600036621094
2023-01-19 11:57:00-05:00,387.8599853515625
2023-01-19 11:58:00-05:00,387.7846984863281
2023-01-19 11:59:00-05:00,387.8299865722656
2023-01-19 12:00:00-05:00,388.1300048828125
2023-01-19 12:01:00-05:00,388.4500122070313
2023-01-19 12:02:00-05:00,388.510009765625
2023-01-19 12:03:00-05:00,388.4599914550781
2023-01-19 12:04:00-05:00,388.4599914550781
2023-01-19 12:05:00-05:00,388.5549926757813
2023-01-19 12:06:00-05:00,388.5899963378906
2023-01-19 12:07:00-05:00,388.4649963378906
2023-01-19 12:08:00-05:00,388.2999877929688
2023-01-19 12:09:00-05:00,388.2300109863281
2023-01-19 12:10:00-05:00,388.3599853515625
2023-01-19 12:11:00-05:00,388.3380126953125
2023-01-19 12:12:00-05:00,388.3900146484375
2023-01-19 12:13:00-05:00,388.4400024414063
2023-01-19 12:14:00-05:00,388.6950073242188
2023-01-19 12:15:00-05:00,388.8706970214844
2023-01-19 12:16:00-05:00,388.9400024414063
2023-01-19 12:17:00-05:00,389.0374145507813
2023-01-19 12:18:00-05:00,388.9798889160156
2023-01-19 12:19:00-05:00,388.9100036621094
2023-01-19 12:20:00-05:00,388.7999877929688
2023-01-19 12:21:00-05:00,388.7099914550781
2023-01-19 12:22:00-05:00,388.68499755859375
2023-01-19 12:23:00-05:00,388.6900024414063
2023-01-19 12:24:00-05:00,388.4700012207031
2023-01-19 12:25:00-05:00,388.4750061035156
2023-01-19 12:26:00-05:00,388.43499755859375
2023-01-19 12:27:00-05:00,388.3599853515625
2023-01-19 12:28:00-05:00,388.4299926757813
2023-01-19 12:29:00-05:00,388.3599853515625
2023-01-19 12:30:00-05:00,388.3800048828125
2023-01-19 12:31:00-05:00,388.30999755859375
2023-01-19 12:32:00-05:00,388.4200134277344
2023-01-19 12:33:00-05:00,388.3999938964844
2023-01-19 12:34:00-05:00,388.30999755859375
2023-01-19 12:35:00-05:00,388.3049926757813
2023-01-19 12:36:00-05:00,388.510009765625
2023-01-19 12:37:00-05:00,388.4700012207031
2023-01-19 12:38:00-05:00,388.4783935546875
2023-01-19 12:39:00-05:00,388.4498901367188
2023-01-19 12:40:00-05:00,388.4299926757813
2023-01-19 12:41:00-05:00,388.4729919433594
2023-01-19 12:42:00-05:00,388.5188903808594
2023-01-19 12:43:00-05:00,388.3949890136719
2023-01-19 12:44:00-05:00,388.3500061035156
2023-01-19 12:45:00-05:00,388.3900146484375
2023-01-19 12:46:00-05:00,388.5199890136719
2023-01-19 12:47:00-05:00,388.385009765625
2023-01-19 12:48:00-05:00,388.2699890136719
2023-01-19 12:49:00-05:00,388.3150024414063
2023-01-19 12:50:00-05:00,388.3299865722656
2023-01-19 12:51:00-05:00,388.26849365234375
2023-01-19 12:52:00-05:00,388.2200012207031
2023-01-19 12:53:00-05:00,388.260009765625
2023-01-19 12:54:00-05:00,388.239990234375
2023-01-19 12:55:00-05:00,388.0650024414063
2023-01-19 12:56:00-05:00,388.1299133300781
2023-01-19 12:57:00-05:00,388.239990234375
2023-01-19 12:58:00-05:00,388.3800048828125
2023-01-19 12:59:00-05:00,388.6090087890625
2023-01-19 13:00:00-05:00,388.75
2023-01-19 13:01:00-05:00,388.7950134277344
2023-01-19 13:02:00-05:00,388.9200134277344
2023-01-19 13:03:00-05:00,389.3800048828125
2023-01-19 13:04:00-05:00,389.3699951171875
2023-01-19 13:05:00-05:00,389.2699890136719
2023-01-19 13:06:00-05:00,388.9800109863281
2023-01-19 13:07:00-05:00,388.8800048828125
2023-01-19 13:08:00-05:00,389.1000061035156
2023-01-19 13:09:00-05:00,389.1600036621094
2023-01-19 13:10:00-05:00,389.0650024414063
2023-01-19 13:11:00-05:00,388.8700866699219
2023-01-19 13:12:00-05:00,389.0199890136719
2023-01-19 13:13:00-05:00,389.0490112304688
2023-01-19 13:14:00-05:00,389.1400146484375
2023-01-19 13:15:00-05:00,389.1099853515625
2023-01-19 13:16:00-05:00,388.8800048828125
2023-01-19 13:17:00-05:00,388.9299926757813
2023-01-19 13:18:00-05:00,389.1700134277344
2023-01-19 13:19:00-05:00,389.4299926757813
2023-01-19 13:20:00-05:00,389.3800048828125
2023-01-19 13:21:00-05:00,389.5899963378906
2023-01-19 13:22:00-05:00,389.6900024414063
2023-01-19 13:23:00-05:00,389.4849853515625
2023-01-19 13:24:00-05:00,389.43499755859375
2023-01-19 13:25:00-05:00,389.2449951171875
2023-01-19 13:26:00-05:00,389.1600036621094
2023-01-19 13:27:00-05:00,388.9500122070313
2023-01-19 13:28:00-05:00,389.0700073242188
2023-01-19 13:29:00-05:00,389.1300048828125
2023-01-19 13:30:00-05:00,389.5199890136719
2023-01-19 13:31:00-05:00,389.6000061035156
2023-01-19 13:32:00-05:00,389.6000061035156
2023-01-19 13:33:00-05:00,389.5549926757813
2023-01-19 13:34:00-05:00,389.510009765625
2023-01-19 13:35:00-05:00,389.614990234375
2023-01-19 13:36:00-05:00,389.8399963378906
2023-01-19 13:37:00-05:00,389.9200134277344
2023-01-19 13:38:00-05:00,390.0
2023-01-19 13:39:00-05:00,390.1549987792969
2023-01-19 13:40:00-05:00,390.6099853515625
2023-01-19 13:41:00-05:00,390.5299987792969
2023-01-19 13:42:00-05:00,390.2999877929688
2023-01-19 13:43:00-05:00,390.1099853515625
2023-01-19 13:44:00-05:00,389.9500122070313
2023-01-19 13:45:00-05:00,389.9800109863281
2023-01-19 13:46:00-05:00,389.9599914550781
2023-01-19 13:47:00-05:00,390.0698852539063
2023-01-19 13:48:00-05:00,390.0300903320313
2023-01-19 13:49:00-05:00,389.9100036621094
2023-01-19 13:50:00-05:00,389.8599853515625
2023-01-19 13:51:00-05:00,389.7200012207031
2023-01-19 13:52:00-05:00,389.7200012207031
2023-01-19 13:53:00-05:00,389.8052978515625
2023-01-19 13:54:00-05:00,389.7950134277344
2023-01-19 13:55:00-05:00,389.6400146484375
2023-01-19 13:56:00-05:00,389.68499755859375
2023-01-19 13:57:00-05:00,389.7000122070313
2023-01-19 13:58:00-05:00,389.75
2023-01-19 13:59:00-05:00,389.8800048828125
2023-01-19 14:00:00-05:00,389.989990234375
2023-01-19 14:01:00-05:00,389.6300048828125
2023-01-19 14:02:00-05:00,389.8500061035156
2023-01-19 14:03:00-05:00,389.8150024414063
2023-01-19 14:04:00-05:00,389.8299865722656
2023-01-19 14:05:00-05:00,389.8299865722656
2023-01-19 14:06:00-05:00,389.5398864746094
2023-01-19 14:07:00-05:00,389.3901062011719
2023-01-19 14:08:00-05:00,389.5199890136719
2023-01-19 14:09:00-05:00,389.6199951171875
2023-01-19 14:10:00-05:00,389.7000122070313
2023-01-19 14:11:00-05:00,389.75
2023-01-19 14:12:00-05:00,389.8699951171875
2023-01-19 14:13:00-05:00,389.9985046386719
2023-01-19 14:14:00-05:00,390.1799926757813
2023-01-19 14:15:00-05:00,390.2900085449219
2023-01-19 14:16:00-05:00,390.2999877929688
2023-01-19 14:17:00-05:00,390.1099853515625
2023-01-19 14:18:00-05:00,390.1199951171875
2023-01-19 14:19:00-05:00,390.1799926757813
2023-01-19 14:20:00-05:00,390.2900085449219
2023-01-19 14:21:00-05:00,390.364990234375
2023-01-19 14:22:00-05:00,390.4599914550781
2023-01-19 14:23:00-05:00,390.7200012207031
2023-01-19 14:24:00-05:00,390.8299865722656
2023-01-19 14:25:00-05:00,390.8001098632813
2023-01-19 14:26:00-05:00,390.6600036621094
2023-01-19 14:27:00-05:00,390.8500061035156
2023-01-19 14:28:00-05:00,390.9100036621094
2023-01-19 14:29:00-05:00,390.7850036621094
2023-01-19 14:30:00-05:00,390.6700134277344
2023-01-19 14:31:00-05:00,390.489990234375
2023-01-19 14:32:00-05:00,390.7300109863281
2023-01-19 14:33:00-05:00,390.739990234375
2023-01-19 14:34:00-05:00,390.80999755859375
2023-01-19 14:35:00-05:00,390.864990234375
2023-01-19 14:36:00-05:00,391.0799865722656
2023-01-19 14:37:00-05:00,391.0357971191406
2023-01-19 14:38:00-05:00,390.9800109863281
2023-01-19 14:39:00-05:00,390.9200134277344
2023-01-19 14:40:00-05:00,390.8150024414063
2023-01-19 14:41:00-05:00,390.7000122070313
2023-01-19 14:42:00-05:00,390.8507995605469
2023-01-19 14:43:00-05:00,391.0
2023-01-19 14:44:00-05:00,390.8399963378906
2023-01-19 14:45:00-05:00,390.9100036621094
2023-01-19 14:46:00-05:00,391.05999755859375
2023-01-19 14:47:00-05:00,390.9100036621094
2023-01-19 14:48:00-05:00,390.7000122070313
2023-01-19 14:49:00-05:00,390.5950012207031
2023-01-19 14:50:00-05:00,390.5798950195313
2023-01-19 14:51:00-05:00,390.55999755859375
2023-01-19 14:52:00-05:00,390.6000061035156
2023-01-19 14:53:00-05:00,390.55999755859375
2023-01-19 14:54:00-05:00,390.4498901367188
2023-01-19 14:55:00-05:00,390.489990234375
2023-01-19 14:56:00-05:00,390.6780090332031
2023-01-19 14:57:00-05:00,390.7300109863281
2023-01-19 14:58:00-05:00,390.739990234375
2023-01-19 14:59:00-05:00,390.6600036621094
2023-01-19 15:00:00-05:00,390.760009765625
2023-01-19 15:01:00-05:00,390.80999755859375
2023-01-19 15:02:00-05:00,390.8100891113281
2023-01-19 15:03:00-05:00,390.8599853515625
2023-01-19 15:04:00-05:00,390.8949890136719
2023-01-19 15:05:00-05:00,390.739990234375
2023-01-19 15:06:00-05:00,390.614990234375
2023-01-19 15:07:00-05:00,390.4599914550781
2023-01-19 15:08:00-05:00,390.3500061035156
2023-01-19 15:09:00-05:00,390.2850036621094
2023-01-19 15:10:00-05:00,390.2999877929688
2023-01-19 15:11:00-05:00,390.18499755859375
2023-01-19 15:12:00-05:00,390.4400024414063
2023-01-19 15:13:00-05:00,390.3399963378906
2023-01-19 15:14:00-05:00,390.4270935058594
2023-01-19 15:15:00-05:00,390.3999938964844
2023-01-19 15:16:00-05:00,390.4200134277344
2023-01-19 15:17:00-05:00,390.1899108886719
2023-01-19 15:18:00-05:00,390.2000122070313
2023-01-19 15:19:00-05:00,390.2799987792969
2023-01-19 15:20:00-05:00,390.2699890136719
2023-01-19 15:21:00-05:00,390.2699890136719
2023-01-19 15:22:00-05:00,390.0899963378906
2023-01-19 15:23:00-05:00,390.1600036621094
2023-01-19 15:24:00-05:00,390.1900024414063
2023-01-19 15:25:00-05:00,390.1199951171875
2023-01-19 15:26:00-05:00,390.4024963378906
2023-01-19 15:27:00-05:00,390.4085998535156
2023-01-19 15:28:00-05:00,390.3200073242188
2023-01-19 15:29:00-05:00,390.3699951171875
2023-01-19 15:30:00-05:00,390.30999755859375
2023-01-19 15:31:00-05:00,389.9700012207031
2023-01-19 15:32:00-05:00,389.9649963378906
2023-01-19 15:33:00-05:00,390.0499877929688
2023-01-19 15:34:00-05:00,390.1799926757813
2023-01-19 15:35:00-05:00,390.1400146484375
2023-01-19 15:36:00-05:00,390.2699890136719
2023-01-19 15:37:00-05:00,390.2699890136719
2023-01-19 15:38:00-05:00,390.2999877929688
2023-01-19 15:39:00-05:00,390.2250061035156
2023-01-19 15:40:00-05:00,390.1199951171875
2023-01-19 15:41:00-05:00,389.9599914550781
2023-01-19 15:42:00-05:00,389.9299926757813
2023-01-19 15:43:00-05:00,389.7699890136719
2023-01-19 15:44:00-05:00,389.6900024414063
2023-01-19 15:45:00-05:00,389.8200073242188
2023-01-19 15:46:00-05:00,389.7449951171875
2023-01-19 15:47:00-05:00,389.6400146484375
2023-01-19 15:48:00-05:00,389.6799926757813
2023-01-19 15:49:00-05:00,389.7000122070313
2023-01-19 15:50:00-05:00,389.7095031738281
2023-01-19 15:51:00-05:00,389.4299926757813
2023-01-19 15:52:00-05:00,389.489990234375
2023-01-19 15:53:00-05:00,389.3299865722656
2023-01-19 15:54:00-05:00,389.30999755859375
2023-01-19 15:55:00-05:00,389.2099914550781
2023-01-19 15:56:00-05:00,389.0
2023-01-19 15:57:00-05:00,388.8599853515625
2023-01-19 15:58:00-05:00,388.8500061035156
2023-01-19 15:59:00-05:00,388.80999755859375
2023-01-19 16:00:00-05:00,389.76
2023-01-19 16:01:00-05:00,391.6142
2023-01-19 16:02:00-05:00,391.6142
2023-01-19 16:03:00-05:00,389.48
2023-01-19 16:04:00-05:00,389.38
2023-01-19 16:05:00-05:00,389.28
2023-01-19 16:06:00-05:00,389.13
2023-01-19 16:07:00-05:00,388.93
2023-01-19 16:08:00-05:00,389.02
2023-01-19 16:09:00-05:00,388.92
2023-01-19 16:10:00-05:00,388.94
2023-01-19 16:11:00-05:00,388.96
2023-01-19 16:12:00-05:00,388.9
2023-01-19 16:13:00-05:00,391.6142
2023-01-19 16:14:00-05:00,388.88
2023-01-19 16:15:00-05:00,388.95
2023-01-19 16:16:00-05:00,388.99
2023-01-19 16:17:00-05:00,389.0
2023-01-19 16:18:00-05:00,389.01
2023-01-19 16:19:00-05:00,389.01
2023-01-19 16:20:00-05:00,389.01
2023-01-19 16:21:00-05:00,389.02
2023-01-19 16:22:00-05:00,389.02
2023-01-19 16:23:00-05:00,389.04
2023-01-19 16:24:00-05:00,389.04
2023-01-19 16:25:00-05:00,389.04
2023-01-19 16:26:00-05:00,389.06
2023-01-19 16:27:00-05:00,389.12
2023-01-19 16:28:00-05:00,389.1
2023-01-19 16:29:00-05:00,389.09
2023-01-19 16:30:00-05:00,389.07
2023-01-19 16:31:00-05:00,389.05
2023-01-19 16:32:00-05:00,389.05
2023-01-19 16:33:00-05:00,389.07
2023-01-19 16:34:00-05:00,389.12
2023-01-19 16:35:00-05:00,389.14
2023-01-19 16:36:00-05:00,389.2
2023-01-19 16:37:00-05:00,389.33
2023-01-19 16:38:00-05:00,389.32
2023-01-19 16:39:00-05:00,389.29
2023-01-19 16:40:00-05:00,389.22
2023-01-19 16:41:00-05:00,389.22
2023-01-19 16:42:00-05:00,389.21
2023-01-19 16:43:00-05:00,389.18
2023-01-19 16:44:00-05:00,389.19
2023-01-19 16:45:00-05:00,389.2
2023-01-19 16:46:00-05:00,389.16
2023-01-19 16:47:00-05:00,389.13
2023-01-19 16:48:00-05:00,389.12
2023-01-19 16:49:00-05:00,389.15
2023-01-19 16:50:00-05:00,389.15
2023-01-19 16:51:00-05:00,389.15
2023-01-19 16:52:00-05:00,389.13
2023-01-19 16:53:00-05:00,389.16
2023-01-19 16:54:00-05:00,389.22
2023-01-19 16:55:00-05:00,389.22
2023-01-19 16:56:00-05:00,389.24
2023-01-19 16:57:00-05:00,389.22
2023-01-19 16:58:00-05:00,389.13
2023-01-19 16:59:00-05:00,389.15
2023-01-19 17:00:00-05:00,389.12
2023-01-19 17:01:00-05:00,389.12
2023-01-19 17:02:00-05:00,389.08
2023-01-19 17:03:00-05:00,389.12
2023-01-19 17:04:00-05:00,389.1
2023-01-19 17:05:00-05:00,389.12
2023-01-19 17:06:00-05:00,389.12
2023-01-19 17:07:00-05:00,389.1
2023-01-19 17:08:00-05:00,389.08
2023-01-19 17:09:00-05:00,389.08
2023-01-19 17:10:00-05:00,389.06
2023-01-19 17:11:00-05:00,389.0
2023-01-19 17:12:00-05:00,388.97
2023-01-19 17:13:00-05:00,389.18
2023-01-19 17:14:00-05:00,389.2
2023-01-19 17:15:00-05:00,389.06
2023-01-19 17:16:00-05:00,389.12
2023-01-19 17:17:00-05:00,389.12
2023-01-19 17:18:00-05:00,389.06
2023-01-19 17:19:00-05:00,389.01
2023-01-19 17:20:00-05:00,389.0
2023-01-19 17:21:00-05:00,389.0
2023-01-19 17:22:00-05:00,389.0
2023-01-19 17:23:00-05:00,389.0
2023-01-19 17:24:00-05:00,389.0
2023-01-19 17:25:00-05:00,389.0
2023-01-19 17:26:00-05:00,389.0
2023-01-19 17:27:00-05:00,389.1
2023-01-19 17:28:00-05:00,389.13
2023-01-19 17:29:00-05:00,389.12
2023-01-19 17:30:00-05:00,389.15
2023-01-19 17:31:00-05:00,389.15
2023-01-19 17:32:00-05:00,389.2
2023-01-19 17:33:00-05:00,389.31
2023-01-19 17:34:00-05:00,389.25
2023-01-19 17:35:00-05:00,389.31
2023-01-19 17:36:00-05:00,389.31
2023-01-19 17:37:00-05:00,389.27
2023-01-19 17:38:00-05:00,389.25
2023-01-19 17:39:00-05:00,389.24
2023-01-19 17:40:00-05:00,389.2
2023-01-19 17:41:00-05:00,389.19
2023-01-19 17:42:00-05:00,389.18
2023-01-19 17:43:00-05:00,389.2
2023-01-19 17:44:00-05:00,389.2
2023-01-19 17:45:00-05:00,389.2
2023-01-19 17:46:00-05:00,389.19
2023-01-19 17:47:00-05:00,389.2
2023-01-19 17:48:00-05:00,389.24
2023-01-19 17:49:00-05:00,389.25
2023-01-19 17:50:00-05:00,389.31
2023-01-19 17:51:00-05:00,389.3
2023-01-19 17:52:00-05:00,389.3
2023-01-19 17:53:00-05:00,389.34
2023-01-19 17:54:00-05:00,389.34
2023-01-19 17:55:00-05:00,389.35
2023-01-19 17:56:00-05:00,389.38
2023-01-19 17:57:00-05:00,389.38
2023-01-19 17:58:00-05:00,389.38
2023-01-19 17:59:00-05:00,389.39
2023-01-19 18:00:00-05:00,389.5
2023-01-19 18:01:00-05:00,389.39
2023-01-19 18:02:00-05:00,389.48
2023-01-19 18:03:00-05:00,389.52
2023-01-19 18:04:00-05:00,389.52
2023-01-19 18:05:00-05:00,389.39
2023-01-19 18:06:00-05:00,389.45
2023-01-19 18:07:00-05:00,389.425
2023-01-19 18:08:00-05:00,389.4
2023-01-19 18:09:00-05:00,389.49
2023-01-19 18:10:00-05:00,389.5
2023-01-19 18:11:00-05:00,389.45
2023-01-19 18:12:00-05:00,389.34
2023-01-19 18:13:00-05:00,389.34
2023-01-19 18:14:00-05:00,389.365
2023-01-19 18:15:00-05:00,389.44
2023-01-19 18:16:00-05:00,389.48
2023-01-19 18:17:00-05:00,389.5
2023-01-19 18:18:00-05:00,389.5
2023-01-19 18:19:00-05:00,389.49
2023-01-19 18:20:00-05:00,389.37
2023-01-19 18:21:00-05:00,389.37
2023-01-19 18:22:00-05:00,389.45
2023-01-19 18:23:00-05:00,389.44
2023-01-19 18:24:00-05:00,389.39
2023-01-19 18:25:00-05:00,389.43
2023-01-19 18:26:00-05:00,389.4
2023-01-19 18:27:00-05:00,389.38
2023-01-19 18:28:00-05:00,389.37
2023-01-19 18:29:00-05:00,389.32
2023-01-19 18:30:00-05:00,389.29
2023-01-19 18:31:00-05:00,389.22
2023-01-19 18:32:00-05:00,389.12
2023-01-19 18:33:00-05:00,389.16
2023-01-19 18:34:00-05:00,389.14
2023-01-19 18:35:00-05:00,389.21
2023-01-19 18:36:00-05:00,389.6899
2023-01-19 18:37:00-05:00,390.01
2023-01-19 18:38:00-05:00,389.18
2023-01-19 18:39:00-05:00,389.14
2023-01-19 18:40:00-05:00,389.4001
2023-01-19 18:41:00-05:00,389.17
2023-01-19 18:42:00-05:00,389.12
2023-01-19 18:43:00-05:00,389.08
2023-01-19 18:44:00-05:00,389.16
2023-01-19 18:45:00-05:00,389.12
2023-01-19 18:46:00-05:00,388.98
2023-01-19 18:47:00-05:00,388.98
2023-01-19 18:48:00-05:00,388.99
2023-01-19 18:49:00-05:00,388.96
2023-01-19 18:50:00-05:00,388.92
2023-01-19 18:51:00-05:00,388.95
2023-01-19 18:52:00-05:00,388.95
2023-01-19 18:53:00-05:00,388.94
2023-01-19 18:54:00-05:00,388.99
2023-01-19 18:55:00-05:00,389.02
2023-01-19 18:56:00-05:00,389.05
2023-01-19 18:57:00-05:00,389.07
2023-01-19 18:58:00-05:00,389.05
2023-01-19 18:59:00-05:00,389.03
2023-01-19 19:00:00-05:00,388.91
2023-01-19 19:01:00-05:00,388.92
2023-01-19 19:02:00-05:00,388.97
2023-01-19 19:03:00-05:00,389.07
2023-01-19 19:04:00-05:00,389.14
2023-01-19 19:05:00-05:00,389.15
2023-01-19 19:06:00-05:00,389.14
2023-01-19 19:07:00-05:00,389.14
2023-01-19 19:08:00-05:00,389.13
2023-01-19 19:09:00-05:00,389.13
2023-01-19 19:10:00-05:00,389.15
2023-01-19 19:11:00-05:00,389.19
2023-01-19 19:12:00-05:00,389.21
2023-01-19 19:13:00-05:00,389.24
2023-01-19 19:14:00-05:00,389.25
2023-01-19 19:15:00-05:00,389.23
2023-01-19 19:16:00-05:00,389.205
2023-01-19 19:17:00-05:00,389.24
2023-01-19 19:18:00-05:00,389.29
2023-01-19 19:19:00-05:00,389.305
2023-01-19 19:20:00-05:00,389.33
2023-01-19 19:21:00-05:00,389.3
2023-01-19 19:22:00-05:00,389.295
2023-01-19 19:23:00-05:00,389.35
2023-01-19 19:24:00-05:00,389.37
2023-01-19 19:25:00-05:00,389.4
2023-01-19 19:26:00-05:00,389.42
2023-01-19 19:27:00-05:00,389.4
2023-01-19 19:28:00-05:00,389.33
2023-01-19 19:29:00-05:00,389.3
2023-01-19 19:30:00-05:00,389.38
2023-01-19 19:31:00-05:00,389.37
2023-01-19 19:32:00-05:00,389.35
2023-01-19 19:33:00-05:00,389.33
2023-01-19 19:34:00-05:00,389.31
2023-01-19 19:35:00-05:00,389.37
2023-01-19 19:36:00-05:00,389.38
2023-01-19 19:37:00-05:00,389.49
2023-01-19 19:38:00-05:00,389.48
2023-01-19 19:39:00-05:00,389.55
2023-01-19 19:40:00-05:00,389.52
2023-01-19 19:41:00-05:00,389.46
2023-01-19 19:42:00-05:00,389.49
2023-01-19 19:43:00-05:00,389.4
2023-01-19 19:44:00-05:00,389.4
2023-01-19 19:45:00-05:00,389.4
2023-01-19 19:46:00-05:00,389.38
2023-01-19 19:47:00-05:00,389.4
2023-01-19 19:48:00-05:00,389.37
2023-01-19 19:49:00-05:00,389.37
2023-01-19 19:50:00-05:00,389.34
2023-01-19 19:51:00-05:00,389.34
2023-01-19 19:52:00-05:00,389.38
2023-01-19 19:53:00-05:00,389.36
2023-01-19 19:54:00-05:00,389.33
2023-01-19 19:55:00-05:00,389.34
2023-01-19 19:56:00-05:00,389.33
2023-01-19 19:57:00-05:00,389.34
2023-01-19 19:58:00-05:00,389.41
2023-01-19 19:59:00-05:00,389.43
2023-01-20 04:00:00-05:00,389.45
2023-01-20 04:01:00-05:00,389.4
2023-01-20 04:02:00-05:00,389.46
2023-01-20 04:03:00-05:00,389.42
2023-01-20 04:04:00-05:00,389.28
2023-01-20 04:05:00-05:00,389.19
2023-01-20 04:06:00-05:00,389.19
2023-01-20 04:07:00-05:00,389.01
2023-01-20 04:08:00-05:00,388.78
2023-01-20 04:09:00-05:00,388.85
2023-01-20 04:10:00-05:00,388.88
2023-01-20 04:11:00-05:00,388.73
2023-01-20 04:12:00-05:00,388.73
2023-01-20 04:13:00-05:00,388.7
2023-01-20 04:14:00-05:00,388.69
2023-01-20 04:15:00-05:00,388.76
2023-01-20 04:16:00-05:00,389.01
2023-01-20 04:17:00-05:00,389.17
2023-01-20 04:18:00-05:00,389.17
2023-01-20 04:19:00-05:00,389.21
2023-01-20 04:20:00-05:00,389.3
2023-01-20 04:21:00-05:00,389.48
2023-01-20 04:22:00-05:00,389.49
2023-01-20 04:23:00-05:00,389.46
2023-01-20 04:24:00-05:00,389.4
2023-01-20 04:25:00-05:00,389.44
2023-01-20 04:26:00-05:00,389.42
2023-01-20 04:27:00-05:00,389.49
2023-01-20 04:28:00-05:00,389.42
2023-01-20 04:29:00-05:00,389.36
2023-01-20 04:30:00-05:00,389.33
2023-01-20 04:31:00-05:00,389.28
2023-01-20 04:32:00-05:00,389.29
2023-01-20 04:33:00-05:00,389.37
2023-01-20 04:34:00-05:00,389.39
2023-01-20 04:35:00-05:00,389.36
2023-01-20 04:36:00-05:00,389.31
2023-01-20 04:37:00-05:00,389.22
2023-01-20 04:38:00-05:00,389.26
2023-01-20 04:39:00-05:00,389.3
2023-01-20 04:40:00-05:00,389.32
2023-01-20 04:41:00-05:00,389.25
2023-01-20 04:42:00-05:00,389.29
2023-01-20 04:43:00-05:00,389.22
2023-01-20 04:44:00-05:00,389.15
2023-01-20 04:45:00-05:00,389.11
2023-01-20 04:46:00-05:00,389.01
2023-01-20 04:47:00-05:00,389.02
2023-01-20 04:48:00-05:00,389.01
2023-01-20 04:49:00-05:00,389.06
2023-01-20 04:50:00-05:00,389.03
2023-01-20 04:51:00-05:00,389.09
2023-01-20 04:52:00-05:00,389.14
2023-01-20 04:53:00-05:00,389.12
2023-01-20 04:54:00-05:00,389.13
2023-01-20 04:56:00-05:00,389.0
2023-01-20 04:57:00-05:00,388.83
2023-01-20 04:58:00-05:00,388.84
2023-01-20 04:59:00-05:00,388.84
2023-01-20 05:00:00-05:00,388.81
2023-01-20 05:01:00-05:00,388.72
2023-01-20 05:02:00-05:00,388.78
2023-01-20 05:03:00-05:00,388.69
2023-01-20 05:04:00-05:00,388.68
2023-01-20 05:05:00-05:00,388.73
2023-01-20 05:06:00-05:00,388.67
2023-01-20 05:07:00-05:00,388.64
2023-01-20 05:08:00-05:00,388.62
2023-01-20 05:09:00-05:00,388.61
2023-01-20 05:10:00-05:00,388.52
2023-01-20 05:11:00-05:00,388.48
2023-01-20 05:12:00-05:00,388.71
2023-01-20 05:13:00-05:00,388.81
2023-01-20 05:14:00-05:00,388.98
2023-01-20 05:15:00-05:00,389.05
2023-01-20 05:16:00-05:00,389.09
2023-01-20 05:17:00-05:00,389.08
2023-01-20 05:18:00-05:00,389.1
2023-01-20 05:19:00-05:00,389.19
2023-01-20 05:20:00-05:00,389.13
2023-01-20 05:21:00-05:00,389.1
2023-01-20 05:22:00-05:00,389.1
2023-01-20 05:23:00-05:00,389.05
2023-01-20 05:24:00-05:00,389.0
2023-01-20 05:25:00-05:00,388.95
2023-01-20 05:26:00-05:00,388.94
2023-01-20 05:27:00-05:00,388.91
2023-01-20 05:28:00-05:00,388.8
2023-01-20 05:29:00-05:00,388.9
2023-01-20 05:30:00-05:00,389.19
2023-01-20 05:32:00-05:00,389.22
2023-01-20 05:33:00-05:00,389.21
2023-01-20 05:34:00-05:00,389.24
2023-01-20 05:35:00-05:00,389.26
2023-01-20 05:36:00-05:00,389.28
2023-01-20 05:37:00-05:00,389.28
2023-01-20 05:38:00-05:00,389.21
2023-01-20 05:39:00-05:00,389.07
2023-01-20 05:40:00-05:00,389.09
2023-01-20 05:41:00-05:00,389.0
2023-01-20 05:42:00-05:00,388.98
2023-01-20 05:43:00-05:00,388.9
2023-01-20 05:44:00-05:00,388.86
2023-01-20 05:45:00-05:00,388.94
2023-01-20 05:46:00-05:00,388.95
2023-01-20 05:47:00-05:00,389.0
2023-01-20 05:48:00-05:00,389.15
2023-01-20 05:49:00-05:00,389.28
2023-01-20 05:50:00-05:00,389.3
2023-01-20 05:52:00-05:00,389.28
2023-01-20 05:53:00-05:00,389.27
2023-01-20 05:54:00-05:00,389.3
2023-01-20 05:55:00-05:00,389.26
2023-01-20 05:56:00-05:00,389.26
2023-01-20 05:57:00-05:00,389.3
2023-01-20 05:58:00-05:00,389.43
2023-01-20 05:59:00-05:00,389.42
2023-01-20 06:00:00-05:00,389.3
2023-01-20 06:01:00-05:00,389.12
2023-01-20 06:02:00-05:00,389.08
2023-01-20 06:03:00-05:00,388.99
2023-01-20 06:04:00-05:00,389.08
2023-01-20 06:05:00-05:00,389.18
2023-01-20 06:06:00-05:00,389.16
2023-01-20 06:07:00-05:00,389.04
2023-01-20 06:08:00-05:00,389.08
2023-01-20 06:09:00-05:00,389.06
2023-01-20 06:10:00-05:00,389.02
2023-01-20 06:11:00-05:00,389.07
2023-01-20 06:12:00-05:00,389.07
2023-01-20 06:13:00-05:00,389.08
2023-01-20 06:14:00-05:00,389.03
2023-01-20 06:15:00-05:00,389.13
2023-01-20 06:16:00-05:00,389.17
2023-01-20 06:17:00-05:00,389.15
2023-01-20 06:18:00-05:00,389.19
2023-01-20 06:19:00-05:00,389.02
2023-01-20 06:20:00-05:00,389.01
2023-01-20 06:21:00-05:00,389.05
2023-01-20 06:22:00-05:00,388.98
2023-01-20 06:23:00-05:00,389.01
2023-01-20 06:24:00-05:00,388.99
2023-01-20 06:25:00-05:00,388.86
2023-01-20 06:26:00-05:00,388.82
2023-01-20 06:27:00-05:00,388.81
2023-01-20 06:29:00-05:00,389.06
2023-01-20 06:30:00-05:00,389.09
2023-01-20 06:31:00-05:00,389.1
2023-01-20 06:32:00-05:00,389.11
2023-01-20 06:33:00-05:00,389.29
2023-01-20 06:34:00-05:00,389.23
2023-01-20 06:35:00-05:00,389.12
2023-01-20 06:36:00-05:00,389.13
2023-01-20 06:37:00-05:00,389.17
2023-01-20 06:38:00-05:00,389.24
2023-01-20 06:39:00-05:00,389.05
2023-01-20 06:40:00-05:00,389.03
2023-01-20 06:41:00-05:00,388.98
2023-01-20 06:42:00-05:00,389.03
2023-01-20 06:43:00-05:00,389.04
2023-01-20 06:44:00-05:00,389.09
2023-01-20 06:45:00-05:00,389.07
2023-01-20 06:46:00-05:00,389.08
2023-01-20 06:47:00-05:00,389.13
2023-01-20 06:48:00-05:00,389.14
2023-01-20 06:49:00-05:00,389.07
2023-01-20 06:50:00-05:00,389.01
2023-01-20 06:51:00-05:00,389.09
2023-01-20 06:53:00-05:00,388.99
2023-01-20 06:55:00-05:00,388.99
2023-01-20 06:56:00-05:00,389.09
2023-01-20 06:57:00-05:00,389.19
2023-01-20 06:58:00-05:00,389.1
2023-01-20 06:59:00-05:00,389.1
2023-01-20 07:00:00-05:00,389.06
2023-01-20 07:01:00-05:00,389.02
2023-01-20 07:02:00-05:00,388.95
2023-01-20 07:03:00-05:00,389.01
2023-01-20 07:04:00-05:00,388.93
2023-01-20 07:05:00-05:00,389.0
2023-01-20 07:06:00-05:00,389.05
2023-01-20 07:07:00-05:00,389.07
2023-01-20 07:08:00-05:00,389.01
2023-01-20 07:09:00-05:00,389.03
2023-01-20 07:10:00-05:00,389.07
2023-01-20 07:11:00-05:00,389.16
2023-01-20 07:12:00-05:00,389.19
2023-01-20 07:13:00-05:00,389.22
2023-01-20 07:14:00-05:00,389.24
2023-01-20 07:15:00-05:00,389.25
2023-01-20 07:16:00-05:00,389.15
2023-01-20 07:17:00-05:00,389.13
2023-01-20 07:18:00-05:00,389.15
2023-01-20 07:19:00-05:00,389.21
2023-01-20 07:20:00-05:00,389.19
2023-01-20 07:21:00-05:00,389.19
2023-01-20 07:22:00-05:00,389.06
2023-01-20 07:23:00-05:00,389.02
2023-01-20 07:24:00-05:00,389.03
2023-01-20 07:25:00-05:00,389.04
2023-01-20 07:26:00-05:00,389.15
2023-01-20 07:27:00-05:00,389.22
2023-01-20 07:28:00-05:00,389.27
2023-01-20 07:29:00-05:00,389.25
2023-01-20 07:30:00-05:00,389.38
2023-01-20 07:31:00-05:00,389.43
2023-01-20 07:32:00-05:00,389.43
2023-01-20 07:33:00-05:00,389.51
2023-01-20 07:34:00-05:00,389.54
2023-01-20 07:35:00-05:00,389.62
2023-01-20 07:36:00-05:00,389.61
2023-01-20 07:37:00-05:00,389.62
2023-01-20 07:38:00-05:00,389.65
2023-01-20 07:39:00-05:00,389.7
2023-01-20 07:40:00-05:00,389.75
2023-01-20 07:41:00-05:00,389.81
2023-01-20 07:42:00-05:00,389.88
2023-01-20 07:43:00-05:00,389.96
2023-01-20 07:44:00-05:00,389.85
2023-01-20 07:45:00-05:00,389.85
2023-01-20 07:46:00-05:00,389.89
2023-01-20 07:47:00-05:00,389.96
2023-01-20 07:48:00-05:00,389.95
2023-01-20 07:49:00-05:00,389.96
2023-01-20 07:50:00-05:00,390.02
2023-01-20 07:51:00-05:00,390.02
2023-01-20 07:52:00-05:00,389.94
2023-01-20 07:53:00-05:00,390.0
2023-01-20 07:54:00-05:00,389.99
2023-01-20 07:55:00-05:00,389.98
2023-01-20 07:56:00-05:00,390.01
2023-01-20 07:57:00-05:00,390.03
2023-01-20 07:58:00-05:00,389.97
2023-01-20 07:59:00-05:00,389.91
2023-01-20 08:00:00-05:00,390.03
2023-01-20 08:01:00-05:00,390.28
2023-01-20 08:02:00-05:00,389.97
2023-01-20 08:03:00-05:00,389.94
2023-01-20 08:04:00-05:00,390.05
2023-01-20 08:05:00-05:00,390.06
2023-01-20 08:06:00-05:00,390.14
2023-01-20 08:07:00-05:00,390.2
2023-01-20 08:08:00-05:00,390.2
2023-01-20 08:09:00-05:00,390.02
2023-01-20 08:10:00-05:00,390.04
2023-01-20 08:11:00-05:00,390.05
2023-01-20 08:12:00-05:00,390.0
2023-01-20 08:13:00-05:00,389.95
2023-01-20 08:14:00-05:00,389.97
2023-01-20 08:15:00-05:00,389.94
2023-01-20 08:16:00-05:00,389.97
2023-01-20 08:17:00-05:00,389.89
2023-01-20 08:18:00-05:00,389.85
2023-01-20 08:19:00-05:00,389.82
2023-01-20 08:20:00-05:00,389.9
2023-01-20 08:21:00-05:00,389.86
2023-01-20 08:22:00-05:00,389.75
2023-01-20 08:23:00-05:00,389.77
2023-01-20 08:24:00-05:00,389.76
2023-01-20 08:25:00-05:00,389.74
2023-01-20 08:26:00-05:00,389.8
2023-01-20 08:27:00-05:00,389.71
2023-01-20 08:28:00-05:00,389.66
2023-01-20 08:29:00-05:00,389.62
2023-01-20 08:30:00-05:00,389.53
2023-01-20 08:31:00-05:00,389.5
2023-01-20 08:32:00-05:00,389.53
2023-01-20 08:33:00-05:00,389.6
2023-01-20 08:34:00-05:00,389.6
2023-01-20 08:35:00-05:00,389.51
2023-01-20 08:36:00-05:00,389.39
2023-01-20 08:37:00-05:00,389.42
2023-01-20 08:38:00-05:00,389.44
2023-01-20 08:39:00-05:00,389.5
2023-01-20 08:40:00-05:00,389.5
2023-01-20 08:41:00-05:00,389.52
2023-01-20 08:42:00-05:00,389.61
2023-01-20 08:43:00-05:00,389.68
2023-01-20 08:44:00-05:00,389.58
2023-01-20 08:45:00-05:00,389.68
2023-01-20 08:46:00-05:00,389.69
2023-01-20 08:47:00-05:00,389.63
2023-01-20 08:48:00-05:00,389.56
2023-01-20 08:49:00-05:00,389.5
2023-01-20 08:50:00-05:00,389.41
2023-01-20 08:51:00-05:00,389.35
2023-01-20 08:52:00-05:00,389.34
2023-01-20 08:53:00-05:00,389.32
2023-01-20 08:54:00-05:00,389.29
2023-01-20 08:55:00-05:00,389.26
2023-01-20 08:56:00-05:00,389.21
2023-01-20 08:57:00-05:00,389.1293
2023-01-20 08:58:00-05:00,389.22
2023-01-20 08:59:00-05:00,389.18
2023-01-20 09:00:00-05:00,389.14
2023-01-20 09:01:00-05:00,389.19
2023-01-20 09:02:00-05:00,389.19
2023-01-20 09:03:00-05:00,389.28
2023-01-20 09:04:00-05:00,389.3
2023-01-20 09:05:00-05:00,389.31
2023-01-20 09:06:00-05:00,389.45
2023-01-20 09:07:00-05:00,389.46
2023-01-20 09:08:00-05:00,389.48
2023-01-20 09:09:00-05:00,389.48
2023-01-20 09:10:00-05:00,389.58
2023-01-20 09:11:00-05:00,389.6
2023-01-20 09:12:00-05:00,389.615
2023-01-20 09:13:00-05:00,389.64
2023-01-20 09:14:00-05:00,389.7
2023-01-20 09:30:00-05:00,390.1000061035156
2023-01-20 09:31:00-05:00,389.5
2023-01-20 09:32:00-05:00,389.489990234375
2023-01-20 09:33:00-05:00,389.2687072753906
2023-01-20 09:34:00-05:00,389.0400085449219
2023-01-20 09:35:00-05:00,388.9400024414063
2023-01-20 09:36:00-05:00,388.9400024414063
2023-01-20 09:37:00-05:00,388.989990234375
2023-01-20 09:38:00-05:00,388.8900146484375
2023-01-20 09:39:00-05:00,389.1000061035156
2023-01-20 09:40:00-05:00,389.1499938964844
2023-01-20 09:41:00-05:00,389.3450012207031
2023-01-20 09:42:00-05:00,389.3298950195313
2023-01-20 09:43:00-05:00,389.6600036621094
2023-01-20 09:44:00-05:00,389.7099914550781
2023-01-20 09:45:00-05:00,389.6700134277344
2023-01-20 09:46:00-05:00,389.6000061035156
2023-01-20 09:47:00-05:00,389.55999755859375
2023-01-20 09:48:00-05:00,389.6600036621094
2023-01-20 09:49:00-05:00,389.6099853515625
2023-01-20 09:50:00-05:00,389.5499877929688
2023-01-20 09:51:00-05:00,389.864990234375
2023-01-20 09:52:00-05:00,390.0299987792969
2023-01-20 09:53:00-05:00,389.9700927734375
2023-01-20 09:54:00-05:00,389.7799987792969
2023-01-20 09:55:00-05:00,389.7099914550781
2023-01-20 09:56:00-05:00,389.8800048828125
2023-01-20 09:57:00-05:00,390.0899963378906
2023-01-20 09:58:00-05:00,390.0799865722656
2023-01-20 09:59:00-05:00,389.875
2023-01-20 10:00:00-05:00,389.7500915527344
2023-01-20 10:01:00-05:00,389.6300048828125
2023-01-20 10:02:00-05:00,389.8599853515625
2023-01-20 10:03:00-05:00,389.9400024414063
2023-01-20 10:04:00-05:00,389.9400024414063
2023-01-20 10:05:00-05:00,390.3699951171875
2023-01-20 10:06:00-05:00,390.6400146484375
2023-01-20 10:07:00-05:00,390.6499938964844
2023-01-20 10:08:00-05:00,390.8200073242188
2023-01-20 10:09:00-05:00,390.8150024414063
2023-01-20 10:10:00-05:00,390.760009765625
2023-01-20 10:11:00-05:00,390.6799926757813
2023-01-20 10:12:00-05:00,390.7000122070313
2023-01-20 10:13:00-05:00,390.6708984375
2023-01-20 10:14:00-05:00,390.690185546875
2023-01-20 10:15:00-05:00,390.4200134277344
2023-01-20 10:16:00-05:00,390.3200073242188
2023-01-20 10:17:00-05:00,390.3500061035156
2023-01-20 10:18:00-05:00,390.15771484375
2023-01-20 10:19:00-05:00,390.1900024414063
2023-01-20 10:20:00-05:00,390.25
2023-01-20 10:21:00-05:00,390.4299926757813
2023-01-20 10:22:00-05:00,390.6499938964844
2023-01-20 10:23:00-05:00,390.5700073242188
2023-01-20 10:24:00-05:00,390.5799865722656
2023-01-20 10:25:00-05:00,390.5299987792969
2023-01-20 10:26:00-05:00,390.4399108886719
2023-01-20 10:27:00-05:00,390.5899963378906
2023-01-20 10:28:00-05:00,390.7699890136719
2023-01-20 10:29:00-05:00,391.0499877929688
2023-01-20 10:30:00-05:00,391.1700134277344
2023-01-20 10:31:00-05:00,391.1199951171875
2023-01-20 10:32:00-05:00,391.0299987792969
2023-01-20 10:33:00-05:00,390.989990234375
2023-01-20 10:34:00-05:00,390.8999938964844
2023-01-20 10:35:00-05:00,390.9400024414063
2023-01-20 10:36:00-05:00,390.9700012207031
2023-01-20 10:37:00-05:00,390.9599914550781
2023-01-20 10:38:00-05:00,390.9700012207031
2023-01-20 10:39:00-05:00,390.8599853515625
2023-01-20 10:40:00-05:00,390.8999938964844
2023-01-20 10:41:00-05:00,390.7300109863281
2023-01-20 10:42:00-05:00,390.7900085449219
2023-01-20 10:43:00-05:00,390.7999877929688
2023-01-20 10:44:00-05:00,390.6600036621094
2023-01-20 10:45:00-05:00,390.6400146484375
2023-01-20 10:46:00-05:00,390.7300109863281
2023-01-20 10:47:00-05:00,390.5499877929688
2023-01-20 10:48:00-05:00,390.6900024414063
2023-01-20 10:49:00-05:00,390.6700134277344
2023-01-20 10:50:00-05:00,390.739990234375
2023-01-20 10:51:00-05:00,390.5799865722656
2023-01-20 10:52:00-05:00,390.6199951171875
2023-01-20 10:53:00-05:00,390.6499938964844
2023-01-20 10:54:00-05:00,390.80999755859375
2023-01-20 10:55:00-05:00,390.9700012207031
2023-01-20 10:56:00-05:00,391.0299987792969
2023-01-20 10:57:00-05:00,390.989990234375
2023-01-20 10:58:00-05:00,390.9599914550781
2023-01-20 10:59:00-05:00,390.826904296875
2023-01-20 11:00:00-05:00,390.9177856445313
2023-01-20 11:01:00-05:00,391.2799987792969
2023-01-20 11:02:00-05:00,391.3550109863281
2023-01-20 11:03:00-05:00,391.4400024414063
2023-01-20 11:04:00-05:00,391.4299926757813
2023-01-20 11:05:00-05:00,391.4154052734375
2023-01-20 11:06:00-05:00,391.3399963378906
2023-01-20 11:07:00-05:00,391.4599914550781
2023-01-20 11:08:00-05:00,391.4100036621094
2023-01-20 11:09:00-05:00,391.3599853515625
2023-01-20 11:10:00-05:00,391.4599914550781
2023-01-20 11:11:00-05:00,391.7699890136719
2023-01-20 11:12:00-05:00,391.9549865722656
2023-01-20 11:13:00-05:00,391.8399963378906
2023-01-20 11:14:00-05:00,391.7799987792969
2023-01-20 11:15:00-05:00,391.9200134277344
2023-01-20 11:16:00-05:00,391.9100036621094
2023-01-20 11:17:00-05:00,391.8599853515625
2023-01-20 11:18:00-05:00,391.8399963378906
2023-01-20 11:19:00-05:00,391.8900146484375
2023-01-20 11:20:00-05:00,391.9599914550781
2023-01-20 11:21:00-05:00,391.75
2023-01-20 11:22:00-05:00,391.6799926757813
2023-01-20 11:23:00-05:00,391.8399963378906
2023-01-20 11:24:00-05:00,391.8999938964844
2023-01-20 11:25:00-05:00,391.8299865722656
2023-01-20 11:26:00-05:00,391.9599914550781
2023-01-20 11:27:00-05:00,392.0400085449219
2023-01-20 11:28:00-05:00,392.1499938964844
2023-01-20 11:29:00-05:00,392.4200134277344
2023-01-20 11:30:00-05:00,392.4800109863281
2023-01-20 11:31:00-05:00,392.3580017089844
2023-01-20 11:32:00-05:00,392.4500122070313
2023-01-20 11:33:00-05:00,392.4800109863281
2023-01-20 11:34:00-05:00,392.4400024414063
2023-01-20 11:35:00-05:00,392.4200134277344
2023-01-20 11:36:00-05:00,392.25
2023-01-20 11:37:00-05:00,392.08990478515625
2023-01-20 11:38:00-05:00,392.0750122070313
2023-01-20 11:39:00-05:00,391.989990234375
2023-01-20 11:40:00-05:00,391.9500122070313
2023-01-20 11:41:00-05:00,391.9200134277344
2023-01-20 11:42:00-05:00,391.8699951171875
2023-01-20 11:43:00-05:00,391.9599914550781
2023-01-20 11:44:00-05:00,391.9100036621094
2023-01-20 11:45:00-05:00,391.8800048828125
2023-01-20 11:46:00-05:00,391.989990234375
2023-01-20 11:47:00-05:00,392.1300048828125
2023-01-20 11:48:00-05:00,392.1600036621094
2023-01-20 11:49:00-05:00,392.1506042480469
2023-01-20 11:50:00-05:00,392.05999755859375
2023-01-20 11:51:00-05:00,392.0199890136719
2023-01-20 11:52:00-05:00,391.9800109863281
2023-01-20 11:53:00-05:00,392.0299987792969
2023-01-20 11:54:00-05:00,391.9500122070313
2023-01-20 11:55:00-05:00,391.8299865722656
2023-01-20 11:56:00-05:00,391.9200134277344
2023-01-20 11:57:00-05:00,391.9150085449219
2023-01-20 11:58:00-05:00,391.9599914550781
2023-01-20 11:59:00-05:00,391.7999877929688
2023-01-20 12:00:00-05:00,391.889892578125
2023-01-20 12:01:00-05:00,391.8900146484375
2023-01-20 12:02:00-05:00,392.014892578125
2023-01-20 12:03:00-05:00,392.0299987792969
2023-01-20 12:04:00-05:00,392.0249938964844
2023-01-20 12:05:00-05:00,392.0299987792969
2023-01-20 12:06:00-05:00,392.05999755859375
2023-01-20 12:07:00-05:00,391.9999084472656
2023-01-20 12:08:00-05:00,392.1700134277344
2023-01-20 12:09:00-05:00,392.1400146484375
2023-01-20 12:10:00-05:00,392.0051879882813
2023-01-20 12:11:00-05:00,392.0198974609375
2023-01-20 12:12:00-05:00,392.1000061035156
2023-01-20 12:13:00-05:00,392.0700073242188
2023-01-20 12:14:00-05:00,392.0799865722656
2023-01-20 12:15:00-05:00,392.0050048828125
2023-01-20 12:16:00-05:00,392.0799865722656
2023-01-20 12:17:00-05:00,392.1499938964844
2023-01-20 12:18:00-05:00,392.1900024414063
2023-01-20 12:19:00-05:00,392.1799926757813
2023-01-20 12:20:00-05:00,392.2799987792969
2023-01-20 12:21:00-05:00,392.2900085449219
2023-01-20 12:22:00-05:00,392.25
2023-01-20 12:23:00-05:00,392.1199951171875
2023-01-20 12:24:00-05:00,392.2200012207031
2023-01-20 12:25:00-05:00,392.2200012207031
2023-01-20 12:26:00-05:00,392.18011474609375
2023-01-20 12:27:00-05:00,392.2300109863281
2023-01-20 12:28:00-05:00,392.2999877929688
2023-01-20 12:29:00-05:00,392.1669921875
2023-01-20 12:30:00-05:00,392.0750122070313
2023-01-20 12:31:00-05:00,392.0799865722656
2023-01-20 12:32:00-05:00,391.9700012207031
2023-01-20 12:33:00-05:00,391.9800109863281
2023-01-20 12:34:00-05:00,392.0199890136719
2023-01-20 12:35:00-05:00,391.9750061035156
2023-01-20 12:36:00-05:00,391.9599914550781
2023-01-20 12:37:00-05:00,391.9599914550781
2023-01-20 12:38:00-05:00,392.0249938964844
2023-01-20 12:39:00-05:00,392.0899963378906
2023-01-20 12:40:00-05:00,392.1499938964844
2023-01-20 12:41:00-05:00,392.1499938964844
2023-01-20 12:42:00-05:00,392.1950073242188
2023-01-20 12:43:00-05:00,392.1499938964844
2023-01-20 12:44:00-05:00,392.1549987792969
2023-01-20 12:45:00-05:00,392.0499877929688
2023-01-20 12:46:00-05:00,392.05999755859375
2023-01-20 12:47:00-05:00,392.0700073242188
2023-01-20 12:48:00-05:00,392.0799865722656
2023-01-20 12:49:00-05:00,392.1000061035156
2023-01-20 12:50:00-05:00,392.1578063964844
2023-01-20 12:51:00-05:00,392.3200073242188
2023-01-20 12:52:00-05:00,392.2998962402344
2023-01-20 12:53:00-05:00,392.3299865722656
2023-01-20 12:54:00-05:00,392.2699890136719
2023-01-20 12:55:00-05:00,392.2300109863281
2023-01-20 12:56:00-05:00,392.0549926757813
2023-01-20 12:57:00-05:00,392.1025085449219
2023-01-20 12:58:00-05:00,392.0199890136719
2023-01-20 12:59:00-05:00,391.9700012207031
2023-01-20 13:00:00-05:00,392.29681396484375
2023-01-20 13:01:00-05:00,392.3200073242188
2023-01-20 13:02:00-05:00,392.4200134277344
2023-01-20 13:03:00-05:00,392.3999938964844
2023-01-20 13:04:00-05:00,392.1998901367188
2023-01-20 13:05:00-05:00,392.1099853515625
2023-01-20 13:06:00-05:00,392.1900024414063
2023-01-20 13:07:00-05:00,392.0450134277344
2023-01-20 13:08:00-05:00,392.0
2023-01-20 13:09:00-05:00,392.0199890136719
2023-01-20 13:10:00-05:00,391.9400024414063
2023-01-20 13:11:00-05:00,391.5130004882813
2023-01-20 13:12:00-05:00,391.5400085449219
2023-01-20 13:13:00-05:00,391.8499145507813
2023-01-20 13:14:00-05:00,392.1799926757813
2023-01-20 13:15:00-05:00,392.1600036621094
2023-01-20 13:16:00-05:00,392.1600036621094
2023-01-20 13:17:00-05:00,392.0877075195313
2023-01-20 13:18:00-05:00,392.05999755859375
2023-01-20 13:19:00-05:00,391.93011474609375
2023-01-20 13:20:00-05:00,391.4200134277344
2023-01-20 13:21:00-05:00,391.5499877929688
2023-01-20 13:22:00-05:00,391.4500122070313
2023-01-20 13:23:00-05:00,391.5
2023-01-20 13:24:00-05:00,391.5400085449219
2023-01-20 13:25:00-05:00,391.6700134277344
2023-01-20 13:26:00-05:00,391.7200012207031
2023-01-20 13:27:00-05:00,391.5899963378906
2023-01-20 13:28:00-05:00,391.6600036621094
2023-01-20 13:29:00-05:00,391.6900024414063
2023-01-20 13:30:00-05:00,391.9100036621094
2023-01-20 13:31:00-05:00,391.9999084472656
2023-01-20 13:32:00-05:00,392.1799926757813
2023-01-20 13:33:00-05:00,392.2200012207031
2023-01-20 13:34:00-05:00,392.1799926757813
2023-01-20 13:35:00-05:00,392.2489013671875
2023-01-20 13:36:00-05:00,392.6199951171875
2023-01-20 13:37:00-05:00,392.8500061035156
2023-01-20 13:38:00-05:00,392.9205932617188
2023-01-20 13:39:00-05:00,392.8799133300781
2023-01-20 13:40:00-05:00,392.9320068359375
2023-01-20 13:41:00-05:00,392.9400024414063
2023-01-20 13:42:00-05:00,392.83990478515625
2023-01-20 13:43:00-05:00,392.8500061035156
2023-01-20 13:44:00-05:00,392.8500061035156
2023-01-20 13:45:00-05:00,392.9100036621094
2023-01-20 13:46:00-05:00,392.875
2023-01-20 13:47:00-05:00,392.8599853515625
2023-01-20 13:48:00-05:00,392.989990234375
2023-01-20 13:49:00-05:00,393.409912109375
2023-01-20 13:50:00-05:00,393.6000061035156
2023-01-20 13:51:00-05:00,393.5779113769531
2023-01-20 13:52:00-05:00,393.4800109863281
2023-01-20 13:53:00-05:00,393.5400085449219
2023-01-20 13:54:00-05:00,393.4599914550781
2023-01-20 13:55:00-05:00,393.3900146484375
2023-01-20 13:56:00-05:00,393.30999755859375
2023-01-20 13:57:00-05:00,393.4500122070313
2023-01-20 13:58:00-05:00,393.5201110839844
2023-01-20 13:59:00-05:00,393.4989929199219
2023-01-20 14:00:00-05:00,393.5400085449219
2023-01-20 14:01:00-05:00,393.3299865722656
2023-01-20 14:02:00-05:00,393.4400024414063
2023-01-20 14:03:00-05:00,393.3521118164063
2023-01-20 14:04:00-05:00,393.4200134277344
2023-01-20 14:05:00-05:00,393.4699096679688
2023-01-20 14:06:00-05:00,393.3800964355469
2023-01-20 14:07:00-05:00,393.4450073242188
2023-01-20 14:08:00-05:00,393.4800109863281
2023-01-20 14:09:00-05:00,393.4800109863281
2023-01-20 14:10:00-05:00,393.55999755859375
2023-01-20 14:11:00-05:00,393.6900024414063
2023-01-20 14:12:00-05:00,393.7099914550781
2023-01-20 14:13:00-05:00,393.7099914550781
2023-01-20 14:14:00-05:00,393.739990234375
2023-01-20 14:15:00-05:00,393.8399963378906
2023-01-20 14:16:00-05:00,393.7999877929688
2023-01-20 14:17:00-05:00,393.7200012207031
2023-01-20 14:18:00-05:00,393.7550048828125
2023-01-20 14:19:00-05:00,393.7200012207031
2023-01-20 14:20:00-05:00,393.625
2023-01-20 14:21:00-05:00,393.7000122070313
2023-01-20 14:22:00-05:00,393.8999938964844
2023-01-20 14:23:00-05:00,393.8699951171875
2023-01-20 14:24:00-05:00,393.9100036621094
2023-01-20 14:25:00-05:00,393.8810119628906
2023-01-20 14:26:00-05:00,393.9700012207031
2023-01-20 14:27:00-05:00,393.9299011230469
2023-01-20 14:28:00-05:00,393.9500122070313
2023-01-20 14:29:00-05:00,393.9450073242188
2023-01-20 14:30:00-05:00,394.0799865722656
2023-01-20 14:31:00-05:00,394.1499938964844
2023-01-20 14:32:00-05:00,394.3399963378906
2023-01-20 14:33:00-05:00,394.33990478515625
2023-01-20 14:34:00-05:00,394.2099914550781
2023-01-20 14:35:00-05:00,394.2099914550781
2023-01-20 14:36:00-05:00,394.2300109863281
2023-01-20 14:37:00-05:00,394.1099853515625
2023-01-20 14:38:00-05:00,394.1700134277344
2023-01-20 14:39:00-05:00,394.2300109863281
2023-01-20 14:40:00-05:00,394.2999877929688
2023-01-20 14:41:00-05:00,394.239990234375
2023-01-20 14:42:00-05:00,394.1799926757813
2023-01-20 14:43:00-05:00,394.239990234375
2023-01-20 14:44:00-05:00,394.2598876953125
2023-01-20 14:45:00-05:00,394.2200012207031
2023-01-20 14:46:00-05:00,394.1799926757813
2023-01-20 14:47:00-05:00,394.0798950195313
2023-01-20 14:48:00-05:00,394.1600036621094
2023-01-20 14:49:00-05:00,394.010009765625
2023-01-20 14:50:00-05:00,394.0299987792969
2023-01-20 14:51:00-05:00,393.9599914550781
2023-01-20 14:52:00-05:00,393.8924865722656
2023-01-20 14:53:00-05:00,394.0
2023-01-20 14:54:00-05:00,394.0199890136719
2023-01-20 14:55:00-05:00,393.9400024414063
2023-01-20 14:56:00-05:00,393.989990234375
2023-01-20 14:57:00-05:00,393.9800109863281
2023-01-20 14:58:00-05:00,394.1799926757813
2023-01-20 14:59:00-05:00,394.3500061035156
2023-01-20 15:00:00-05:00,394.6600036621094
2023-01-20 15:01:00-05:00,394.614990234375
2023-01-20 15:02:00-05:00,394.6900024414063
2023-01-20 15:03:00-05:00,394.7699890136719
2023-01-20 15:04:00-05:00,394.7999877929688
2023-01-20 15:05:00-05:00,394.7799987792969
2023-01-20 15:06:00-05:00,394.8399963378906
2023-01-20 15:07:00-05:00,394.8900146484375
2023-01-20 15:08:00-05:00,395.0499877929688
2023-01-20 15:09:00-05:00,395.0299987792969
2023-01-20 15:10:00-05:00,394.9820861816406
2023-01-20 15:11:00-05:00,395.05999755859375
2023-01-20 15:12:00-05:00,395.260009765625
2023-01-20 15:13:00-05:00,395.4299926757813
2023-01-20 15:14:00-05:00,395.4599914550781
2023-01-20 15:15:00-05:00,395.7900085449219
2023-01-20 15:16:00-05:00,395.75
2023-01-20 15:17:00-05:00,395.659912109375
2023-01-20 15:18:00-05:00,395.6700134277344
2023-01-20 15:19:00-05:00,395.6600036621094
2023-01-20 15:20:00-05:00,395.5499877929688
2023-01-20 15:21:00-05:00,395.30999755859375
2023-01-20 15:22:00-05:00,395.1799926757813
2023-01-20 15:23:00-05:00,395.0799865722656
2023-01-20 15:24:00-05:00,395.0199890136719
2023-01-20 15:25:00-05:00,395.1099853515625
2023-01-20 15:26:00-05:00,395.1199951171875
2023-01-20 15:27:00-05:00,395.135009765625
2023-01-20 15:28:00-05:00,395.2900085449219
2023-01-20 15:29:00-05:00,395.2799987792969
2023-01-20 15:30:00-05:00,395.3599853515625
2023-01-20 15:31:00-05:00,395.3299865722656
2023-01-20 15:32:00-05:00,395.4200134277344
2023-01-20 15:33:00-05:00,395.4049987792969
2023-01-20 15:34:00-05:00,395.3399963378906
2023-01-20 15:35:00-05:00,395.0799865722656
2023-01-20 15:36:00-05:00,394.93951416015625
2023-01-20 15:37:00-05:00,395.0400085449219
2023-01-20 15:38:00-05:00,395.1700134277344
2023-01-20 15:39:00-05:00,395.2149963378906
2023-01-20 15:40:00-05:00,395.2099914550781
2023-01-20 15:41:00-05:00,395.239990234375
2023-01-20 15:42:00-05:00,395.239990234375
2023-01-20 15:43:00-05:00,395.2200012207031
2023-01-20 15:44:00-05:00,395.1120910644531
2023-01-20 15:45:00-05:00,395.0474853515625
2023-01-20 15:46:00-05:00,395.0299987792969
2023-01-20 15:47:00-05:00,395.2349853515625
2023-01-20 15:48:00-05:00,395.2799987792969
2023-01-20 15:49:00-05:00,395.3999938964844
2023-01-20 15:50:00-05:00,395.4700012207031
2023-01-20 15:51:00-05:00,395.510009765625
2023-01-20 15:52:00-05:00,395.8299865722656
2023-01-20 15:53:00-05:00,395.7900085449219
2023-01-20 15:54:00-05:00,395.8399963378906
2023-01-20 15:55:00-05:00,396.010009765625
2023-01-20 15:56:00-05:00,396.03948974609375
2023-01-20 15:57:00-05:00,396.0249938964844
2023-01-20 15:58:00-05:00,395.8049926757813
2023-01-20 15:59:00-05:00,395.8399963378906
2023-01-20 16:00:00-05:00,395.88
2023-01-20 16:01:00-05:00,395.62
2023-01-20 16:02:00-05:00,395.68
2023-01-20 16:03:00-05:00,395.76
2023-01-20 16:04:00-05:00,395.75
2023-01-20 16:05:00-05:00,395.74
2023-01-20 16:06:00-05:00,395.979
2023-01-20 16:07:00-05:00,395.9788
2023-01-20 16:08:00-05:00,395.98
2023-01-20 16:09:00-05:00,395.9
2023-01-20 16:10:00-05:00,395.9792
2023-01-20 16:11:00-05:00,395.61
2023-01-20 16:12:00-05:00,395.56
2023-01-20 16:13:00-05:00,395.72
2023-01-20 16:14:00-05:00,395.71
2023-01-20 16:15:00-05:00,395.88
2023-01-20 16:16:00-05:00,395.66
2023-01-20 16:17:00-05:00,395.61
2023-01-20 16:18:00-05:00,395.57
2023-01-20 16:19:00-05:00,395.88
2023-01-20 16:20:00-05:00,395.88
2023-01-20 16:21:00-05:00,395.67
2023-01-20 16:22:00-05:00,395.65
2023-01-20 16:23:00-05:00,395.66
2023-01-20 16:24:00-05:00,395.75
2023-01-20 16:25:00-05:00,395.75
2023-01-20 16:26:00-05:00,395.73
2023-01-20 16:27:00-05:00,395.69
2023-01-20 16:28:00-05:00,395.705
2023-01-20 16:29:00-05:00,395.66
2023-01-20 16:30:00-05:00,395.68
2023-01-20 16:31:00-05:00,395.7
2023-01-20 16:32:00-05:00,395.69
2023-01-20 16:33:00-05:00,395.88
2023-01-20 16:34:00-05:00,395.8
2023-01-20 16:35:00-05:00,395.82
2023-01-20 16:36:00-05:00,395.81
2023-01-20 16:37:00-05:00,395.88
2023-01-20 16:38:00-05:00,395.73
2023-01-20 16:39:00-05:00,395.73
2023-01-20 16:40:00-05:00,395.73
2023-01-20 16:41:00-05:00,395.7
2023-01-20 16:42:00-05:00,395.72
2023-01-20 16:43:00-05:00,395.75
2023-01-20 16:44:00-05:00,395.75
2023-01-20 16:45:00-05:00,395.68
2023-01-20 16:46:00-05:00,395.72
2023-01-20 16:47:00-05:00,395.72
2023-01-20 16:48:00-05:00,395.71
2023-01-20 16:49:00-05:00,395.7
2023-01-20 16:50:00-05:00,395.73
2023-01-20 16:51:00-05:00,395.75
2023-01-20 16:52:00-05:00,395.78
2023-01-20 16:53:00-05:00,395.77
2023-01-20 16:54:00-05:00,395.77
2023-01-20 16:55:00-05:00,395.78
2023-01-20 16:56:00-05:00,395.75
2023-01-20 16:58:00-05:00,395.88
2023-01-20 16:59:00-05:00,395.88
2023-01-20 17:00:00-05:00,395.85
2023-01-20 17:01:00-05:00,395.84
2023-01-20 17:02:00-05:00,395.88
2023-01-20 17:03:00-05:00,395.82
2023-01-20 17:04:00-05:00,395.84
2023-01-20 17:05:00-05:00,395.85
2023-01-20 17:06:00-05:00,395.88
2023-01-20 17:07:00-05:00,395.87
2023-01-20 17:08:00-05:00,395.9
2023-01-20 17:09:00-05:00,395.88
2023-01-20 17:10:00-05:00,395.88
2023-01-20 17:11:00-05:00,395.87
2023-01-20 17:12:00-05:00,395.88
2023-01-20 17:13:00-05:00,395.87
2023-01-20 17:14:00-05:00,395.88
2023-01-20 17:15:00-05:00,395.95
2023-01-20 17:16:00-05:00,396.02
2023-01-20 17:17:00-05:00,396.02
2023-01-20 17:18:00-05:00,396.04
2023-01-20 17:19:00-05:00,396.08
2023-01-20 17:20:00-05:00,396.08
2023-01-20 17:21:00-05:00,396.03
2023-01-20 17:22:00-05:00,396.04
2023-01-20 17:23:00-05:00,396.085
2023-01-20 17:24:00-05:00,396.1
2023-01-20 17:25:00-05:00,396.1
2023-01-20 17:26:00-05:00,396.0
2023-01-20 17:27:00-05:00,396.05
2023-01-20 17:28:00-05:00,396.05
2023-01-20 17:29:00-05:00,396.08
2023-01-20 17:30:00-05:00,396.105
2023-01-20 17:31:00-05:00,396.17
2023-01-20 17:32:00-05:00,396.19
2023-01-20 17:33:00-05:00,396.19
2023-01-20 17:34:00-05:00,396.2
2023-01-20 17:35:00-05:00,396.25
2023-01-20 17:36:00-05:00,396.24
2023-01-20 17:37:00-05:00,396.24
2023-01-20 17:38:00-05:00,396.19
2023-01-20 17:39:00-05:00,396.15
2023-01-20 17:40:00-05:00,396.095
2023-01-20 17:41:00-05:00,396.15
2023-01-20 17:42:00-05:00,396.14
2023-01-20 17:43:00-05:00,396.14
2023-01-20 17:44:00-05:00,396.07
2023-01-20 17:45:00-05:00,396.09
2023-01-20 17:46:00-05:00,396.06
2023-01-20 17:47:00-05:00,396.0
2023-01-20 17:48:00-05:00,396.0
2023-01-20 17:49:00-05:00,396.0
2023-01-20 17:50:00-05:00,396.0
2023-01-20 17:51:00-05:00,395.97
2023-01-20 17:52:00-05:00,395.94
2023-01-20 17:53:00-05:00,395.93
2023-01-20 17:54:00-05:00,395.95
2023-01-20 17:55:00-05:00,395.92
2023-01-20 17:56:00-05:00,395.9
2023-01-20 17:57:00-05:00,395.9
2023-01-20 17:58:00-05:00,395.89
2023-01-20 17:59:00-05:00,395.87
2023-01-20 18:00:00-05:00,396.0
2023-01-20 18:01:00-05:00,395.99
2023-01-20 18:02:00-05:00,396.0
2023-01-20 18:03:00-05:00,395.99
2023-01-20 18:04:00-05:00,395.98
2023-01-20 18:05:00-05:00,395.99
2023-01-20 18:06:00-05:00,396.0
2023-01-20 18:07:00-05:00,395.91
2023-01-20 18:08:00-05:00,395.92
2023-01-20 18:09:00-05:00,395.93
2023-01-20 18:10:00-05:00,396.0
2023-01-20 18:11:00-05:00,395.99
2023-01-20 18:12:00-05:00,395.98
2023-01-20 18:13:00-05:00,396.0
2023-01-20 18:14:00-05:00,395.97
2023-01-20 18:15:00-05:00,395.97
2023-01-20 18:16:00-05:00,395.975
2023-01-20 18:17:00-05:00,395.975
2023-01-20 18:18:00-05:00,396.0
2023-01-20 18:19:00-05:00,396.0
2023-01-20 18:20:00-05:00,396.0
2023-01-20 18:21:00-05:00,396.0
2023-01-20 18:22:00-05:00,395.99
2023-01-20 18:23:00-05:00,396.0
2023-01-20 18:24:00-05:00,396.05
2023-01-20 18:25:00-05:00,396.03
2023-01-20 18:26:00-05:00,396.0
2023-01-20 18:27:00-05:00,396.0
2023-01-20 18:28:00-05:00,396.0
2023-01-20 18:29:00-05:00,395.99
2023-01-20 18:30:00-05:00,395.99
2023-01-20 18:31:00-05:00,395.98
2023-01-20 18:32:00-05:00,395.98
2023-01-20 18:33:00-05:00,395.97
2023-01-20 18:34:00-05:00,395.97
2023-01-20 18:35:00-05:00,395.97
2023-01-20 18:36:00-05:00,396.01
2023-01-20 18:37:00-05:00,395.99
2023-01-20 18:38:00-05:00,396.02
2023-01-20 18:39:00-05:00,396.1
2023-01-20 18:40:00-05:00,396.1
2023-01-20 18:41:00-05:00,396.1
2023-01-20 18:42:00-05:00,396.09
2023-01-20 18:43:00-05:00,396.09
2023-01-20 18:44:00-05:00,396.09
2023-01-20 18:45:00-05:00,396.1
2023-01-20 18:46:00-05:00,396.07
2023-01-20 18:47:00-05:00,396.02
2023-01-20 18:48:00-05:00,396.04
2023-01-20 18:49:00-05:00,396.035
2023-01-20 18:50:00-05:00,396.08
2023-01-20 18:51:00-05:00,396.09
2023-01-20 18:52:00-05:00,396.09
2023-01-20 18:53:00-05:00,396.09
2023-01-20 18:54:00-05:00,395.97
2023-01-20 18:55:00-05:00,395.95
2023-01-20 18:56:00-05:00,396.08
2023-01-20 18:57:00-05:00,396.08
2023-01-20 18:58:00-05:00,396.02
2023-01-20 18:59:00-05:00,395.975
2023-01-20 19:00:00-05:00,396.01
2023-01-20 19:01:00-05:00,395.96
2023-01-20 19:02:00-05:00,396.05
2023-01-20 19:03:00-05:00,396.08
2023-01-20 19:04:00-05:00,396.08
2023-01-20 19:05:00-05:00,396.06
2023-01-20 19:06:00-05:00,396.08
2023-01-20 19:07:00-05:00,396.07
2023-01-20 19:08:00-05:00,396.08
2023-01-20 19:09:00-05:00,396.07
2023-01-20 19:10:00-05:00,396.1
2023-01-20 19:11:00-05:00,396.08
2023-01-20 19:12:00-05:00,396.07
2023-01-20 19:13:00-05:00,396.05
2023-01-20 19:14:00-05:00,396.04
2023-01-20 19:15:00-05:00,396.04
2023-01-20 19:16:00-05:00,396.07
2023-01-20 19:17:00-05:00,396.07
2023-01-20 19:18:00-05:00,396.08
2023-01-20 19:19:00-05:00,396.08
2023-01-20 19:20:00-05:00,396.08
2023-01-20 19:21:00-05:00,396.08
2023-01-20 19:22:00-05:00,396.08
2023-01-20 19:23:00-05:00,396.1
2023-01-20 19:24:00-05:00,396.07
2023-01-20 19:25:00-05:00,396.08
2023-01-20 19:26:00-05:00,396.08
2023-01-20 19:27:00-05:00,396.08
2023-01-20 19:28:00-05:00,396.08
2023-01-20 19:29:00-05:00,396.08
2023-01-20 19:30:00-05:00,396.08
2023-01-20 19:31:00-05:00,396.09
2023-01-20 19:32:00-05:00,396.06
2023-01-20 19:33:00-05:00,396.07
2023-01-20 19:34:00-05:00,396.07
2023-01-20 19:35:00-05:00,396.09
2023-01-20 19:36:00-05:00,396.08
2023-01-20 19:37:00-05:00,396.08
2023-01-20 19:38:00-05:00,396.08
2023-01-20 19:39:00-05:00,396.08
2023-01-20 19:40:00-05:00,396.08
2023-01-20 19:41:00-05:00,396.07
2023-01-20 19:42:00-05:00,396.08
2023-01-20 19:43:00-05:00,396.08
2023-01-20 19:44:00-05:00,396.09
2023-01-20 19:45:00-05:00,396.08
2023-01-20 19:46:00-05:00,396.1
2023-01-20 19:47:00-05:00,396.1
2023-01-20 19:48:00-05:00,396.1
2023-01-20 19:49:00-05:00,396.09
2023-01-20 19:50:00-05:00,396.15
2023-01-20 19:51:00-05:00,396.15
2023-01-20 19:52:00-05:00,396.15
2023-01-20 19:53:00-05:00,396.19
2023-01-20 19:54:00-05:00,396.19
2023-01-20 19:55:00-05:00,396.19
2023-01-20 19:56:00-05:00,396.19
2023-01-20 19:57:00-05:00,396.18
2023-01-20 19:58:00-05:00,396.21
2023-01-20 19:59:00-05:00,396.3
2023-01-23 04:00:00-05:00,396.19
2023-01-23 04:01:00-05:00,395.5
2023-01-23 04:02:00-05:00,395.45
2023-01-23 04:03:00-05:00,395.51
2023-01-23 04:04:00-05:00,395.57
2023-01-23 04:05:00-05:00,395.58
2023-01-23 04:06:00-05:00,395.64
2023-01-23 04:07:00-05:00,395.61
2023-01-23 04:08:00-05:00,395.53
2023-01-23 04:09:00-05:00,395.54
2023-01-23 04:10:00-05:00,395.48
2023-01-23 04:11:00-05:00,395.46
2023-01-23 04:12:00-05:00,395.54
2023-01-23 04:13:00-05:00,395.51
2023-01-23 04:14:00-05:00,395.6
2023-01-23 04:15:00-05:00,395.61
2023-01-23 04:16:00-05:00,395.65
2023-01-23 04:17:00-05:00,395.63
2023-01-23 04:18:00-05:00,395.67
2023-01-23 04:19:00-05:00,395.7
2023-01-23 04:20:00-05:00,395.72
2023-01-23 04:21:00-05:00,395.7
2023-01-23 04:22:00-05:00,395.7
2023-01-23 04:23:00-05:00,395.63
2023-01-23 04:24:00-05:00,395.66
2023-01-23 04:25:00-05:00,395.69
2023-01-23 04:26:00-05:00,395.67
2023-01-23 04:27:00-05:00,395.62
2023-01-23 04:28:00-05:00,395.61
2023-01-23 04:29:00-05:00,395.63
2023-01-23 04:30:00-05:00,395.72
2023-01-23 04:31:00-05:00,395.83
2023-01-23 04:32:00-05:00,395.88
2023-01-23 04:33:00-05:00,395.91
2023-01-23 04:34:00-05:00,395.9
2023-01-23 04:35:00-05:00,395.83
2023-01-23 04:36:00-05:00,395.8
2023-01-23 04:37:00-05:00,395.88
2023-01-23 04:38:00-05:00,395.82
2023-01-23 04:39:00-05:00,395.78
2023-01-23 04:40:00-05:00,395.78
2023-01-23 04:41:00-05:00,395.77
2023-01-23 04:42:00-05:00,395.77
2023-01-23 04:43:00-05:00,395.77
2023-01-23 04:45:00-05:00,395.75
2023-01-23 04:46:00-05:00,395.73
2023-01-23 04:47:00-05:00,395.73
2023-01-23 04:48:00-05:00,395.85
2023-01-23 04:50:00-05:00,395.91
2023-01-23 04:51:00-05:00,395.85
2023-01-23 04:52:00-05:00,395.86
2023-01-23 04:53:00-05:00,395.84
2023-01-23 04:55:00-05:00,395.85
2023-01-23 04:56:00-05:00,395.76
2023-01-23 04:57:00-05:00,395.87
2023-01-23 04:58:00-05:00,395.89
2023-01-23 04:59:00-05:00,395.81
2023-01-23 05:00:00-05:00,395.81
2023-01-23 05:01:00-05:00,395.86
2023-01-23 05:02:00-05:00,395.97
2023-01-23 05:03:00-05:00,395.96
2023-01-23 05:04:00-05:00,395.88
2023-01-23 05:05:00-05:00,395.77
2023-01-23 05:06:00-05:00,395.62
2023-01-23 05:07:00-05:00,395.52
2023-01-23 05:08:00-05:00,395.5
2023-01-23 05:09:00-05:00,395.48
2023-01-23 05:10:00-05:00,395.52
2023-01-23 05:11:00-05:00,395.6
2023-01-23 05:12:00-05:00,395.63
2023-01-23 05:13:00-05:00,395.58
2023-01-23 05:14:00-05:00,395.38
2023-01-23 05:15:00-05:00,395.32
2023-01-23 05:16:00-05:00,395.31
2023-01-23 05:17:00-05:00,395.33
2023-01-23 05:18:00-05:00,395.34
2023-01-23 05:19:00-05:00,395.45
2023-01-23 05:20:00-05:00,395.4
2023-01-23 05:21:00-05:00,395.38
2023-01-23 05:22:00-05:00,395.41
2023-01-23 05:23:00-05:00,395.37
2023-01-23 05:24:00-05:00,395.46
2023-01-23 05:25:00-05:00,395.4
2023-01-23 05:26:00-05:00,395.4
2023-01-23 05:27:00-05:00,395.41
2023-01-23 05:28:00-05:00,395.46
2023-01-23 05:29:00-05:00,395.45
2023-01-23 05:30:00-05:00,395.37
2023-01-23 05:31:00-05:00,395.31
2023-01-23 05:32:00-05:00,395.34
2023-01-23 05:33:00-05:00,395.46
2023-01-23 05:34:00-05:00,395.43
2023-01-23 05:35:00-05:00,395.47
2023-01-23 05:36:00-05:00,395.57
2023-01-23 05:38:00-05:00,395.58
2023-01-23 05:39:00-05:00,395.61
2023-01-23 05:41:00-05:00,395.62
2023-01-23 05:42:00-05:00,395.75
2023-01-23 05:43:00-05:00,395.73
2023-01-23 05:44:00-05:00,395.72
2023-01-23 05:45:00-05:00,395.71
2023-01-23 05:47:00-05:00,395.71
2023-01-23 05:48:00-05:00,395.67
2023-01-23 05:49:00-05:00,395.67
2023-01-23 05:50:00-05:00,395.7
2023-01-23 05:51:00-05:00,395.66
2023-01-23 05:53:00-05:00,395.65
2023-01-23 05:54:00-05:00,395.67
2023-01-23 05:55:00-05:00,395.71
2023-01-23 05:56:00-05:00,395.79
2023-01-23 05:57:00-05:00,395.8
2023-01-23 05:58:00-05:00,395.85
2023-01-23 05:59:00-05:00,395.7
2023-01-23 06:00:00-05:00,395.62
2023-01-23 06:01:00-05:00,395.59
2023-01-23 06:02:00-05:00,395.52
2023-01-23 06:03:00-05:00,395.52
2023-01-23 06:04:00-05:00,395.85
2023-01-23 06:05:00-05:00,395.56
2023-01-23 06:06:00-05:00,395.42
2023-01-23 06:07:00-05:00,395.54
2023-01-23 06:08:00-05:00,395.53
2023-01-23 06:09:00-05:00,395.46
2023-01-23 06:10:00-05:00,395.45
2023-01-23 06:11:00-05:00,395.34
2023-01-23 06:12:00-05:00,395.4
2023-01-23 06:13:00-05:00,395.48
2023-01-23 06:15:00-05:00,395.49
2023-01-23 06:16:00-05:00,395.63
2023-01-23 06:17:00-05:00,395.63
2023-01-23 06:18:00-05:00,395.65
2023-01-23 06:19:00-05:00,395.6
2023-01-23 06:20:00-05:00,395.57
2023-01-23 06:21:00-05:00,395.66
2023-01-23 06:22:00-05:00,395.63
2023-01-23 06:23:00-05:00,395.6
2023-01-23 06:24:00-05:00,395.57
2023-01-23 06:25:00-05:00,395.5
2023-01-23 06:26:00-05:00,395.47
2023-01-23 06:27:00-05:00,395.46
2023-01-23 06:28:00-05:00,395.44
2023-01-23 06:30:00-05:00,395.6
2023-01-23 06:31:00-05:00,395.52
2023-01-23 06:32:00-05:00,395.45
2023-01-23 06:33:00-05:00,395.45
2023-01-23 06:34:00-05:00,395.49
2023-01-23 06:35:00-05:00,395.47
2023-01-23 06:36:00-05:00,395.45
2023-01-23 06:37:00-05:00,395.5
2023-01-23 06:38:00-05:00,395.5
2023-01-23 06:39:00-05:00,395.61
2023-01-23 06:40:00-05:00,395.5
2023-01-23 06:41:00-05:00,395.53
2023-01-23 06:42:00-05:00,395.4
2023-01-23 06:43:00-05:00,395.38
2023-01-23 06:44:00-05:00,395.33
2023-01-23 06:45:00-05:00,395.34
2023-01-23 06:46:00-05:00,395.32
2023-01-23 06:47:00-05:00,395.33
2023-01-23 06:48:00-05:00,395.4
2023-01-23 06:49:00-05:00,395.4
2023-01-23 06:50:00-05:00,395.38
2023-01-23 06:51:00-05:00,395.32
2023-01-23 06:52:00-05:00,395.31
2023-01-23 06:53:00-05:00,395.28
2023-01-23 06:54:00-05:00,395.24
2023-01-23 06:55:00-05:00,395.31
2023-01-23 06:56:00-05:00,395.23
2023-01-23 06:57:00-05:00,395.21
2023-01-23 06:58:00-05:00,395.37
2023-01-23 06:59:00-05:00,395.38
2023-01-23 07:00:00-05:00,395.54
2023-01-23 07:01:00-05:00,395.58
2023-01-23 07:02:00-05:00,395.65
2023-01-23 07:03:00-05:00,395.7
2023-01-23 07:04:00-05:00,395.71
2023-01-23 07:05:00-05:00,395.69
2023-01-23 07:06:00-05:00,395.74
2023-01-23 07:07:00-05:00,395.74
2023-01-23 07:08:00-05:00,395.75
2023-01-23 07:09:00-05:00,395.72
2023-01-23 07:10:00-05:00,395.67
2023-01-23 07:11:00-05:00,395.72
2023-01-23 07:12:00-05:00,395.62
2023-01-23 07:13:00-05:00,395.64
2023-01-23 07:14:00-05:00,395.65
2023-01-23 07:15:00-05:00,395.64
2023-01-23 07:16:00-05:00,395.69
2023-01-23 07:17:00-05:00,395.73
2023-01-23 07:18:00-05:00,395.71
2023-01-23 07:19:00-05:00,395.66
2023-01-23 07:20:00-05:00,395.7
2023-01-23 07:21:00-05:00,395.67
2023-01-23 07:22:00-05:00,395.62
2023-01-23 07:23:00-05:00,395.72
2023-01-23 07:24:00-05:00,395.68
2023-01-23 07:25:00-05:00,395.64
2023-01-23 07:26:00-05:00,395.62
2023-01-23 07:27:00-05:00,395.61
2023-01-23 07:28:00-05:00,395.62
2023-01-23 07:29:00-05:00,395.69
2023-01-23 07:30:00-05:00,395.69
2023-01-23 07:31:00-05:00,395.83
2023-01-23 07:32:00-05:00,395.86
2023-01-23 07:33:00-05:00,395.84
2023-01-23 07:34:00-05:00,395.89
2023-01-23 07:35:00-05:00,396.05
2023-01-23 07:36:00-05:00,396.01
2023-01-23 07:37:00-05:00,396.05
2023-01-23 07:38:00-05:00,396.1
2023-01-23 07:39:00-05:00,396.06
2023-01-23 07:40:00-05:00,396.05
2023-01-23 07:41:00-05:00,396.07
2023-01-23 07:42:00-05:00,396.14
2023-01-23 07:43:00-05:00,396.44
2023-01-23 07:44:00-05:00,396.41
2023-01-23 07:45:00-05:00,396.35
2023-01-23 07:46:00-05:00,396.33
2023-01-23 07:47:00-05:00,396.16
2023-01-23 07:48:00-05:00,396.15
2023-01-23 07:49:00-05:00,396.13
2023-01-23 07:50:00-05:00,396.17
2023-01-23 07:51:00-05:00,396.14
2023-01-23 07:52:00-05:00,396.05
2023-01-23 07:53:00-05:00,395.97
2023-01-23 07:54:00-05:00,395.96
2023-01-23 07:55:00-05:00,395.93
2023-01-23 07:56:00-05:00,395.87
2023-01-23 07:57:00-05:00,395.85
2023-01-23 07:58:00-05:00,395.87
2023-01-23 07:59:00-05:00,395.91
2023-01-23 08:00:00-05:00,396.41
2023-01-23 08:01:00-05:00,396.46
2023-01-23 08:02:00-05:00,396.25
2023-01-23 08:03:00-05:00,396.3
2023-01-23 08:04:00-05:00,396.39
2023-01-23 08:05:00-05:00,396.46
2023-01-23 08:06:00-05:00,396.46
2023-01-23 08:07:00-05:00,396.56
2023-01-23 08:08:00-05:00,396.59
2023-01-23 08:09:00-05:00,396.57
2023-01-23 08:10:00-05:00,396.495
2023-01-23 08:11:00-05:00,396.59
2023-01-23 08:12:00-05:00,396.71
2023-01-23 08:13:00-05:00,396.72
2023-01-23 08:14:00-05:00,396.67
2023-01-23 08:15:00-05:00,396.82
2023-01-23 08:16:00-05:00,396.81
2023-01-23 08:17:00-05:00,396.82
2023-01-23 08:18:00-05:00,396.96
2023-01-23 08:19:00-05:00,397.0
2023-01-23 08:20:00-05:00,397.13
2023-01-23 08:21:00-05:00,397.07
2023-01-23 08:22:00-05:00,396.97
2023-01-23 08:23:00-05:00,396.94
2023-01-23 08:24:00-05:00,396.87
2023-01-23 08:25:00-05:00,396.9
2023-01-23 08:26:00-05:00,396.93
2023-01-23 08:27:00-05:00,396.89
2023-01-23 08:28:00-05:00,396.8
2023-01-23 08:29:00-05:00,396.78
2023-01-23 08:30:00-05:00,396.679
2023-01-23 08:31:00-05:00,396.79
2023-01-23 08:32:00-05:00,396.78
2023-01-23 08:33:00-05:00,396.65
2023-01-23 08:34:00-05:00,396.609
2023-01-23 08:35:00-05:00,396.7
2023-01-23 08:36:00-05:00,396.68
2023-01-23 08:37:00-05:00,396.78
2023-01-23 08:38:00-05:00,396.75
2023-01-23 08:39:00-05:00,396.64
2023-01-23 08:40:00-05:00,396.54
2023-01-23 08:41:00-05:00,396.67
2023-01-23 08:42:00-05:00,396.6
2023-01-23 08:43:00-05:00,396.62
2023-01-23 08:44:00-05:00,396.68
2023-01-23 08:45:00-05:00,396.61
2023-01-23 08:46:00-05:00,396.55
2023-01-23 08:47:00-05:00,396.59
2023-01-23 08:48:00-05:00,396.47
2023-01-23 08:49:00-05:00,396.43
2023-01-23 08:50:00-05:00,396.4
2023-01-23 08:51:00-05:00,396.36
2023-01-23 08:52:00-05:00,396.455
2023-01-23 08:53:00-05:00,396.45
2023-01-23 08:54:00-05:00,396.355
2023-01-23 08:55:00-05:00,396.35
2023-01-23 08:56:00-05:00,396.45
2023-01-23 08:57:00-05:00,396.64
2023-01-23 08:58:00-05:00,396.68
2023-01-23 08:59:00-05:00,396.65
2023-01-23 09:00:00-05:00,396.57
2023-01-23 09:01:00-05:00,396.66
2023-01-23 09:02:00-05:00,396.65
2023-01-23 09:03:00-05:00,396.64
2023-01-23 09:04:00-05:00,396.57
2023-01-23 09:05:00-05:00,396.52
2023-01-23 09:06:00-05:00,396.57
2023-01-23 09:07:00-05:00,396.5
2023-01-23 09:08:00-05:00,396.29
2023-01-23 09:09:00-05:00,396.34
2023-01-23 09:10:00-05:00,396.32
2023-01-23 09:11:00-05:00,396.19
2023-01-23 09:12:00-05:00,396.165
2023-01-23 09:13:00-05:00,396.18
2023-01-23 09:14:00-05:00,396.29
2023-01-23 09:30:00-05:00,396.2099914550781
2023-01-23 09:31:00-05:00,396.260009765625
2023-01-23 09:32:00-05:00,396.4249877929688
2023-01-23 09:33:00-05:00,396.510009765625
2023-01-23 09:34:00-05:00,396.3800048828125
2023-01-23 09:35:00-05:00,396.6700134277344
2023-01-23 09:36:00-05:00,396.4400024414063
2023-01-23 09:37:00-05:00,396.3900146484375
2023-01-23 09:38:00-05:00,396.3900146484375
2023-01-23 09:39:00-05:00,396.4200134277344
2023-01-23 09:40:00-05:00,396.6799926757813
2023-01-23 09:41:00-05:00,396.6099853515625
2023-01-23 09:42:00-05:00,396.760009765625
2023-01-23 09:43:00-05:00,396.9500122070313
2023-01-23 09:44:00-05:00,396.8399963378906
2023-01-23 09:45:00-05:00,397.0400085449219
2023-01-23 09:46:00-05:00,397.1099853515625
2023-01-23 09:47:00-05:00,397.7300109863281
2023-01-23 09:48:00-05:00,397.6700134277344
2023-01-23 09:49:00-05:00,397.6300048828125
2023-01-23 09:50:00-05:00,397.8200073242188
2023-01-23 09:51:00-05:00,398.1199951171875
2023-01-23 09:52:00-05:00,398.2000122070313
2023-01-23 09:53:00-05:00,398.2999877929688
2023-01-23 09:54:00-05:00,398.1900024414063
2023-01-23 09:55:00-05:00,398.2799987792969
2023-01-23 09:56:00-05:00,398.2699890136719
2023-01-23 09:57:00-05:00,397.9800109863281
2023-01-23 09:58:00-05:00,397.7999877929688
2023-01-23 09:59:00-05:00,397.9100036621094
2023-01-23 10:00:00-05:00,398.5
2023-01-23 10:01:00-05:00,398.489990234375
2023-01-23 10:02:00-05:00,398.4299926757813
2023-01-23 10:03:00-05:00,398.4200134277344
2023-01-23 10:04:00-05:00,398.3299865722656
2023-01-23 10:05:00-05:00,398.1299133300781
2023-01-23 10:06:00-05:00,397.8399963378906
2023-01-23 10:07:00-05:00,397.8900146484375
2023-01-23 10:08:00-05:00,398.0199890136719
2023-01-23 10:09:00-05:00,397.9999084472656
2023-01-23 10:10:00-05:00,398.0199890136719
2023-01-23 10:11:00-05:00,398.4500122070313
2023-01-23 10:12:00-05:00,398.7300109863281
2023-01-23 10:13:00-05:00,398.7900085449219
2023-01-23 10:14:00-05:00,398.7000122070313
2023-01-23 10:15:00-05:00,398.6799926757813
2023-01-23 10:16:00-05:00,398.6506958007813
2023-01-23 10:17:00-05:00,398.760009765625
2023-01-23 10:18:00-05:00,398.7900085449219
2023-01-23 10:19:00-05:00,398.8200073242188
2023-01-23 10:20:00-05:00,398.7699890136719
2023-01-23 10:21:00-05:00,398.7200012207031
2023-01-23 10:22:00-05:00,398.9500122070313
2023-01-23 10:23:00-05:00,399.1000061035156
2023-01-23 10:24:00-05:00,399.239990234375
2023-01-23 10:25:00-05:00,399.3699951171875
2023-01-23 10:26:00-05:00,399.2200012207031
2023-01-23 10:27:00-05:00,399.2550048828125
2023-01-23 10:28:00-05:00,399.4599914550781
2023-01-23 10:29:00-05:00,399.4599914550781
2023-01-23 10:30:00-05:00,399.4599914550781
2023-01-23 10:31:00-05:00,399.6099853515625
2023-01-23 10:32:00-05:00,399.6400146484375
2023-01-23 10:33:00-05:00,399.4700012207031
2023-01-23 10:34:00-05:00,399.4800109863281
2023-01-23 10:35:00-05:00,399.5299987792969
2023-01-23 10:36:00-05:00,399.5499877929688
2023-01-23 10:37:00-05:00,399.3399963378906
2023-01-23 10:38:00-05:00,399.489990234375
2023-01-23 10:39:00-05:00,399.4700012207031
2023-01-23 10:40:00-05:00,399.5400085449219
2023-01-23 10:41:00-05:00,399.5700073242188
2023-01-23 10:42:00-05:00,399.3999938964844
2023-01-23 10:43:00-05:00,399.3599853515625
2023-01-23 10:44:00-05:00,399.3900146484375
2023-01-23 10:45:00-05:00,399.4299011230469
2023-01-23 10:46:00-05:00,399.6900024414063
2023-01-23 10:47:00-05:00,399.75
2023-01-23 10:48:00-05:00,399.8699951171875
2023-01-23 10:49:00-05:00,399.9599914550781
2023-01-23 10:50:00-05:00,399.9549865722656
2023-01-23 10:51:00-05:00,399.9200134277344
2023-01-23 10:52:00-05:00,399.9549865722656
2023-01-23 10:53:00-05:00,399.9500122070313
2023-01-23 10:54:00-05:00,399.9500122070313
2023-01-23 10:55:00-05:00,399.9800109863281
2023-01-23 10:56:00-05:00,400.0
2023-01-23 10:57:00-05:00,399.989990234375
2023-01-23 10:58:00-05:00,400.2799987792969
2023-01-23 10:59:00-05:00,400.1700134277344
2023-01-23 11:00:00-05:00,400.0799865722656
2023-01-23 11:01:00-05:00,400.1199951171875
2023-01-23 11:02:00-05:00,400.2300109863281
2023-01-23 11:03:00-05:00,400.5799865722656
2023-01-23 11:04:00-05:00,401.239990234375
2023-01-23 11:05:00-05:00,401.1199951171875
2023-01-23 11:06:00-05:00,401.2900085449219
2023-01-23 11:07:00-05:00,401.6099853515625
2023-01-23 11:08:00-05:00,401.4700012207031
2023-01-23 11:09:00-05:00,401.6799926757813
2023-01-23 11:10:00-05:00,401.7200012207031
2023-01-23 11:11:00-05:00,401.6499938964844
2023-01-23 11:12:00-05:00,401.614990234375
2023-01-23 11:13:00-05:00,401.5799865722656
2023-01-23 11:14:00-05:00,401.4800109863281
2023-01-23 11:15:00-05:00,401.4500122070313
2023-01-23 11:16:00-05:00,401.4599914550781
2023-01-23 11:17:00-05:00,401.15771484375
2023-01-23 11:18:00-05:00,401.4400024414063
2023-01-23 11:19:00-05:00,401.8500061035156
2023-01-23 11:20:00-05:00,402.1099853515625
2023-01-23 11:21:00-05:00,401.9599914550781
2023-01-23 11:22:00-05:00,401.9150085449219
2023-01-23 11:23:00-05:00,401.9299926757813
2023-01-23 11:24:00-05:00,401.8250122070313
2023-01-23 11:25:00-05:00,401.6900939941406
2023-01-23 11:26:00-05:00,401.4100036621094
2023-01-23 11:27:00-05:00,401.2706909179688
2023-01-23 11:28:00-05:00,401.1799926757813
2023-01-23 11:29:00-05:00,401.0650024414063
2023-01-23 11:30:00-05:00,401.010009765625
2023-01-23 11:31:00-05:00,401.010009765625
2023-01-23 11:32:00-05:00,401.2699890136719
2023-01-23 11:33:00-05:00,401.2699890136719
2023-01-23 11:34:00-05:00,401.260009765625
2023-01-23 11:35:00-05:00,401.0799865722656
2023-01-23 11:36:00-05:00,401.0
2023-01-23 11:37:00-05:00,401.0999145507813
2023-01-23 11:38:00-05:00,401.25
2023-01-23 11:39:00-05:00,401.2300109863281
2023-01-23 11:40:00-05:00,401.2799987792969
2023-01-23 11:41:00-05:00,401.2500915527344
2023-01-23 11:42:00-05:00,401.2099914550781
2023-01-23 11:43:00-05:00,401.2699890136719
2023-01-23 11:44:00-05:00,401.21881103515625
2023-01-23 11:45:00-05:00,401.2099914550781
2023-01-23 11:46:00-05:00,401.3299865722656
2023-01-23 11:47:00-05:00,401.2699890136719
2023-01-23 11:48:00-05:00,401.3699951171875
2023-01-23 11:49:00-05:00,401.4800109863281
2023-01-23 11:50:00-05:00,401.4599914550781
2023-01-23 11:51:00-05:00,401.2900085449219
2023-01-23 11:52:00-05:00,401.3796997070313
2023-01-23 11:53:00-05:00,401.4500122070313
2023-01-23 11:54:00-05:00,401.4800109863281
2023-01-23 11:55:00-05:00,401.4200134277344
2023-01-23 11:56:00-05:00,401.5400085449219
2023-01-23 11:57:00-05:00,401.510009765625
2023-01-23 11:58:00-05:00,401.4800109863281
2023-01-23 11:59:00-05:00,401.60009765625
2023-01-23 12:00:00-05:00,401.5499877929688
2023-01-23 12:01:00-05:00,401.4500122070313
2023-01-23 12:02:00-05:00,401.4800109863281
2023-01-23 12:03:00-05:00,401.340087890625
2023-01-23 12:04:00-05:00,401.4200134277344
2023-01-23 12:05:00-05:00,401.4150085449219
2023-01-23 12:06:00-05:00,401.3599853515625
2023-01-23 12:07:00-05:00,401.1499938964844
2023-01-23 12:08:00-05:00,400.989990234375
2023-01-23 12:09:00-05:00,400.6499938964844
2023-01-23 12:10:00-05:00,400.55999755859375
2023-01-23 12:11:00-05:00,400.6650085449219
2023-01-23 12:12:00-05:00,400.6300048828125
2023-01-23 12:13:00-05:00,400.6199951171875
2023-01-23 12:14:00-05:00,400.5499877929688
2023-01-23 12:15:00-05:00,400.64990234375
2023-01-23 12:16:00-05:00,400.7999877929688
2023-01-23 12:17:00-05:00,400.7900085449219
2023-01-23 12:18:00-05:00,400.7900085449219
2023-01-23 12:19:00-05:00,400.9500122070313
2023-01-23 12:20:00-05:00,400.885009765625
2023-01-23 12:21:00-05:00,400.8689880371094
2023-01-23 12:22:00-05:00,400.8299865722656
2023-01-23 12:23:00-05:00,400.8200073242188
2023-01-23 12:24:00-05:00,401.0799865722656
2023-01-23 12:25:00-05:00,400.9999084472656
2023-01-23 12:26:00-05:00,400.989990234375
2023-01-23 12:27:00-05:00,401.010009765625
2023-01-23 12:28:00-05:00,401.0899963378906
2023-01-23 12:29:00-05:00,401.1099853515625
2023-01-23 12:30:00-05:00,401.1000061035156
2023-01-23 12:31:00-05:00,401.0
2023-01-23 12:32:00-05:00,401.0
2023-01-23 12:33:00-05:00,401.0400085449219
2023-01-23 12:34:00-05:00,401.1099853515625
2023-01-23 12:35:00-05:00,401.1000061035156
2023-01-23 12:36:00-05:00,401.0799865722656
2023-01-23 12:37:00-05:00,401.2300109863281
2023-01-23 12:38:00-05:00,401.260009765625
2023-01-23 12:39:00-05:00,401.2799987792969
2023-01-23 12:40:00-05:00,401.1900939941406
2023-01-23 12:41:00-05:00,401.2000122070313
2023-01-23 12:42:00-05:00,401.1099853515625
2023-01-23 12:43:00-05:00,401.1099853515625
2023-01-23 12:44:00-05:00,401.2200012207031
2023-01-23 12:45:00-05:00,401.2000122070313
2023-01-23 12:46:00-05:00,401.0700073242188
2023-01-23 12:47:00-05:00,401.1300048828125
2023-01-23 12:48:00-05:00,401.05999755859375
2023-01-23 12:49:00-05:00,401.05999755859375
2023-01-23 12:50:00-05:00,401.05999755859375
2023-01-23 12:51:00-05:00,401.1499938964844
2023-01-23 12:52:00-05:00,401.4400024414063
2023-01-23 12:53:00-05:00,401.4100036621094
2023-01-23 12:54:00-05:00,401.4800109863281
2023-01-23 12:55:00-05:00,401.4500122070313
2023-01-23 12:56:00-05:00,401.4498901367188
2023-01-23 12:57:00-05:00,401.489990234375
2023-01-23 12:58:00-05:00,401.5299987792969
2023-01-23 12:59:00-05:00,401.6300048828125
2023-01-23 13:00:00-05:00,401.6000061035156
2023-01-23 13:01:00-05:00,401.8399963378906
2023-01-23 13:02:00-05:00,401.7900085449219
2023-01-23 13:03:00-05:00,401.739990234375
2023-01-23 13:04:00-05:00,401.6799926757813
2023-01-23 13:05:00-05:00,401.6799926757813
2023-01-23 13:06:00-05:00,401.6700134277344
2023-01-23 13:07:00-05:00,401.7000122070313
2023-01-23 13:08:00-05:00,401.6799926757813
2023-01-23 13:09:00-05:00,401.739990234375
2023-01-23 13:10:00-05:00,401.7799987792969
2023-01-23 13:11:00-05:00,401.6700134277344
2023-01-23 13:12:00-05:00,401.6900024414063
2023-01-23 13:13:00-05:00,401.739990234375
2023-01-23 13:14:00-05:00,401.80999755859375
2023-01-23 13:15:00-05:00,401.75
2023-01-23 13:16:00-05:00,401.7550048828125
2023-01-23 13:17:00-05:00,401.7900085449219
2023-01-23 13:18:00-05:00,401.8551940917969
2023-01-23 13:19:00-05:00,401.8399963378906
2023-01-23 13:20:00-05:00,402.0499877929688
2023-01-23 13:21:00-05:00,402.0299987792969
2023-01-23 13:22:00-05:00,402.0448913574219
2023-01-23 13:23:00-05:00,401.9898986816406
2023-01-23 13:24:00-05:00,401.9200134277344
2023-01-23 13:25:00-05:00,401.9100036621094
2023-01-23 13:26:00-05:00,401.9299926757813
2023-01-23 13:27:00-05:00,401.8200073242188
2023-01-23 13:28:00-05:00,401.8699951171875
2023-01-23 13:29:00-05:00,401.9100036621094
2023-01-23 13:30:00-05:00,402.0400085449219
2023-01-23 13:31:00-05:00,402.0400085449219
2023-01-23 13:32:00-05:00,402.0499877929688
2023-01-23 13:33:00-05:00,402.0398864746094
2023-01-23 13:34:00-05:00,401.9750061035156
2023-01-23 13:35:00-05:00,402.0400085449219
2023-01-23 13:36:00-05:00,402.1300048828125
2023-01-23 13:37:00-05:00,402.0299987792969
2023-01-23 13:38:00-05:00,402.2200012207031
2023-01-23 13:39:00-05:00,402.2300109863281
2023-01-23 13:40:00-05:00,402.3298950195313
2023-01-23 13:41:00-05:00,402.2846984863281
2023-01-23 13:42:00-05:00,402.260009765625
2023-01-23 13:43:00-05:00,402.3299865722656
2023-01-23 13:44:00-05:00,402.4299926757813
2023-01-23 13:45:00-05:00,402.4599914550781
2023-01-23 13:46:00-05:00,402.55999755859375
2023-01-23 13:47:00-05:00,402.60198974609375
2023-01-23 13:48:00-05:00,402.6400146484375
2023-01-23 13:49:00-05:00,402.6449890136719
2023-01-23 13:50:00-05:00,402.5499877929688
2023-01-23 13:51:00-05:00,402.6000061035156
2023-01-23 13:52:00-05:00,402.4999084472656
2023-01-23 13:53:00-05:00,402.239990234375
2023-01-23 13:54:00-05:00,402.2999877929688
2023-01-23 13:55:00-05:00,402.30999755859375
2023-01-23 13:56:00-05:00,402.2999877929688
2023-01-23 13:57:00-05:00,402.3399963378906
2023-01-23 13:58:00-05:00,402.2213134765625
2023-01-23 13:59:00-05:00,402.0700073242188
2023-01-23 14:00:00-05:00,402.0299987792969
2023-01-23 14:01:00-05:00,401.6600036621094
2023-01-23 14:02:00-05:00,401.53900146484375
2023-01-23 14:06:00-05:00,401.5899963378906
2023-01-23 14:07:00-05:00,401.5899963378906
2023-01-23 14:08:00-05:00,401.5199890136719
2023-01-23 14:09:00-05:00,401.5899963378906
2023-01-23 14:10:00-05:00,401.5
2023-01-23 14:11:00-05:00,401.4500122070313
2023-01-23 14:12:00-05:00,401.4599914550781
2023-01-23 14:13:00-05:00,401.3450012207031
2023-01-23 14:14:00-05:00,401.4599914550781
2023-01-23 14:15:00-05:00,401.3800048828125
2023-01-23 14:16:00-05:00,401.3699951171875
2023-01-23 14:17:00-05:00,401.3200988769531
2023-01-23 14:18:00-05:00,401.4400024414063
2023-01-23 14:19:00-05:00,401.489990234375
2023-01-23 14:20:00-05:00,401.4500122070313
2023-01-23 14:21:00-05:00,401.4700012207031
2023-01-23 14:22:00-05:00,401.4700012207031
2023-01-23 14:23:00-05:00,401.3949890136719
2023-01-23 14:24:00-05:00,401.3500061035156
2023-01-23 14:25:00-05:00,401.25
2023-01-23 14:26:00-05:00,401.1000061035156
2023-01-23 14:27:00-05:00,401.08990478515625
2023-01-23 14:28:00-05:00,400.8999938964844
2023-01-23 14:29:00-05:00,400.7099914550781
2023-01-23 14:30:00-05:00,400.9800109863281
2023-01-23 14:31:00-05:00,401.0700073242188
2023-01-23 14:32:00-05:00,400.8999938964844
2023-01-23 14:33:00-05:00,400.8699951171875
2023-01-23 14:34:00-05:00,400.7900085449219
2023-01-23 14:35:00-05:00,400.739990234375
2023-01-23 14:36:00-05:00,400.6191101074219
2023-01-23 14:37:00-05:00,400.4750061035156
2023-01-23 14:38:00-05:00,400.2799987792969
2023-01-23 14:39:00-05:00,400.2200012207031
2023-01-23 14:40:00-05:00,400.0985107421875
2023-01-23 14:41:00-05:00,400.2699890136719
2023-01-23 14:42:00-05:00,400.30999755859375
2023-01-23 14:43:00-05:00,400.20989990234375
2023-01-23 14:44:00-05:00,400.1499938964844
2023-01-23 14:45:00-05:00,400.0400085449219
2023-01-23 14:46:00-05:00,399.5199890136719
2023-01-23 14:47:00-05:00,399.3599853515625
2023-01-23 14:48:00-05:00,399.260009765625
2023-01-23 14:49:00-05:00,399.30999755859375
2023-01-23 14:50:00-05:00,399.239990234375
2023-01-23 14:51:00-05:00,399.1000061035156
2023-01-23 14:52:00-05:00,399.1449890136719
2023-01-23 14:53:00-05:00,399.125
2023-01-23 14:54:00-05:00,399.1099853515625
2023-01-23 14:55:00-05:00,399.6400146484375
2023-01-23 14:56:00-05:00,399.6199951171875
2023-01-23 14:57:00-05:00,399.5499877929688
2023-01-23 14:58:00-05:00,399.409912109375
2023-01-23 14:59:00-05:00,399.5700073242188
2023-01-23 15:00:00-05:00,399.6199951171875
2023-01-23 15:01:00-05:00,399.6300048828125
2023-01-23 15:02:00-05:00,399.4599914550781
2023-01-23 15:03:00-05:00,399.5899963378906
2023-01-23 15:04:00-05:00,399.510009765625
2023-01-23 15:05:00-05:00,399.38909912109375
2023-01-23 15:06:00-05:00,399.3699951171875
2023-01-23 15:07:00-05:00,399.4599914550781
2023-01-23 15:08:00-05:00,399.489990234375
2023-01-23 15:09:00-05:00,399.5799865722656
2023-01-23 15:10:00-05:00,399.5499877929688
2023-01-23 15:11:00-05:00,399.5499877929688
2023-01-23 15:12:00-05:00,399.8299865722656
2023-01-23 15:13:00-05:00,400.1400146484375
2023-01-23 15:14:00-05:00,400.1199951171875
2023-01-23 15:15:00-05:00,400.0300903320313
2023-01-23 15:16:00-05:00,400.1000061035156
2023-01-23 15:17:00-05:00,400.239990234375
2023-01-23 15:18:00-05:00,400.260009765625
2023-01-23 15:19:00-05:00,400.0849914550781
2023-01-23 15:20:00-05:00,400.1199951171875
2023-01-23 15:21:00-05:00,400.1400146484375
2023-01-23 15:22:00-05:00,400.1199951171875
2023-01-23 15:23:00-05:00,399.9700012207031
2023-01-23 15:24:00-05:00,400.05999755859375
2023-01-23 15:25:00-05:00,400.0249938964844
2023-01-23 15:26:00-05:00,399.8049926757813
2023-01-23 15:27:00-05:00,399.5999145507813
2023-01-23 15:28:00-05:00,399.8999938964844
2023-01-23 15:29:00-05:00,399.8500061035156
2023-01-23 15:30:00-05:00,399.9500122070313
2023-01-23 15:31:00-05:00,399.8999938964844
2023-01-23 15:32:00-05:00,399.8999938964844
2023-01-23 15:33:00-05:00,399.739990234375
2023-01-23 15:34:00-05:00,399.6799926757813
2023-01-23 15:35:00-05:00,399.7349853515625
2023-01-23 15:36:00-05:00,399.7200012207031
2023-01-23 15:37:00-05:00,399.7999877929688
2023-01-23 15:38:00-05:00,400.1300048828125
2023-01-23 15:39:00-05:00,400.0450134277344
2023-01-23 15:40:00-05:00,399.9800109863281
2023-01-23 15:41:00-05:00,399.7000122070313
2023-01-23 15:42:00-05:00,399.7900085449219
2023-01-23 15:43:00-05:00,399.9299926757813
2023-01-23 15:44:00-05:00,400.0799865722656
2023-01-23 15:45:00-05:00,400.2282104492188
2023-01-23 15:46:00-05:00,400.25
2023-01-23 15:47:00-05:00,400.3299865722656
2023-01-23 15:48:00-05:00,400.3399963378906
2023-01-23 15:49:00-05:00,400.2999877929688
2023-01-23 15:50:00-05:00,400.5499877929688
2023-01-23 15:51:00-05:00,400.7000122070313
2023-01-23 15:52:00-05:00,400.75
2023-01-23 15:53:00-05:00,400.760009765625
2023-01-23 15:54:00-05:00,400.7149963378906
2023-01-23 15:55:00-05:00,400.7749938964844
2023-01-23 15:56:00-05:00,400.9800109863281
2023-01-23 15:57:00-05:00,401.0
2023-01-23 15:58:00-05:00,400.75
2023-01-23 15:59:00-05:00,400.7699890136719
2023-01-23 16:00:00-05:00,401.31
2023-01-23 16:01:00-05:00,400.45
2023-01-23 16:02:00-05:00,400.44
2023-01-23 16:03:00-05:00,400.5
2023-01-23 16:04:00-05:00,400.43
2023-01-23 16:05:00-05:00,400.37
2023-01-23 16:06:00-05:00,400.39
2023-01-23 16:07:00-05:00,400.37
2023-01-23 16:08:00-05:00,400.31
2023-01-23 16:09:00-05:00,400.39
2023-01-23 16:10:00-05:00,400.6763
2023-01-23 16:11:00-05:00,400.38
2023-01-23 16:12:00-05:00,400.63
2023-01-23 16:13:00-05:00,400.44
2023-01-23 16:14:00-05:00,400.6765
2023-01-23 16:15:00-05:00,400.63
2023-01-23 16:16:00-05:00,400.51
2023-01-23 16:17:00-05:00,400.43
2023-01-23 16:18:00-05:00,400.63
2023-01-23 16:19:00-05:00,400.47
2023-01-23 16:20:00-05:00,400.47
2023-01-23 16:21:00-05:00,400.44
2023-01-23 16:22:00-05:00,400.45
2023-01-23 16:23:00-05:00,400.45
2023-01-23 16:24:00-05:00,400.63
2023-01-23 16:25:00-05:00,400.46
2023-01-23 16:26:00-05:00,400.43
2023-01-23 16:27:00-05:00,400.39
2023-01-23 16:28:00-05:00,400.39
2023-01-23 16:29:00-05:00,400.38
2023-01-23 16:30:00-05:00,400.39
2023-01-23 16:31:00-05:00,400.45
2023-01-23 16:32:00-05:00,400.54
2023-01-23 16:33:00-05:00,400.55
2023-01-23 16:34:00-05:00,400.57
2023-01-23 16:35:00-05:00,400.56
2023-01-23 16:36:00-05:00,400.55
2023-01-23 16:37:00-05:00,400.52
2023-01-23 16:38:00-05:00,400.495
2023-01-23 16:39:00-05:00,400.525
2023-01-23 16:40:00-05:00,400.55
2023-01-23 16:41:00-05:00,400.59
2023-01-23 16:42:00-05:00,400.6
2023-01-23 16:43:00-05:00,400.6
2023-01-23 16:44:00-05:00,400.6
2023-01-23 16:45:00-05:00,400.62
2023-01-23 16:46:00-05:00,400.66
2023-01-23 16:47:00-05:00,400.64
2023-01-23 16:48:00-05:00,400.66
2023-01-23 16:49:00-05:00,400.7
2023-01-23 16:50:00-05:00,400.68
2023-01-23 16:51:00-05:00,400.64
2023-01-23 16:52:00-05:00,400.64
2023-01-23 16:53:00-05:00,400.63
2023-01-23 16:54:00-05:00,400.61
2023-01-23 16:55:00-05:00,400.63
2023-01-23 16:56:00-05:00,400.68
2023-01-23 16:57:00-05:00,411.24362
2023-01-23 16:58:00-05:00,400.69
2023-01-23 16:59:00-05:00,400.74
2023-01-23 17:00:00-05:00,400.75
2023-01-23 17:01:00-05:00,400.75
2023-01-23 17:02:00-05:00,400.75
2023-01-23 17:03:00-05:00,400.75
2023-01-23 17:04:00-05:00,400.73
2023-01-23 17:05:00-05:00,400.73
2023-01-23 17:06:00-05:00,400.73
2023-01-23 17:07:00-05:00,400.73
2023-01-23 17:08:00-05:00,400.68
2023-01-23 17:09:00-05:00,400.69
2023-01-23 17:10:00-05:00,400.68
2023-01-23 17:11:00-05:00,400.69
2023-01-23 17:12:00-05:00,400.685
2023-01-23 17:13:00-05:00,400.65
2023-01-23 17:14:00-05:00,400.69
2023-01-23 17:15:00-05:00,400.65
2023-01-23 17:16:00-05:00,400.715
2023-01-23 17:17:00-05:00,400.72
2023-01-23 17:18:00-05:00,400.71
2023-01-23 17:19:00-05:00,400.72
2023-01-23 17:20:00-05:00,400.72
2023-01-23 17:21:00-05:00,400.72
2023-01-23 17:22:00-05:00,400.72
2023-01-23 17:23:00-05:00,400.72
2023-01-23 17:24:00-05:00,400.72
2023-01-23 17:25:00-05:00,400.74
2023-01-23 17:26:00-05:00,400.72
2023-01-23 17:27:00-05:00,400.74
2023-01-23 17:28:00-05:00,400.74
2023-01-23 17:29:00-05:00,400.75
2023-01-23 17:30:00-05:00,400.72
2023-01-23 17:31:00-05:00,400.79
2023-01-23 17:32:00-05:00,400.79
2023-01-23 17:33:00-05:00,400.73
2023-01-23 17:34:00-05:00,400.72
2023-01-23 17:35:00-05:00,400.755
2023-01-23 17:36:00-05:00,400.72
2023-01-23 17:37:00-05:00,400.76
2023-01-23 17:38:00-05:00,400.76
2023-01-23 17:39:00-05:00,400.75
2023-01-23 17:40:00-05:00,400.74
2023-01-23 17:41:00-05:00,400.73
2023-01-23 17:42:00-05:00,400.69
2023-01-23 17:43:00-05:00,400.72
2023-01-23 17:44:00-05:00,400.73
2023-01-23 17:45:00-05:00,400.72
2023-01-23 17:46:00-05:00,400.72
2023-01-23 17:47:00-05:00,400.71
2023-01-23 17:48:00-05:00,400.685
2023-01-23 17:49:00-05:00,400.75
2023-01-23 17:50:00-05:00,400.76
2023-01-23 17:51:00-05:00,400.78
2023-01-23 17:52:00-05:00,400.77
2023-01-23 17:53:00-05:00,400.74
2023-01-23 17:54:00-05:00,400.75
2023-01-23 17:55:00-05:00,400.74
2023-01-23 17:56:00-05:00,400.75
2023-01-23 17:57:00-05:00,400.725
2023-01-23 17:58:00-05:00,400.76
2023-01-23 17:59:00-05:00,400.72
2023-01-23 18:00:00-05:00,400.74
2023-01-23 18:01:00-05:00,400.73
2023-01-23 18:02:00-05:00,400.72
2023-01-23 18:03:00-05:00,400.67
2023-01-23 18:04:00-05:00,400.65
2023-01-23 18:05:00-05:00,400.66
2023-01-23 18:06:00-05:00,400.66
2023-01-23 18:07:00-05:00,400.69
2023-01-23 18:08:00-05:00,400.72
2023-01-23 18:09:00-05:00,400.7
2023-01-23 18:10:00-05:00,400.63
2023-01-23 18:11:00-05:00,400.59
2023-01-23 18:12:00-05:00,400.6
2023-01-23 18:13:00-05:00,400.59
2023-01-23 18:14:00-05:00,400.58
2023-01-23 18:15:00-05:00,400.58
2023-01-23 18:16:00-05:00,400.59
2023-01-23 18:17:00-05:00,400.58
2023-01-23 18:18:00-05:00,400.565
2023-01-23 18:19:00-05:00,400.58
2023-01-23 18:20:00-05:00,400.58
2023-01-23 18:21:00-05:00,400.57
2023-01-23 18:22:00-05:00,400.48
2023-01-23 18:23:00-05:00,400.48
2023-01-23 18:24:00-05:00,400.5
2023-01-23 18:25:00-05:00,400.43
2023-01-23 18:26:00-05:00,400.41
2023-01-23 18:27:00-05:00,400.39
2023-01-23 18:28:00-05:00,400.38
2023-01-23 18:29:00-05:00,400.36
2023-01-23 18:30:00-05:00,400.36
2023-01-23 18:31:00-05:00,400.35
2023-01-23 18:32:00-05:00,400.325
2023-01-23 18:33:00-05:00,400.345
2023-01-23 18:34:00-05:00,400.28
2023-01-23 18:35:00-05:00,401.2899
2023-01-23 18:36:00-05:00,400.2
2023-01-23 18:37:00-05:00,400.19
2023-01-23 18:38:00-05:00,400.26
2023-01-23 18:39:00-05:00,400.25
2023-01-23 18:40:00-05:00,400.3
2023-01-23 18:41:00-05:00,400.29
2023-01-23 18:42:00-05:00,400.27
2023-01-23 18:43:00-05:00,400.28
2023-01-23 18:44:00-05:00,400.3
2023-01-23 18:45:00-05:00,400.3
2023-01-23 18:46:00-05:00,400.35
2023-01-23 18:47:00-05:00,400.35
2023-01-23 18:48:00-05:00,400.39
2023-01-23 18:49:00-05:00,400.37
2023-01-23 18:50:00-05:00,400.42
2023-01-23 18:51:00-05:00,400.42
2023-01-23 18:52:00-05:00,400.42
2023-01-23 18:53:00-05:00,400.41
2023-01-23 18:54:00-05:00,400.42
2023-01-23 18:55:00-05:00,400.42
2023-01-23 18:56:00-05:00,400.43
2023-01-23 18:57:00-05:00,400.43
2023-01-23 18:58:00-05:00,400.39
2023-01-23 18:59:00-05:00,400.36
2023-01-23 19:00:00-05:00,400.32
2023-01-23 19:01:00-05:00,400.33
2023-01-23 19:02:00-05:00,400.41
2023-01-23 19:03:00-05:00,400.42
2023-01-23 19:04:00-05:00,400.4
2023-01-23 19:05:00-05:00,400.38
2023-01-23 19:06:00-05:00,400.32
2023-01-23 19:07:00-05:00,400.39
2023-01-23 19:08:00-05:00,400.38
2023-01-23 19:09:00-05:00,400.345
2023-01-23 19:10:00-05:00,400.4
2023-01-23 19:11:00-05:00,400.4
2023-01-23 19:12:00-05:00,400.41
2023-01-23 19:13:00-05:00,400.415
2023-01-23 19:14:00-05:00,400.39
2023-01-23 19:15:00-05:00,400.36
2023-01-23 19:16:00-05:00,400.31
2023-01-23 19:17:00-05:00,400.3
2023-01-23 19:18:00-05:00,400.34
2023-01-23 19:19:00-05:00,400.33
2023-01-23 19:20:00-05:00,400.37
2023-01-23 19:21:00-05:00,400.35
2023-01-23 19:22:00-05:00,400.42
2023-01-23 19:23:00-05:00,400.43
2023-01-23 19:24:00-05:00,400.39
2023-01-23 19:25:00-05:00,400.41
2023-01-23 19:26:00-05:00,400.4
2023-01-23 19:27:00-05:00,400.43
2023-01-23 19:28:00-05:00,400.42
2023-01-23 19:29:00-05:00,400.43
2023-01-23 19:30:00-05:00,400.41
2023-01-23 19:31:00-05:00,400.41
2023-01-23 19:32:00-05:00,400.41
2023-01-23 19:33:00-05:00,400.43
2023-01-23 19:34:00-05:00,400.43
2023-01-23 19:35:00-05:00,400.42
2023-01-23 19:36:00-05:00,400.46
2023-01-23 19:37:00-05:00,400.44
2023-01-23 19:38:00-05:00,400.45
2023-01-23 19:39:00-05:00,400.475
2023-01-23 19:40:00-05:00,400.48
2023-01-23 19:41:00-05:00,400.44
2023-01-23 19:42:00-05:00,400.45
2023-01-23 19:43:00-05:00,400.41
2023-01-23 19:44:00-05:00,400.45
2023-01-23 19:45:00-05:00,400.45
2023-01-23 19:46:00-05:00,400.44
2023-01-23 19:47:00-05:00,400.44
2023-01-23 19:48:00-05:00,400.4
2023-01-23 19:49:00-05:00,400.41
2023-01-23 19:50:00-05:00,400.42
2023-01-23 19:51:00-05:00,400.46
2023-01-23 19:52:00-05:00,400.46
2023-01-23 19:53:00-05:00,400.43
2023-01-23 19:54:00-05:00,400.45
2023-01-23 19:55:00-05:00,400.44
2023-01-23 19:56:00-05:00,400.43
2023-01-23 19:57:00-05:00,400.43
2023-01-23 19:58:00-05:00,400.43
2023-01-23 19:59:00-05:00,400.45
2023-01-24 04:00:00-05:00,400.43
2023-01-24 04:01:00-05:00,400.19
2023-01-24 04:02:00-05:00,400.14
2023-01-24 04:03:00-05:00,400.28
2023-01-24 04:04:00-05:00,400.2
2023-01-24 04:05:00-05:00,400.38
2023-01-24 04:06:00-05:00,400.41
2023-01-24 04:07:00-05:00,400.46
2023-01-24 04:08:00-05:00,400.47
2023-01-24 04:09:00-05:00,400.38
2023-01-24 04:10:00-05:00,400.35
2023-01-24 04:11:00-05:00,400.5
2023-01-24 04:12:00-05:00,400.51
2023-01-24 04:13:00-05:00,400.53
2023-01-24 04:14:00-05:00,400.53
2023-01-24 04:15:00-05:00,400.51
2023-01-24 04:16:00-05:00,400.5
2023-01-24 04:17:00-05:00,400.5
2023-01-24 04:18:00-05:00,400.48
2023-01-24 04:19:00-05:00,400.45
2023-01-24 04:20:00-05:00,400.4
2023-01-24 04:21:00-05:00,400.49
2023-01-24 04:22:00-05:00,400.5
2023-01-24 04:23:00-05:00,400.31
2023-01-24 04:24:00-05:00,400.28
2023-01-24 04:25:00-05:00,400.35
2023-01-24 04:26:00-05:00,400.38
2023-01-24 04:27:00-05:00,400.36
2023-01-24 04:29:00-05:00,400.29
2023-01-24 04:30:00-05:00,400.34
2023-01-24 04:31:00-05:00,400.3
2023-01-24 04:32:00-05:00,400.34
2023-01-24 04:33:00-05:00,400.31
2023-01-24 04:34:00-05:00,400.25
2023-01-24 04:35:00-05:00,400.25
2023-01-24 04:36:00-05:00,400.26
2023-01-24 04:37:00-05:00,400.25
2023-01-24 04:38:00-05:00,400.21
2023-01-24 04:39:00-05:00,400.23
2023-01-24 04:40:00-05:00,400.21
2023-01-24 04:41:00-05:00,400.17
2023-01-24 04:42:00-05:00,400.17
2023-01-24 04:43:00-05:00,400.08
2023-01-24 04:44:00-05:00,400.01
2023-01-24 04:45:00-05:00,400.01
2023-01-24 04:46:00-05:00,400.04
2023-01-24 04:47:00-05:00,400.0
2023-01-24 04:48:00-05:00,400.03
2023-01-24 04:49:00-05:00,400.05
2023-01-24 04:50:00-05:00,400.07
2023-01-24 04:51:00-05:00,400.18
2023-01-24 04:52:00-05:00,400.16
2023-01-24 04:53:00-05:00,400.08
2023-01-24 04:54:00-05:00,400.1
2023-01-24 04:55:00-05:00,400.04
2023-01-24 04:56:00-05:00,400.02
2023-01-24 04:57:00-05:00,400.05
2023-01-24 04:58:00-05:00,400.1
2023-01-24 04:59:00-05:00,400.08
2023-01-24 05:00:00-05:00,400.13
2023-01-24 05:01:00-05:00,400.14
2023-01-24 05:02:00-05:00,400.15
2023-01-24 05:03:00-05:00,400.17
2023-01-24 05:04:00-05:00,400.13
2023-01-24 05:05:00-05:00,400.13
2023-01-24 05:06:00-05:00,400.09
2023-01-24 05:07:00-05:00,400.1
2023-01-24 05:08:00-05:00,400.1
2023-01-24 05:09:00-05:00,400.01
2023-01-24 05:10:00-05:00,399.96
2023-01-24 05:11:00-05:00,399.95
2023-01-24 05:12:00-05:00,399.93
2023-01-24 05:13:00-05:00,399.91
2023-01-24 05:14:00-05:00,399.95
2023-01-24 05:15:00-05:00,399.97
2023-01-24 05:16:00-05:00,399.89
2023-01-24 05:17:00-05:00,399.83
2023-01-24 05:18:00-05:00,399.76
2023-01-24 05:19:00-05:00,399.81
2023-01-24 05:20:00-05:00,399.74
2023-01-24 05:21:00-05:00,399.75
2023-01-24 05:22:00-05:00,399.74
2023-01-24 05:23:00-05:00,399.83
2023-01-24 05:24:00-05:00,399.83
2023-01-24 05:25:00-05:00,399.88
2023-01-24 05:26:00-05:00,399.84
2023-01-24 05:27:00-05:00,399.77
2023-01-24 05:28:00-05:00,399.79
2023-01-24 05:29:00-05:00,399.78
2023-01-24 05:30:00-05:00,399.82
2023-01-24 05:32:00-05:00,399.81
2023-01-24 05:33:00-05:00,399.79
2023-01-24 05:34:00-05:00,399.72
2023-01-24 05:35:00-05:00,399.82
2023-01-24 05:36:00-05:00,399.82
2023-01-24 05:37:00-05:00,399.85
2023-01-24 05:38:00-05:00,399.85
2023-01-24 05:39:00-05:00,399.94
2023-01-24 05:40:00-05:00,399.9
2023-01-24 05:41:00-05:00,399.99
2023-01-24 05:42:00-05:00,399.98
2023-01-24 05:43:00-05:00,399.89
2023-01-24 05:44:00-05:00,399.81
2023-01-24 05:45:00-05:00,399.85
2023-01-24 05:46:00-05:00,399.8
2023-01-24 05:47:00-05:00,399.86
2023-01-24 05:48:00-05:00,399.9
2023-01-24 05:49:00-05:00,399.95
2023-01-24 05:50:00-05:00,400.03
2023-01-24 05:52:00-05:00,399.99
2023-01-24 05:53:00-05:00,400.03
2023-01-24 05:54:00-05:00,400.0
2023-01-24 05:55:00-05:00,400.03
2023-01-24 05:56:00-05:00,400.05
2023-01-24 05:57:00-05:00,400.0
2023-01-24 05:58:00-05:00,400.06
2023-01-24 05:59:00-05:00,400.01
2023-01-24 06:00:00-05:00,400.04
2023-01-24 06:01:00-05:00,399.94
2023-01-24 06:02:00-05:00,399.86
2023-01-24 06:03:00-05:00,399.87
2023-01-24 06:04:00-05:00,399.8
2023-01-24 06:05:00-05:00,399.83
2023-01-24 06:06:00-05:00,399.73
2023-01-24 06:07:00-05:00,399.65
2023-01-24 06:08:00-05:00,399.64
2023-01-24 06:09:00-05:00,399.61
2023-01-24 06:10:00-05:00,399.67
2023-01-24 06:11:00-05:00,399.55
2023-01-24 06:12:00-05:00,399.56
2023-01-24 06:13:00-05:00,399.59
2023-01-24 06:14:00-05:00,399.58
2023-01-24 06:16:00-05:00,399.52
2023-01-24 06:17:00-05:00,399.61
2023-01-24 06:18:00-05:00,399.6
2023-01-24 06:19:00-05:00,399.6
2023-01-24 06:20:00-05:00,399.49
2023-01-24 06:21:00-05:00,399.47
2023-01-24 06:22:00-05:00,399.5
2023-01-24 06:23:00-05:00,399.56
2023-01-24 06:24:00-05:00,399.59
2023-01-24 06:25:00-05:00,399.62
2023-01-24 06:26:00-05:00,399.62
2023-01-24 06:27:00-05:00,399.61
2023-01-24 06:28:00-05:00,399.56
2023-01-24 06:29:00-05:00,399.57
2023-01-24 06:30:00-05:00,399.5
2023-01-24 06:31:00-05:00,399.48
2023-01-24 06:32:00-05:00,399.55
2023-01-24 06:33:00-05:00,399.58
2023-01-24 06:34:00-05:00,399.59
2023-01-24 06:35:00-05:00,399.6
2023-01-24 06:36:00-05:00,399.64
2023-01-24 06:37:00-05:00,399.65
2023-01-24 06:38:00-05:00,399.78
2023-01-24 06:39:00-05:00,399.72
2023-01-24 06:40:00-05:00,399.78
2023-01-24 06:41:00-05:00,399.83
2023-01-24 06:42:00-05:00,399.84
2023-01-24 06:43:00-05:00,399.76
2023-01-24 06:44:00-05:00,399.8
2023-01-24 06:45:00-05:00,399.82
2023-01-24 06:46:00-05:00,399.8
2023-01-24 06:47:00-05:00,399.84
2023-01-24 06:48:00-05:00,399.82
2023-01-24 06:49:00-05:00,399.9
2023-01-24 06:50:00-05:00,399.95
2023-01-24 06:51:00-05:00,399.94
2023-01-24 06:52:00-05:00,399.94
2023-01-24 06:53:00-05:00,399.93
2023-01-24 06:54:00-05:00,399.9
2023-01-24 06:55:00-05:00,399.79
2023-01-24 06:56:00-05:00,399.82
2023-01-24 06:57:00-05:00,399.85
2023-01-24 06:58:00-05:00,399.82
2023-01-24 06:59:00-05:00,399.78
2023-01-24 07:00:00-05:00,399.76
2023-01-24 07:01:00-05:00,399.65
2023-01-24 07:02:00-05:00,399.76
2023-01-24 07:03:00-05:00,399.73
2023-01-24 07:04:00-05:00,399.59
2023-01-24 07:05:00-05:00,399.66
2023-01-24 07:06:00-05:00,399.63
2023-01-24 07:07:00-05:00,399.69
2023-01-24 07:08:00-05:00,399.7
2023-01-24 07:09:00-05:00,399.59
2023-01-24 07:10:00-05:00,399.59
2023-01-24 07:11:00-05:00,399.55
2023-01-24 07:12:00-05:00,399.52
2023-01-24 07:13:00-05:00,399.59
2023-01-24 07:14:00-05:00,399.62
2023-01-24 07:15:00-05:00,399.59
2023-01-24 07:16:00-05:00,399.66
2023-01-24 07:17:00-05:00,399.7
2023-01-24 07:18:00-05:00,399.65
2023-01-24 07:19:00-05:00,399.6
2023-01-24 07:20:00-05:00,399.7
2023-01-24 07:21:00-05:00,399.69
2023-01-24 07:22:00-05:00,399.69
2023-01-24 07:23:00-05:00,399.68
2023-01-24 07:24:00-05:00,399.63
2023-01-24 07:25:00-05:00,399.64
2023-01-24 07:26:00-05:00,399.65
2023-01-24 07:27:00-05:00,399.63
2023-01-24 07:28:00-05:00,399.75
2023-01-24 07:29:00-05:00,399.73
2023-01-24 07:30:00-05:00,399.69
2023-01-24 07:31:00-05:00,399.6
2023-01-24 07:32:00-05:00,399.71
2023-01-24 07:33:00-05:00,399.7
2023-01-24 07:34:00-05:00,399.67
2023-01-24 07:35:00-05:00,399.58
2023-01-24 07:36:00-05:00,399.58
2023-01-24 07:37:00-05:00,399.49
2023-01-24 07:38:00-05:00,399.47
2023-01-24 07:39:00-05:00,399.5
2023-01-24 07:40:00-05:00,399.62
2023-01-24 07:41:00-05:00,399.7
2023-01-24 07:42:00-05:00,399.78
2023-01-24 07:43:00-05:00,399.81
2023-01-24 07:44:00-05:00,399.77
2023-01-24 07:45:00-05:00,399.76
2023-01-24 07:46:00-05:00,399.68
2023-01-24 07:47:00-05:00,399.67
2023-01-24 07:48:00-05:00,399.77
2023-01-24 07:49:00-05:00,399.78
2023-01-24 07:50:00-05:00,399.8
2023-01-24 07:51:00-05:00,399.81
2023-01-24 07:52:00-05:00,399.85
2023-01-24 07:53:00-05:00,399.78
2023-01-24 07:54:00-05:00,399.78
2023-01-24 07:55:00-05:00,399.7
2023-01-24 07:56:00-05:00,399.68
2023-01-24 07:57:00-05:00,399.67
2023-01-24 07:58:00-05:00,399.7
2023-01-24 07:59:00-05:00,399.7
2023-01-24 08:00:00-05:00,400.4785
2023-01-24 08:01:00-05:00,401.0
2023-01-24 08:02:00-05:00,399.59
2023-01-24 08:03:00-05:00,399.69
2023-01-24 08:04:00-05:00,399.75
2023-01-24 08:05:00-05:00,399.69
2023-01-24 08:06:00-05:00,399.71
2023-01-24 08:07:00-05:00,399.77
2023-01-24 08:08:00-05:00,399.77
2023-01-24 08:09:00-05:00,399.78
2023-01-24 08:10:00-05:00,399.74
2023-01-24 08:11:00-05:00,399.7
2023-01-24 08:12:00-05:00,399.72
2023-01-24 08:13:00-05:00,399.66
2023-01-24 08:14:00-05:00,399.6699
2023-01-24 08:15:00-05:00,399.68
2023-01-24 08:16:00-05:00,399.68
2023-01-24 08:17:00-05:00,399.69
2023-01-24 08:18:00-05:00,399.58
2023-01-24 08:19:00-05:00,399.57
2023-01-24 08:20:00-05:00,399.52
2023-01-24 08:21:00-05:00,399.49
2023-01-24 08:22:00-05:00,399.615
2023-01-24 08:23:00-05:00,399.63
2023-01-24 08:24:00-05:00,399.62
2023-01-24 08:25:00-05:00,399.6
2023-01-24 08:26:00-05:00,399.6
2023-01-24 08:27:00-05:00,399.59
2023-01-24 08:28:00-05:00,399.68
2023-01-24 08:29:00-05:00,399.69
2023-01-24 08:30:00-05:00,399.79
2023-01-24 08:31:00-05:00,399.7
2023-01-24 08:32:00-05:00,399.6
2023-01-24 08:33:00-05:00,399.51
2023-01-24 08:34:00-05:00,399.47
2023-01-24 08:35:00-05:00,399.43
2023-01-24 08:36:00-05:00,399.39
2023-01-24 08:37:00-05:00,399.31
2023-01-24 08:38:00-05:00,399.2664
2023-01-24 08:39:00-05:00,399.22
2023-01-24 08:40:00-05:00,399.05
2023-01-24 08:41:00-05:00,399.01
2023-01-24 08:42:00-05:00,398.7
2023-01-24 08:43:00-05:00,398.64
2023-01-24 08:44:00-05:00,398.65
2023-01-24 08:45:00-05:00,398.71
2023-01-24 08:46:00-05:00,398.835
2023-01-24 08:47:00-05:00,400.63
2023-01-24 08:48:00-05:00,398.88
2023-01-24 08:49:00-05:00,398.99
2023-01-24 08:50:00-05:00,398.83
2023-01-24 08:51:00-05:00,398.82
2023-01-24 08:52:00-05:00,398.79
2023-01-24 08:53:00-05:00,398.67
2023-01-24 08:54:00-05:00,398.6
2023-01-24 08:55:00-05:00,398.7
2023-01-24 08:56:00-05:00,398.72
2023-01-24 08:57:00-05:00,398.67
2023-01-24 08:58:00-05:00,398.74
2023-01-24 08:59:00-05:00,398.83
2023-01-24 09:00:00-05:00,398.86
2023-01-24 09:01:00-05:00,398.82
2023-01-24 09:02:00-05:00,398.69
2023-01-24 09:03:00-05:00,398.67
2023-01-24 09:04:00-05:00,398.65
2023-01-24 09:05:00-05:00,398.8
2023-01-24 09:06:00-05:00,398.83
2023-01-24 09:07:00-05:00,398.89
2023-01-24 09:08:00-05:00,398.85
2023-01-24 09:09:00-05:00,398.8
2023-01-24 09:10:00-05:00,398.75
2023-01-24 09:11:00-05:00,398.66
2023-01-24 09:12:00-05:00,398.68
2023-01-24 09:13:00-05:00,398.82
2023-01-24 09:14:00-05:00,398.83
2023-01-24 09:30:00-05:00,399.05999755859375
2023-01-24 09:31:00-05:00,398.7900085449219
2023-01-24 09:32:00-05:00,399.1499938964844
2023-01-24 09:33:00-05:00,399.1099853515625
2023-01-24 09:34:00-05:00,399.0199890136719
2023-01-24 09:35:00-05:00,398.68011474609375
2023-01-24 09:36:00-05:00,398.7200012207031
2023-01-24 09:37:00-05:00,398.5799865722656
2023-01-24 09:38:00-05:00,398.6700134277344
2023-01-24 09:39:00-05:00,398.5199890136719
2023-01-24 09:40:00-05:00,398.4299926757813
2023-01-24 09:41:00-05:00,398.3500061035156
2023-01-24 09:42:00-05:00,398.90960693359375
2023-01-24 09:43:00-05:00,398.8900146484375
2023-01-24 09:44:00-05:00,398.8699951171875
2023-01-24 09:45:00-05:00,399.1499938964844
2023-01-24 09:46:00-05:00,399.4299926757813
2023-01-24 09:47:00-05:00,399.7099914550781
2023-01-24 09:48:00-05:00,399.7099914550781
2023-01-24 09:49:00-05:00,399.6600036621094
2023-01-24 09:50:00-05:00,399.5098876953125
2023-01-24 09:51:00-05:00,399.6499938964844
2023-01-24 09:52:00-05:00,399.7799987792969
2023-01-24 09:53:00-05:00,399.989990234375
2023-01-24 09:54:00-05:00,400.1300048828125
2023-01-24 09:55:00-05:00,400.1499938964844
2023-01-24 09:56:00-05:00,399.75
2023-01-24 09:57:00-05:00,399.239990234375
2023-01-24 09:58:00-05:00,398.9590148925781
2023-01-24 09:59:00-05:00,398.8999938964844
2023-01-24 10:00:00-05:00,398.739990234375
2023-01-24 10:01:00-05:00,398.6400146484375
2023-01-24 10:02:00-05:00,398.6700134277344
2023-01-24 10:03:00-05:00,398.6900024414063
2023-01-24 10:04:00-05:00,398.6300048828125
2023-01-24 10:05:00-05:00,398.3800048828125
2023-01-24 10:06:00-05:00,397.9400024414063
2023-01-24 10:07:00-05:00,398.0299987792969
2023-01-24 10:08:00-05:00,398.4100036621094
2023-01-24 10:09:00-05:00,398.6099853515625
2023-01-24 10:10:00-05:00,398.6000061035156
2023-01-24 10:11:00-05:00,398.9400024414063
2023-01-24 10:12:00-05:00,398.8699951171875
2023-01-24 10:13:00-05:00,398.8599853515625
2023-01-24 10:14:00-05:00,399.3500061035156
2023-01-24 10:15:00-05:00,399.989990234375
2023-01-24 10:16:00-05:00,399.6489868164063
2023-01-24 10:17:00-05:00,399.4700012207031
2023-01-24 10:18:00-05:00,399.3900146484375
2023-01-24 10:19:00-05:00,399.1000061035156
2023-01-24 10:20:00-05:00,399.0700073242188
2023-01-24 10:21:00-05:00,399.1839904785156
2023-01-24 10:22:00-05:00,399.0799865722656
2023-01-24 10:23:00-05:00,399.05999755859375
2023-01-24 10:24:00-05:00,398.8999938964844
2023-01-24 10:25:00-05:00,399.0419921875
2023-01-24 10:26:00-05:00,399.2349853515625
2023-01-24 10:27:00-05:00,399.1199951171875
2023-01-24 10:28:00-05:00,399.125
2023-01-24 10:29:00-05:00,399.3399963378906
2023-01-24 10:30:00-05:00,399.2799987792969
2023-01-24 10:31:00-05:00,399.4400024414063
2023-01-24 10:32:00-05:00,399.55999755859375
2023-01-24 10:33:00-05:00,399.5299987792969
2023-01-24 10:34:00-05:00,399.5199890136719
2023-01-24 10:35:00-05:00,399.3200073242188
2023-01-24 10:36:00-05:00,399.1900024414063
2023-01-24 10:37:00-05:00,398.8200073242188
2023-01-24 10:38:00-05:00,398.9020080566406
2023-01-24 10:39:00-05:00,398.9299926757813
2023-01-24 10:40:00-05:00,398.8800048828125
2023-01-24 10:41:00-05:00,399.0949096679688
2023-01-24 10:42:00-05:00,399.25
2023-01-24 10:43:00-05:00,399.7049865722656
2023-01-24 10:44:00-05:00,399.739990234375
2023-01-24 10:45:00-05:00,399.7900085449219
2023-01-24 10:46:00-05:00,399.9500122070313
2023-01-24 10:47:00-05:00,399.760009765625
2023-01-24 10:48:00-05:00,399.7799987792969
2023-01-24 10:49:00-05:00,399.8999938964844
2023-01-24 10:50:00-05:00,399.9800109863281
2023-01-24 10:51:00-05:00,399.9299926757813
2023-01-24 10:52:00-05:00,399.8699951171875
2023-01-24 10:53:00-05:00,399.869384765625
2023-01-24 10:54:00-05:00,400.2099914550781
2023-01-24 10:55:00-05:00,400.4500122070313
2023-01-24 10:56:00-05:00,400.5199890136719
2023-01-24 10:57:00-05:00,400.75
2023-01-24 10:58:00-05:00,400.6700134277344
2023-01-24 10:59:00-05:00,400.5285949707031
2023-01-24 11:00:00-05:00,400.5299987792969
2023-01-24 11:01:00-05:00,400.5899963378906
2023-01-24 11:02:00-05:00,400.6099853515625
2023-01-24 11:03:00-05:00,400.6099853515625
2023-01-24 11:04:00-05:00,400.6799926757813
2023-01-24 11:05:00-05:00,400.5899963378906
2023-01-24 11:06:00-05:00,400.4800109863281
2023-01-24 11:07:00-05:00,400.3890075683594
2023-01-24 11:08:00-05:00,400.4299926757813
2023-01-24 11:09:00-05:00,400.4500122070313
2023-01-24 11:10:00-05:00,400.5
2023-01-24 11:11:00-05:00,400.4599914550781
2023-01-24 11:12:00-05:00,400.4100036621094
2023-01-24 11:13:00-05:00,400.1998901367188
2023-01-24 11:14:00-05:00,400.1400146484375
2023-01-24 11:15:00-05:00,400.2099914550781
2023-01-24 11:16:00-05:00,400.1400146484375
2023-01-24 11:17:00-05:00,400.0299987792969
2023-01-24 11:18:00-05:00,400.0650024414063
2023-01-24 11:19:00-05:00,399.989990234375
2023-01-24 11:20:00-05:00,399.9299926757813
2023-01-24 11:21:00-05:00,399.9400024414063
2023-01-24 11:22:00-05:00,400.1724853515625
2023-01-24 11:23:00-05:00,400.2099914550781
2023-01-24 11:24:00-05:00,400.4500122070313
2023-01-24 11:25:00-05:00,400.3869934082031
2023-01-24 11:26:00-05:00,400.3900146484375
2023-01-24 11:27:00-05:00,400.4800109863281
2023-01-24 11:28:00-05:00,400.5899963378906
2023-01-24 11:29:00-05:00,400.7120056152344
2023-01-24 11:30:00-05:00,400.7000122070313
2023-01-24 11:31:00-05:00,400.4450073242188
2023-01-24 11:32:00-05:00,400.30999755859375
2023-01-24 11:33:00-05:00,400.2300109863281
2023-01-24 11:34:00-05:00,400.147705078125
2023-01-24 11:35:00-05:00,400.135009765625
2023-01-24 11:36:00-05:00,400.2300109863281
2023-01-24 11:37:00-05:00,400.2300109863281
2023-01-24 11:38:00-05:00,400.1700134277344
2023-01-24 11:39:00-05:00,400.2485046386719
2023-01-24 11:40:00-05:00,400.3699951171875
2023-01-24 11:41:00-05:00,400.1000061035156
2023-01-24 11:42:00-05:00,400.1900024414063
2023-01-24 11:43:00-05:00,400.1900024414063
2023-01-24 11:44:00-05:00,400.1199951171875
2023-01-24 11:45:00-05:00,400.2001037597656
2023-01-24 11:46:00-05:00,400.2900085449219
2023-01-24 11:47:00-05:00,400.2439880371094
2023-01-24 11:48:00-05:00,400.2000122070313
2023-01-24 11:49:00-05:00,400.2749938964844
2023-01-24 11:50:00-05:00,400.3552856445313
2023-01-24 11:51:00-05:00,400.4107971191406
2023-01-24 11:52:00-05:00,400.3601989746094
2023-01-24 11:53:00-05:00,400.25
2023-01-24 11:54:00-05:00,400.1099853515625
2023-01-24 11:55:00-05:00,400.239990234375
2023-01-24 11:56:00-05:00,400.2200012207031
2023-01-24 11:57:00-05:00,400.1900024414063
2023-01-24 11:58:00-05:00,400.0899963378906
2023-01-24 11:59:00-05:00,400.0700073242188
2023-01-24 12:00:00-05:00,400.0499877929688
2023-01-24 12:01:00-05:00,399.80999755859375
2023-01-24 12:02:00-05:00,399.489990234375
2023-01-24 12:03:00-05:00,399.5499877929688
2023-01-24 12:04:00-05:00,399.73919677734375
2023-01-24 12:05:00-05:00,399.8500061035156
2023-01-24 12:06:00-05:00,399.8500061035156
2023-01-24 12:07:00-05:00,400.25
2023-01-24 12:08:00-05:00,400.25
2023-01-24 12:09:00-05:00,400.2099914550781
2023-01-24 12:10:00-05:00,400.2900085449219
2023-01-24 12:11:00-05:00,400.3900146484375
2023-01-24 12:12:00-05:00,400.3599853515625
2023-01-24 12:13:00-05:00,400.3550109863281
2023-01-24 12:14:00-05:00,400.4400024414063
2023-01-24 12:15:00-05:00,400.4500122070313
2023-01-24 12:16:00-05:00,400.4200134277344
2023-01-24 12:17:00-05:00,400.4200134277344
2023-01-24 12:18:00-05:00,400.5400085449219
2023-01-24 12:19:00-05:00,400.4801025390625
2023-01-24 12:20:00-05:00,400.489990234375
2023-01-24 12:21:00-05:00,400.3699951171875
2023-01-24 12:22:00-05:00,400.3599853515625
2023-01-24 12:23:00-05:00,400.2699890136719
2023-01-24 12:24:00-05:00,400.3500061035156
2023-01-24 12:25:00-05:00,400.3800048828125
2023-01-24 12:26:00-05:00,400.2099914550781
2023-01-24 12:27:00-05:00,400.3500061035156
2023-01-24 12:28:00-05:00,400.3900146484375
2023-01-24 12:29:00-05:00,400.3900146484375
2023-01-24 12:30:00-05:00,400.30999755859375
2023-01-24 12:31:00-05:00,400.2799987792969
2023-01-24 12:32:00-05:00,400.30999755859375
2023-01-24 12:33:00-05:00,400.2799987792969
2023-01-24 12:34:00-05:00,400.25
2023-01-24 12:35:00-05:00,400.1000061035156
2023-01-24 12:36:00-05:00,400.1000061035156
2023-01-24 12:37:00-05:00,400.2900085449219
2023-01-24 12:38:00-05:00,400.3299865722656
2023-01-24 12:39:00-05:00,400.2300109863281
2023-01-24 12:40:00-05:00,400.1000061035156
2023-01-24 12:41:00-05:00,400.0499877929688
2023-01-24 12:42:00-05:00,400.0
2023-01-24 12:43:00-05:00,399.9700012207031
2023-01-24 12:44:00-05:00,399.989990234375
2023-01-24 12:45:00-05:00,399.9960021972656
2023-01-24 12:46:00-05:00,400.05999755859375
2023-01-24 12:47:00-05:00,399.9601135253906
2023-01-24 12:48:00-05:00,399.9800109863281
2023-01-24 12:49:00-05:00,400.0798950195313
2023-01-24 12:50:00-05:00,400.0299987792969
2023-01-24 12:51:00-05:00,400.0700073242188
2023-01-24 12:52:00-05:00,400.0299987792969
2023-01-24 12:53:00-05:00,400.1196899414063
2023-01-24 12:54:00-05:00,400.0050048828125
2023-01-24 12:55:00-05:00,400.0750122070313
2023-01-24 12:56:00-05:00,400.1799926757813
2023-01-24 12:57:00-05:00,400.0499877929688
2023-01-24 12:58:00-05:00,400.05999755859375
2023-01-24 12:59:00-05:00,400.1083068847656
2023-01-24 13:00:00-05:00,400.0400085449219
2023-01-24 13:01:00-05:00,400.2999877929688
2023-01-24 13:02:00-05:00,400.3450012207031
2023-01-24 13:03:00-05:00,400.3349914550781
2023-01-24 13:04:00-05:00,400.0499877929688
2023-01-24 13:05:00-05:00,399.7699890136719
2023-01-24 13:06:00-05:00,399.7699890136719
2023-01-24 13:07:00-05:00,399.8500061035156
2023-01-24 13:08:00-05:00,400.0600891113281
2023-01-24 13:09:00-05:00,400.0499877929688
2023-01-24 13:10:00-05:00,400.260009765625
2023-01-24 13:11:00-05:00,400.4299926757813
2023-01-24 13:12:00-05:00,400.4200134277344
2023-01-24 13:13:00-05:00,400.389892578125
2023-01-24 13:14:00-05:00,400.3550109863281
2023-01-24 13:15:00-05:00,400.3399963378906
2023-01-24 13:16:00-05:00,400.3900146484375
2023-01-24 13:17:00-05:00,400.3222961425781
2023-01-24 13:18:00-05:00,400.5899963378906
2023-01-24 13:19:00-05:00,400.5199890136719
2023-01-24 13:20:00-05:00,400.4800109863281
2023-01-24 13:21:00-05:00,400.489990234375
2023-01-24 13:22:00-05:00,400.419189453125
2023-01-24 13:23:00-05:00,400.2999877929688
2023-01-24 13:24:00-05:00,400.3399963378906
2023-01-24 13:25:00-05:00,400.3301086425781
2023-01-24 13:26:00-05:00,400.2799987792969
2023-01-24 13:27:00-05:00,400.2900085449219
2023-01-24 13:28:00-05:00,400.4100036621094
2023-01-24 13:29:00-05:00,400.5299987792969
2023-01-24 13:30:00-05:00,400.510009765625
2023-01-24 13:31:00-05:00,400.4400024414063
2023-01-24 13:32:00-05:00,400.55999755859375
2023-01-24 13:33:00-05:00,400.55999755859375
2023-01-24 13:34:00-05:00,400.5400085449219
2023-01-24 13:35:00-05:00,400.5199890136719
2023-01-24 13:36:00-05:00,400.4599914550781
2023-01-24 13:37:00-05:00,400.5498962402344
2023-01-24 13:38:00-05:00,400.5199890136719
2023-01-24 13:39:00-05:00,400.598388671875
2023-01-24 13:40:00-05:00,400.8699951171875
2023-01-24 13:41:00-05:00,400.9299926757813
2023-01-24 13:42:00-05:00,400.8699035644531
2023-01-24 13:43:00-05:00,401.0499877929688
2023-01-24 13:44:00-05:00,400.9800109863281
2023-01-24 13:45:00-05:00,400.9599914550781
2023-01-24 13:46:00-05:00,401.1000061035156
2023-01-24 13:47:00-05:00,401.1499938964844
2023-01-24 13:48:00-05:00,401.04010009765625
2023-01-24 13:49:00-05:00,401.04010009765625
2023-01-24 13:50:00-05:00,400.9800109863281
2023-01-24 13:51:00-05:00,400.9700012207031
2023-01-24 13:52:00-05:00,400.9400024414063
2023-01-24 13:53:00-05:00,400.8999938964844
2023-01-24 13:54:00-05:00,400.9798889160156
2023-01-24 13:55:00-05:00,400.989990234375
2023-01-24 13:56:00-05:00,401.0400085449219
2023-01-24 13:57:00-05:00,401.0198974609375
2023-01-24 13:58:00-05:00,400.9800109863281
2023-01-24 13:59:00-05:00,400.8500061035156
2023-01-24 14:00:00-05:00,400.8299865722656
2023-01-24 14:01:00-05:00,400.7200012207031
2023-01-24 14:02:00-05:00,400.2200012207031
2023-01-24 14:03:00-05:00,400.3399963378906
2023-01-24 14:04:00-05:00,400.3349914550781
2023-01-24 14:05:00-05:00,400.1499938964844
2023-01-24 14:06:00-05:00,400.2000122070313
2023-01-24 14:07:00-05:00,400.2749938964844
2023-01-24 14:08:00-05:00,400.3399963378906
2023-01-24 14:09:00-05:00,400.1799926757813
2023-01-24 14:10:00-05:00,400.239990234375
2023-01-24 14:11:00-05:00,400.30999755859375
2023-01-24 14:12:00-05:00,400.3250122070313
2023-01-24 14:13:00-05:00,400.2850036621094
2023-01-24 14:14:00-05:00,400.2200012207031
2023-01-24 14:15:00-05:00,400.1900024414063
2023-01-24 14:16:00-05:00,400.239990234375
2023-01-24 14:17:00-05:00,400.4100036621094
2023-01-24 14:18:00-05:00,400.3800048828125
2023-01-24 14:19:00-05:00,400.2799987792969
2023-01-24 14:20:00-05:00,400.260009765625
2023-01-24 14:21:00-05:00,400.3299865722656
2023-01-24 14:22:00-05:00,400.2900085449219
2023-01-24 14:23:00-05:00,400.3200073242188
2023-01-24 14:24:00-05:00,400.3699951171875
2023-01-24 14:25:00-05:00,400.3900146484375
2023-01-24 14:26:00-05:00,400.5
2023-01-24 14:27:00-05:00,400.5
2023-01-24 14:28:00-05:00,400.4599914550781
2023-01-24 14:29:00-05:00,400.4800109863281
2023-01-24 14:30:00-05:00,400.5199890136719
2023-01-24 14:31:00-05:00,400.635009765625
2023-01-24 14:32:00-05:00,400.5899963378906
2023-01-24 14:33:00-05:00,400.75
2023-01-24 14:34:00-05:00,400.6900939941406
2023-01-24 14:35:00-05:00,400.7000122070313
2023-01-24 14:36:00-05:00,400.760009765625
2023-01-24 14:37:00-05:00,400.7300109863281
2023-01-24 14:38:00-05:00,400.7200012207031
2023-01-24 14:39:00-05:00,400.7250061035156
2023-01-24 14:40:00-05:00,400.6300048828125
2023-01-24 14:41:00-05:00,400.6300048828125
2023-01-24 14:42:00-05:00,400.6600036621094
2023-01-24 14:43:00-05:00,400.75
2023-01-24 14:44:00-05:00,400.7300109863281
2023-01-24 14:45:00-05:00,400.8800048828125
2023-01-24 14:46:00-05:00,400.8800048828125
2023-01-24 14:47:00-05:00,400.8500061035156
2023-01-24 14:48:00-05:00,400.885009765625
2023-01-24 14:49:00-05:00,400.7950134277344
2023-01-24 14:50:00-05:00,400.6199951171875
2023-01-24 14:51:00-05:00,400.6099853515625
2023-01-24 14:52:00-05:00,400.5700073242188
2023-01-24 14:53:00-05:00,400.7349853515625
2023-01-24 14:54:00-05:00,400.80999755859375
2023-01-24 14:55:00-05:00,400.989990234375
2023-01-24 14:56:00-05:00,400.989990234375
2023-01-24 14:57:00-05:00,400.9500122070313
2023-01-24 14:58:00-05:00,400.885009765625
2023-01-24 14:59:00-05:00,401.0050048828125
2023-01-24 15:00:00-05:00,401.0
2023-01-24 15:01:00-05:00,400.9599914550781
2023-01-24 15:02:00-05:00,401.05999755859375
2023-01-24 15:03:00-05:00,401.0098876953125
2023-01-24 15:04:00-05:00,400.9599914550781
2023-01-24 15:05:00-05:00,400.8500061035156
2023-01-24 15:06:00-05:00,400.80999755859375
2023-01-24 15:07:00-05:00,400.739990234375
2023-01-24 15:08:00-05:00,400.80999755859375
2023-01-24 15:09:00-05:00,400.760009765625
2023-01-24 15:10:00-05:00,400.6900024414063
2023-01-24 15:11:00-05:00,400.6799926757813
2023-01-24 15:12:00-05:00,400.7900085449219
2023-01-24 15:13:00-05:00,400.6799926757813
2023-01-24 15:14:00-05:00,400.5499877929688
2023-01-24 15:15:00-05:00,400.5350036621094
2023-01-24 15:16:00-05:00,400.5499877929688
2023-01-24 15:17:00-05:00,400.5181884765625
2023-01-24 15:18:00-05:00,400.55999755859375
2023-01-24 15:19:00-05:00,400.5450134277344
2023-01-24 15:20:00-05:00,400.5450134277344
2023-01-24 15:21:00-05:00,400.489990234375
2023-01-24 15:22:00-05:00,400.5700073242188
2023-01-24 15:23:00-05:00,400.5199890136719
2023-01-24 15:24:00-05:00,400.6199951171875
2023-01-24 15:25:00-05:00,400.5400085449219
2023-01-24 15:26:00-05:00,400.4849853515625
2023-01-24 15:27:00-05:00,400.6700134277344
2023-01-24 15:28:00-05:00,400.7200012207031
2023-01-24 15:29:00-05:00,400.6400146484375
2023-01-24 15:30:00-05:00,400.6299133300781
2023-01-24 15:31:00-05:00,400.4498901367188
2023-01-24 15:32:00-05:00,400.3200073242188
2023-01-24 15:33:00-05:00,400.239990234375
2023-01-24 15:34:00-05:00,400.0199890136719
2023-01-24 15:35:00-05:00,400.0
2023-01-24 15:36:00-05:00,400.0299987792969
2023-01-24 15:37:00-05:00,399.9800109863281
2023-01-24 15:38:00-05:00,399.9249877929688
2023-01-24 15:39:00-05:00,399.9299926757813
2023-01-24 15:40:00-05:00,399.8699951171875
2023-01-24 15:41:00-05:00,399.55999755859375
2023-01-24 15:42:00-05:00,399.5400085449219
2023-01-24 15:43:00-05:00,399.4800109863281
2023-01-24 15:44:00-05:00,399.5799865722656
2023-01-24 15:45:00-05:00,399.55999755859375
2023-01-24 15:46:00-05:00,399.4849853515625
2023-01-24 15:47:00-05:00,399.5050048828125
2023-01-24 15:48:00-05:00,399.5750122070313
2023-01-24 15:49:00-05:00,399.6600036621094
2023-01-24 15:50:00-05:00,399.989990234375
2023-01-24 15:51:00-05:00,400.17919921875
2023-01-24 15:52:00-05:00,400.260009765625
2023-01-24 15:53:00-05:00,400.2000122070313
2023-01-24 15:54:00-05:00,400.2999877929688
2023-01-24 15:55:00-05:00,400.5199890136719
2023-01-24 15:56:00-05:00,400.5799865722656
2023-01-24 15:57:00-05:00,400.5199890136719
2023-01-24 15:58:00-05:00,400.5299987792969
2023-01-24 15:59:00-05:00,400.6499938964844
2023-01-24 16:00:00-05:00,400.54
2023-01-24 16:01:00-05:00,401.75
2023-01-24 16:02:00-05:00,401.81
2023-01-24 16:03:00-05:00,401.64
2023-01-24 16:04:00-05:00,401.44
2023-01-24 16:05:00-05:00,401.41
2023-01-24 16:06:00-05:00,401.61
2023-01-24 16:07:00-05:00,401.51
2023-01-24 16:08:00-05:00,401.47
2023-01-24 16:09:00-05:00,401.5
2023-01-24 16:10:00-05:00,401.64
2023-01-24 16:11:00-05:00,401.53
2023-01-24 16:12:00-05:00,401.47
2023-01-24 16:13:00-05:00,401.22
2023-01-24 16:14:00-05:00,401.04
2023-01-24 16:15:00-05:00,401.25
2023-01-24 16:16:00-05:00,401.19
2023-01-24 16:17:00-05:00,401.19
2023-01-24 16:18:00-05:00,401.29
2023-01-24 16:19:00-05:00,401.29
2023-01-24 16:20:00-05:00,401.35
2023-01-24 16:21:00-05:00,401.26
2023-01-24 16:22:00-05:00,401.2
2023-01-24 16:23:00-05:00,401.26
2023-01-24 16:24:00-05:00,401.18
2023-01-24 16:25:00-05:00,401.07
2023-01-24 16:26:00-05:00,401.06
2023-01-24 16:27:00-05:00,401.15
2023-01-24 16:28:00-05:00,401.15
2023-01-24 16:29:00-05:00,401.11
2023-01-24 16:30:00-05:00,401.11
2023-01-24 16:31:00-05:00,401.19
2023-01-24 16:32:00-05:00,401.18
2023-01-24 16:33:00-05:00,401.19
2023-01-24 16:34:00-05:00,401.19
2023-01-24 16:35:00-05:00,401.25
2023-01-24 16:36:00-05:00,401.24
2023-01-24 16:37:00-05:00,401.33
2023-01-24 16:38:00-05:00,401.39
2023-01-24 16:39:00-05:00,401.37
2023-01-24 16:40:00-05:00,401.24
2023-01-24 16:41:00-05:00,401.245
2023-01-24 16:42:00-05:00,401.25
2023-01-24 16:43:00-05:00,401.29
2023-01-24 16:44:00-05:00,401.34
2023-01-24 16:45:00-05:00,401.29
2023-01-24 16:46:00-05:00,401.27
2023-01-24 16:47:00-05:00,401.22
2023-01-24 16:48:00-05:00,401.13
2023-01-24 16:49:00-05:00,401.04
2023-01-24 16:50:00-05:00,401.07
2023-01-24 16:51:00-05:00,401.02
2023-01-24 16:52:00-05:00,401.05
2023-01-24 16:53:00-05:00,401.05
2023-01-24 16:54:00-05:00,401.07
2023-01-24 16:55:00-05:00,401.04
2023-01-24 16:56:00-05:00,401.01
2023-01-24 16:57:00-05:00,400.97
2023-01-24 16:58:00-05:00,400.98
2023-01-24 16:59:00-05:00,401.11
2023-01-24 17:00:00-05:00,401.1
2023-01-24 17:01:00-05:00,401.02
2023-01-24 17:02:00-05:00,401.1
2023-01-24 17:03:00-05:00,401.05
2023-01-24 17:04:00-05:00,401.05
2023-01-24 17:05:00-05:00,401.05
2023-01-24 17:06:00-05:00,401.05
2023-01-24 17:07:00-05:00,401.01
2023-01-24 17:08:00-05:00,401.05
2023-01-24 17:09:00-05:00,401.05
2023-01-24 17:10:00-05:00,401.05
2023-01-24 17:11:00-05:00,401.07
2023-01-24 17:12:00-05:00,401.01
2023-01-24 17:13:00-05:00,400.99
2023-01-24 17:14:00-05:00,401.04
2023-01-24 17:15:00-05:00,401.04
2023-01-24 17:16:00-05:00,401.09
2023-01-24 17:17:00-05:00,401.11
2023-01-24 17:18:00-05:00,401.1
2023-01-24 17:19:00-05:00,401.09
2023-01-24 17:20:00-05:00,401.08
2023-01-24 17:21:00-05:00,401.09
2023-01-24 17:22:00-05:00,401.06
2023-01-24 17:23:00-05:00,401.05
2023-01-24 17:24:00-05:00,401.04
2023-01-24 17:25:00-05:00,401.07
2023-01-24 17:26:00-05:00,401.07
2023-01-24 17:27:00-05:00,401.05
2023-01-24 17:28:00-05:00,401.04
2023-01-24 17:29:00-05:00,401.05
2023-01-24 17:30:00-05:00,401.05
2023-01-24 17:31:00-05:00,401.05
2023-01-24 17:32:00-05:00,401.05
2023-01-24 17:33:00-05:00,401.05
2023-01-24 17:34:00-05:00,401.0
2023-01-24 17:35:00-05:00,401.01
2023-01-24 17:36:00-05:00,401.07
2023-01-24 17:37:00-05:00,401.07
2023-01-24 17:38:00-05:00,401.06
2023-01-24 17:39:00-05:00,401.06
2023-01-24 17:40:00-05:00,401.06
2023-01-24 17:41:00-05:00,401.04
2023-01-24 17:42:00-05:00,401.04
2023-01-24 17:43:00-05:00,401.035
2023-01-24 17:44:00-05:00,401.06
2023-01-24 17:45:00-05:00,401.06
2023-01-24 17:46:00-05:00,401.06
2023-01-24 17:47:00-05:00,401.02
2023-01-24 17:48:00-05:00,401.0
2023-01-24 17:49:00-05:00,401.0
2023-01-24 17:50:00-05:00,400.85
2023-01-24 17:51:00-05:00,400.94
2023-01-24 17:52:00-05:00,400.85
2023-01-24 17:53:00-05:00,400.94
2023-01-24 17:54:00-05:00,400.9
2023-01-24 17:55:00-05:00,401.08
2023-01-24 17:56:00-05:00,401.07
2023-01-24 17:57:00-05:00,400.95
2023-01-24 17:58:00-05:00,400.95
2023-01-24 17:59:00-05:00,400.95
2023-01-24 18:00:00-05:00,401.04
2023-01-24 18:01:00-05:00,401.02
2023-01-24 18:02:00-05:00,400.98
2023-01-24 18:03:00-05:00,400.93
2023-01-24 18:04:00-05:00,400.78
2023-01-24 18:05:00-05:00,400.7
2023-01-24 18:06:00-05:00,400.44
2023-01-24 18:07:00-05:00,400.51
2023-01-24 18:08:00-05:00,400.51
2023-01-24 18:09:00-05:00,400.31
2023-01-24 18:10:00-05:00,400.3
2023-01-24 18:11:00-05:00,400.3
2023-01-24 18:12:00-05:00,400.37
2023-01-24 18:13:00-05:00,400.34
2023-01-24 18:14:00-05:00,400.21
2023-01-24 18:15:00-05:00,400.31
2023-01-24 18:16:00-05:00,400.19
2023-01-24 18:17:00-05:00,400.1
2023-01-24 18:18:00-05:00,400.07
2023-01-24 18:19:00-05:00,399.93
2023-01-24 18:20:00-05:00,399.95
2023-01-24 18:21:00-05:00,399.73
2023-01-24 18:22:00-05:00,399.69
2023-01-24 18:23:00-05:00,399.64
2023-01-24 18:24:00-05:00,399.6
2023-01-24 18:25:00-05:00,399.46
2023-01-24 18:26:00-05:00,399.36
2023-01-24 18:27:00-05:00,399.09
2023-01-24 18:28:00-05:00,399.04
2023-01-24 18:29:00-05:00,399.02
2023-01-24 18:30:00-05:00,399.07
2023-01-24 18:31:00-05:00,399.08
2023-01-24 18:32:00-05:00,398.85
2023-01-24 18:33:00-05:00,399.0
2023-01-24 18:34:00-05:00,398.98
2023-01-24 18:35:00-05:00,399.0
2023-01-24 18:36:00-05:00,399.1
2023-01-24 18:37:00-05:00,399.1
2023-01-24 18:38:00-05:00,399.03
2023-01-24 18:39:00-05:00,399.08
2023-01-24 18:40:00-05:00,399.13
2023-01-24 18:41:00-05:00,399.09
2023-01-24 18:42:00-05:00,399.1
2023-01-24 18:43:00-05:00,400.5599
2023-01-24 18:44:00-05:00,400.5999
2023-01-24 18:45:00-05:00,398.94
2023-01-24 18:46:00-05:00,399.0
2023-01-24 18:47:00-05:00,398.71
2023-01-24 18:48:00-05:00,400.6101
2023-01-24 18:49:00-05:00,400.1001
2023-01-24 18:50:00-05:00,398.76
2023-01-24 18:51:00-05:00,398.75
2023-01-24 18:52:00-05:00,398.7
2023-01-24 18:53:00-05:00,398.9
2023-01-24 18:54:00-05:00,398.9
2023-01-24 18:55:00-05:00,398.84
2023-01-24 18:56:00-05:00,398.87
2023-01-24 18:57:00-05:00,398.92
2023-01-24 18:58:00-05:00,398.89
2023-01-24 18:59:00-05:00,398.94
2023-01-24 19:00:00-05:00,398.94
2023-01-24 19:01:00-05:00,398.94
2023-01-24 19:02:00-05:00,398.94
2023-01-24 19:03:00-05:00,399.0
2023-01-24 19:04:00-05:00,399.07
2023-01-24 19:05:00-05:00,399.06
2023-01-24 19:06:00-05:00,399.09
2023-01-24 19:07:00-05:00,399.08
2023-01-24 19:08:00-05:00,399.09
2023-01-24 19:09:00-05:00,399.06
2023-01-24 19:10:00-05:00,399.09
2023-01-24 19:11:00-05:00,399.08
2023-01-24 19:12:00-05:00,399.12
2023-01-24 19:13:00-05:00,399.08
2023-01-24 19:14:00-05:00,399.08
2023-01-24 19:15:00-05:00,399.08
2023-01-24 19:16:00-05:00,399.06
2023-01-24 19:17:00-05:00,399.08
2023-01-24 19:18:00-05:00,399.07
2023-01-24 19:19:00-05:00,399.05
2023-01-24 19:20:00-05:00,399.05
2023-01-24 19:21:00-05:00,398.98
2023-01-24 19:22:00-05:00,398.97
2023-01-24 19:23:00-05:00,399.0
2023-01-24 19:24:00-05:00,399.02
2023-01-24 19:25:00-05:00,399.05
2023-01-24 19:26:00-05:00,399.03
2023-01-24 19:27:00-05:00,399.005
2023-01-24 19:28:00-05:00,398.97
2023-01-24 19:29:00-05:00,399.01
2023-01-24 19:30:00-05:00,398.95
2023-01-24 19:31:00-05:00,398.85
2023-01-24 19:32:00-05:00,398.84
2023-01-24 19:33:00-05:00,398.79
2023-01-24 19:34:00-05:00,398.8
2023-01-24 19:35:00-05:00,398.8
2023-01-24 19:36:00-05:00,398.71
2023-01-24 19:37:00-05:00,398.8
2023-01-24 19:38:00-05:00,398.8
2023-01-24 19:39:00-05:00,398.78
2023-01-24 19:40:00-05:00,398.67
2023-01-24 19:41:00-05:00,398.66
2023-01-24 19:42:00-05:00,398.68
2023-01-24 19:43:00-05:00,398.69
2023-01-24 19:44:00-05:00,398.56
2023-01-24 19:45:00-05:00,398.5
2023-01-24 19:46:00-05:00,398.5
2023-01-24 19:47:00-05:00,398.47
2023-01-24 19:48:00-05:00,398.44
2023-01-24 19:49:00-05:00,398.42
2023-01-24 19:50:00-05:00,398.33
2023-01-24 19:51:00-05:00,398.33
2023-01-24 19:52:00-05:00,398.37
2023-01-24 19:53:00-05:00,398.4
2023-01-24 19:54:00-05:00,398.36
2023-01-24 19:55:00-05:00,398.48
2023-01-24 19:56:00-05:00,398.64
2023-01-24 19:57:00-05:00,398.65
2023-01-24 19:58:00-05:00,398.68
2023-01-24 19:59:00-05:00,398.64
2023-01-25 04:00:00-05:00,398.83
2023-01-25 04:01:00-05:00,398.8
2023-01-25 04:02:00-05:00,398.65
2023-01-25 04:03:00-05:00,398.65
2023-01-25 04:04:00-05:00,398.67
2023-01-25 04:05:00-05:00,398.64
2023-01-25 04:06:00-05:00,398.67
2023-01-25 04:07:00-05:00,398.75
2023-01-25 04:08:00-05:00,398.82
2023-01-25 04:09:00-05:00,398.66
2023-01-25 04:10:00-05:00,398.67
2023-01-25 04:11:00-05:00,398.67
2023-01-25 04:12:00-05:00,398.59
2023-01-25 04:13:00-05:00,398.58
2023-01-25 04:14:00-05:00,398.62
2023-01-25 04:15:00-05:00,398.55
2023-01-25 04:16:00-05:00,398.5
2023-01-25 04:17:00-05:00,398.48
2023-01-25 04:18:00-05:00,398.41
2023-01-25 04:19:00-05:00,398.43
2023-01-25 04:20:00-05:00,398.48
2023-01-25 04:21:00-05:00,398.44
2023-01-25 04:22:00-05:00,398.39
2023-01-25 04:23:00-05:00,398.38
2023-01-25 04:24:00-05:00,398.29
2023-01-25 04:25:00-05:00,398.37
2023-01-25 04:26:00-05:00,398.45
2023-01-25 04:27:00-05:00,398.44
2023-01-25 04:28:00-05:00,398.45
2023-01-25 04:29:00-05:00,398.5
2023-01-25 04:30:00-05:00,398.55
2023-01-25 04:31:00-05:00,398.57
2023-01-25 04:32:00-05:00,398.6
2023-01-25 04:33:00-05:00,398.62
2023-01-25 04:34:00-05:00,398.38
2023-01-25 04:35:00-05:00,398.38
2023-01-25 04:36:00-05:00,398.39
2023-01-25 04:37:00-05:00,398.38
2023-01-25 04:38:00-05:00,398.39
2023-01-25 04:39:00-05:00,398.42
2023-01-25 04:40:00-05:00,398.49
2023-01-25 04:41:00-05:00,398.45
2023-01-25 04:42:00-05:00,398.52
2023-01-25 04:43:00-05:00,398.45
2023-01-25 04:44:00-05:00,398.42
2023-01-25 04:45:00-05:00,398.38
2023-01-25 04:46:00-05:00,398.34
2023-01-25 04:47:00-05:00,398.29
2023-01-25 04:48:00-05:00,398.26
2023-01-25 04:49:00-05:00,398.21
2023-01-25 04:50:00-05:00,398.07
2023-01-25 04:51:00-05:00,397.94
2023-01-25 04:52:00-05:00,397.94
2023-01-25 04:53:00-05:00,397.85
2023-01-25 04:54:00-05:00,397.83
2023-01-25 04:55:00-05:00,397.72
2023-01-25 04:56:00-05:00,397.79
2023-01-25 04:57:00-05:00,397.72
2023-01-25 04:58:00-05:00,397.71
2023-01-25 04:59:00-05:00,397.72
2023-01-25 05:00:00-05:00,397.6
2023-01-25 05:01:00-05:00,397.59
2023-01-25 05:02:00-05:00,397.52
2023-01-25 05:03:00-05:00,397.5
2023-01-25 05:04:00-05:00,397.67
2023-01-25 05:05:00-05:00,397.77
2023-01-25 05:06:00-05:00,397.66
2023-01-25 05:07:00-05:00,397.45
2023-01-25 05:08:00-05:00,397.31
2023-01-25 05:09:00-05:00,397.36
2023-01-25 05:10:00-05:00,397.33
2023-01-25 05:11:00-05:00,397.32
2023-01-25 05:12:00-05:00,397.29
2023-01-25 05:13:00-05:00,397.27
2023-01-25 05:14:00-05:00,397.18
2023-01-25 05:15:00-05:00,397.12
2023-01-25 05:16:00-05:00,397.04
2023-01-25 05:17:00-05:00,396.91
2023-01-25 05:18:00-05:00,396.89
2023-01-25 05:19:00-05:00,396.94
2023-01-25 05:20:00-05:00,397.1
2023-01-25 05:21:00-05:00,397.09
2023-01-25 05:22:00-05:00,397.02
2023-01-25 05:23:00-05:00,397.08
2023-01-25 05:24:00-05:00,397.01
2023-01-25 05:25:00-05:00,397.0
2023-01-25 05:26:00-05:00,397.08
2023-01-25 05:27:00-05:00,397.09
2023-01-25 05:28:00-05:00,397.12
2023-01-25 05:29:00-05:00,397.25
2023-01-25 05:30:00-05:00,397.27
2023-01-25 05:31:00-05:00,397.24
2023-01-25 05:32:00-05:00,397.19
2023-01-25 05:33:00-05:00,397.24
2023-01-25 05:34:00-05:00,397.18
2023-01-25 05:35:00-05:00,397.31
2023-01-25 05:36:00-05:00,397.56
2023-01-25 05:37:00-05:00,397.5
2023-01-25 05:38:00-05:00,397.52
2023-01-25 05:39:00-05:00,397.4
2023-01-25 05:40:00-05:00,397.4
2023-01-25 05:41:00-05:00,397.32
2023-01-25 05:42:00-05:00,397.37
2023-01-25 05:43:00-05:00,397.3
2023-01-25 05:44:00-05:00,397.31
2023-01-25 05:45:00-05:00,397.42
2023-01-25 05:46:00-05:00,397.39
2023-01-25 05:47:00-05:00,397.47
2023-01-25 05:48:00-05:00,397.46
2023-01-25 05:49:00-05:00,397.5
2023-01-25 05:50:00-05:00,397.65
2023-01-25 05:51:00-05:00,397.71
2023-01-25 05:52:00-05:00,397.71
2023-01-25 05:53:00-05:00,397.73
2023-01-25 05:54:00-05:00,397.63
2023-01-25 05:55:00-05:00,397.62
2023-01-25 05:56:00-05:00,397.64
2023-01-25 05:57:00-05:00,397.62
2023-01-25 05:58:00-05:00,397.6
2023-01-25 05:59:00-05:00,397.49
2023-01-25 06:00:00-05:00,397.65
2023-01-25 06:01:00-05:00,397.65
2023-01-25 06:02:00-05:00,397.56
2023-01-25 06:03:00-05:00,397.42
2023-01-25 06:04:00-05:00,397.47
2023-01-25 06:05:00-05:00,397.53
2023-01-25 06:06:00-05:00,397.54
2023-01-25 06:07:00-05:00,397.52
2023-01-25 06:08:00-05:00,397.6
2023-01-25 06:09:00-05:00,397.54
2023-01-25 06:10:00-05:00,397.59
2023-01-25 06:11:00-05:00,397.65
2023-01-25 06:12:00-05:00,397.7
2023-01-25 06:13:00-05:00,397.78
2023-01-25 06:14:00-05:00,397.84
2023-01-25 06:15:00-05:00,397.84
2023-01-25 06:16:00-05:00,397.83
2023-01-25 06:17:00-05:00,397.81
2023-01-25 06:18:00-05:00,397.84
2023-01-25 06:19:00-05:00,397.77
2023-01-25 06:20:00-05:00,397.75
2023-01-25 06:21:00-05:00,397.81
2023-01-25 06:22:00-05:00,397.81
2023-01-25 06:23:00-05:00,397.72
2023-01-25 06:24:00-05:00,397.68
2023-01-25 06:25:00-05:00,397.65
2023-01-25 06:26:00-05:00,397.74
2023-01-25 06:27:00-05:00,397.76
2023-01-25 06:28:00-05:00,397.79
2023-01-25 06:29:00-05:00,397.81
2023-01-25 06:30:00-05:00,397.69
2023-01-25 06:31:00-05:00,397.68
2023-01-25 06:32:00-05:00,397.6
2023-01-25 06:33:00-05:00,397.6
2023-01-25 06:34:00-05:00,397.66
2023-01-25 06:35:00-05:00,397.6
2023-01-25 06:36:00-05:00,397.55
2023-01-25 06:37:00-05:00,397.52
2023-01-25 06:38:00-05:00,397.58
2023-01-25 06:39:00-05:00,397.57
2023-01-25 06:40:00-05:00,397.52
2023-01-25 06:41:00-05:00,397.45
2023-01-25 06:42:00-05:00,397.42
2023-01-25 06:43:00-05:00,397.4
2023-01-25 06:44:00-05:00,397.52
2023-01-25 06:45:00-05:00,397.54
2023-01-25 06:46:00-05:00,397.54
2023-01-25 06:47:00-05:00,397.42
2023-01-25 06:48:00-05:00,397.42
2023-01-25 06:49:00-05:00,397.34
2023-01-25 06:50:00-05:00,397.4
2023-01-25 06:51:00-05:00,397.34
2023-01-25 06:52:00-05:00,397.19
2023-01-25 06:53:00-05:00,397.18
2023-01-25 06:54:00-05:00,397.21
2023-01-25 06:55:00-05:00,397.08
2023-01-25 06:56:00-05:00,397.07
2023-01-25 06:57:00-05:00,397.07
2023-01-25 06:58:00-05:00,397.09
2023-01-25 06:59:00-05:00,397.21
2023-01-25 07:00:00-05:00,397.32
2023-01-25 07:01:00-05:00,397.33
2023-01-25 07:02:00-05:00,397.35
2023-01-25 07:03:00-05:00,397.26
2023-01-25 07:04:00-05:00,397.23
2023-01-25 07:05:00-05:00,397.2
2023-01-25 07:06:00-05:00,397.22
2023-01-25 07:07:00-05:00,397.28
2023-01-25 07:08:00-05:00,397.28
2023-01-25 07:09:00-05:00,397.35
2023-01-25 07:10:00-05:00,397.46
2023-01-25 07:11:00-05:00,397.56
2023-01-25 07:12:00-05:00,397.62
2023-01-25 07:13:00-05:00,397.58
2023-01-25 07:14:00-05:00,397.46
2023-01-25 07:15:00-05:00,397.43
2023-01-25 07:16:00-05:00,397.32
2023-01-25 07:17:00-05:00,397.15
2023-01-25 07:18:00-05:00,397.19
2023-01-25 07:19:00-05:00,397.2
2023-01-25 07:20:00-05:00,397.15
2023-01-25 07:21:00-05:00,397.17
2023-01-25 07:22:00-05:00,397.16
2023-01-25 07:23:00-05:00,397.16
2023-01-25 07:24:00-05:00,397.19
2023-01-25 07:25:00-05:00,397.3
2023-01-25 07:26:00-05:00,397.29
2023-01-25 07:27:00-05:00,397.3
2023-01-25 07:28:00-05:00,397.31
2023-01-25 07:29:00-05:00,397.28
2023-01-25 07:30:00-05:00,397.22
2023-01-25 07:31:00-05:00,397.2
2023-01-25 07:32:00-05:00,397.35
2023-01-25 07:33:00-05:00,397.27
2023-01-25 07:34:00-05:00,397.19
2023-01-25 07:35:00-05:00,397.26
2023-01-25 07:36:00-05:00,397.18
2023-01-25 07:37:00-05:00,397.34
2023-01-25 07:38:00-05:00,397.32
2023-01-25 07:39:00-05:00,397.28
2023-01-25 07:40:00-05:00,397.32
2023-01-25 07:41:00-05:00,397.32
2023-01-25 07:42:00-05:00,397.32
2023-01-25 07:43:00-05:00,397.18
2023-01-25 07:44:00-05:00,397.21
2023-01-25 07:45:00-05:00,397.19
2023-01-25 07:46:00-05:00,397.2
2023-01-25 07:47:00-05:00,397.19
2023-01-25 07:48:00-05:00,397.26
2023-01-25 07:49:00-05:00,397.21
2023-01-25 07:50:00-05:00,397.18
2023-01-25 07:51:00-05:00,397.22
2023-01-25 07:52:00-05:00,397.32
2023-01-25 07:53:00-05:00,397.34
2023-01-25 07:54:00-05:00,397.43
2023-01-25 07:55:00-05:00,397.38
2023-01-25 07:56:00-05:00,397.46
2023-01-25 07:57:00-05:00,397.47
2023-01-25 07:58:00-05:00,397.44
2023-01-25 07:59:00-05:00,397.39
2023-01-25 08:00:00-05:00,398.6304
2023-01-25 08:01:00-05:00,399.34
2023-01-25 08:02:00-05:00,397.15
2023-01-25 08:03:00-05:00,397.1
2023-01-25 08:04:00-05:00,397.07
2023-01-25 08:05:00-05:00,396.99
2023-01-25 08:06:00-05:00,397.01
2023-01-25 08:07:00-05:00,396.98
2023-01-25 08:08:00-05:00,397.0
2023-01-25 08:09:00-05:00,397.13
2023-01-25 08:10:00-05:00,397.12
2023-01-25 08:11:00-05:00,397.23
2023-01-25 08:12:00-05:00,397.19
2023-01-25 08:13:00-05:00,397.23
2023-01-25 08:14:00-05:00,397.28
2023-01-25 08:15:00-05:00,397.1085
2023-01-25 08:16:00-05:00,397.26
2023-01-25 08:17:00-05:00,397.25
2023-01-25 08:18:00-05:00,397.16
2023-01-25 08:19:00-05:00,397.16
2023-01-25 08:20:00-05:00,397.12
2023-01-25 08:21:00-05:00,397.2
2023-01-25 08:22:00-05:00,397.19
2023-01-25 08:23:00-05:00,397.085
2023-01-25 08:24:00-05:00,396.99
2023-01-25 08:25:00-05:00,396.925
2023-01-25 08:26:00-05:00,396.97
2023-01-25 08:27:00-05:00,396.99
2023-01-25 08:28:00-05:00,396.97
2023-01-25 08:29:00-05:00,396.99
2023-01-25 08:30:00-05:00,396.98
2023-01-25 08:31:00-05:00,396.98
2023-01-25 08:32:00-05:00,396.95
2023-01-25 08:33:00-05:00,396.78
2023-01-25 08:34:00-05:00,396.61
2023-01-25 08:35:00-05:00,396.59
2023-01-25 08:36:00-05:00,396.54
2023-01-25 08:37:00-05:00,396.45
2023-01-25 08:38:00-05:00,396.44
2023-01-25 08:39:00-05:00,396.61
2023-01-25 08:40:00-05:00,396.6
2023-01-25 08:41:00-05:00,396.41
2023-01-25 08:42:00-05:00,396.39
2023-01-25 08:43:00-05:00,396.28
2023-01-25 08:44:00-05:00,396.39
2023-01-25 08:45:00-05:00,400.2
2023-01-25 08:46:00-05:00,396.3
2023-01-25 08:47:00-05:00,400.2
2023-01-25 08:48:00-05:00,396.295
2023-01-25 08:49:00-05:00,396.2
2023-01-25 08:50:00-05:00,396.11
2023-01-25 08:51:00-05:00,396.14
2023-01-25 08:52:00-05:00,396.14
2023-01-25 08:53:00-05:00,396.11
2023-01-25 08:54:00-05:00,396.11
2023-01-25 08:55:00-05:00,396.119
2023-01-25 08:56:00-05:00,396.11
2023-01-25 08:57:00-05:00,396.09
2023-01-25 08:58:00-05:00,396.09
2023-01-25 08:59:00-05:00,396.13
2023-01-25 09:00:00-05:00,396.21
2023-01-25 09:01:00-05:00,396.15
2023-01-25 09:02:00-05:00,396.07
2023-01-25 09:03:00-05:00,395.995
2023-01-25 09:04:00-05:00,395.95
2023-01-25 09:05:00-05:00,395.9
2023-01-25 09:06:00-05:00,395.89
2023-01-25 09:07:00-05:00,396.05
2023-01-25 09:08:00-05:00,396.27
2023-01-25 09:09:00-05:00,396.34
2023-01-25 09:10:00-05:00,396.29
2023-01-25 09:11:00-05:00,396.25
2023-01-25 09:12:00-05:00,396.17
2023-01-25 09:13:00-05:00,396.1
2023-01-25 09:14:00-05:00,396.08
2023-01-25 09:30:00-05:00,395.7099914550781
2023-01-25 09:31:00-05:00,395.8299865722656
2023-01-25 09:32:00-05:00,395.7349853515625
2023-01-25 09:33:00-05:00,395.6400146484375
2023-01-25 09:34:00-05:00,395.75
2023-01-25 09:35:00-05:00,395.760009765625
2023-01-25 09:36:00-05:00,395.8399963378906
2023-01-25 09:37:00-05:00,395.8900146484375
2023-01-25 09:38:00-05:00,396.1570129394531
2023-01-25 09:39:00-05:00,396.0899963378906
2023-01-25 09:40:00-05:00,396.4800109863281
2023-01-25 09:41:00-05:00,396.6499938964844
2023-01-25 09:42:00-05:00,396.4450073242188
2023-01-25 09:43:00-05:00,396.4100036621094
2023-01-25 09:44:00-05:00,396.3299865722656
2023-01-25 09:45:00-05:00,396.2149963378906
2023-01-25 09:46:00-05:00,396.1199951171875
2023-01-25 09:47:00-05:00,396.1700134277344
2023-01-25 09:48:00-05:00,396.0799865722656
2023-01-25 09:49:00-05:00,395.7499084472656
2023-01-25 09:50:00-05:00,395.9584045410156
2023-01-25 09:51:00-05:00,395.7300109863281
2023-01-25 09:52:00-05:00,395.7300109863281
2023-01-25 09:53:00-05:00,395.7000122070313
2023-01-25 09:54:00-05:00,395.1199951171875
2023-01-25 09:55:00-05:00,395.1700134277344
2023-01-25 09:56:00-05:00,394.9500122070313
2023-01-25 09:57:00-05:00,394.6000061035156
2023-01-25 09:58:00-05:00,394.6700134277344
2023-01-25 09:59:00-05:00,394.5700073242188
2023-01-25 10:00:00-05:00,394.6499938964844
2023-01-25 10:01:00-05:00,394.875
2023-01-25 10:02:00-05:00,394.5299987792969
2023-01-25 10:03:00-05:00,394.5899963378906
2023-01-25 10:04:00-05:00,394.8399963378906
2023-01-25 10:05:00-05:00,395.2699890136719
2023-01-25 10:06:00-05:00,395.8599853515625
2023-01-25 10:07:00-05:00,395.8399963378906
2023-01-25 10:08:00-05:00,395.7699890136719
2023-01-25 10:09:00-05:00,395.5799865722656
2023-01-25 10:10:00-05:00,395.5299987792969
2023-01-25 10:11:00-05:00,395.5700073242188
2023-01-25 10:12:00-05:00,395.3900146484375
2023-01-25 10:13:00-05:00,395.4299926757813
2023-01-25 10:14:00-05:00,395.2900085449219
2023-01-25 10:15:00-05:00,394.8299865722656
2023-01-25 10:16:00-05:00,394.7900085449219
2023-01-25 10:17:00-05:00,395.2900085449219
2023-01-25 10:18:00-05:00,395.5
2023-01-25 10:19:00-05:00,395.260009765625
2023-01-25 10:20:00-05:00,395.1300048828125
2023-01-25 10:21:00-05:00,394.9599914550781
2023-01-25 10:22:00-05:00,394.8699951171875
2023-01-25 10:23:00-05:00,394.8800048828125
2023-01-25 10:24:00-05:00,394.7200012207031
2023-01-25 10:25:00-05:00,394.7699890136719
2023-01-25 10:26:00-05:00,394.9200134277344
2023-01-25 10:27:00-05:00,394.9700012207031
2023-01-25 10:28:00-05:00,394.8599853515625
2023-01-25 10:29:00-05:00,394.8900146484375
2023-01-25 10:30:00-05:00,395.05999755859375
2023-01-25 10:31:00-05:00,395.3800048828125
2023-01-25 10:32:00-05:00,395.1300048828125
2023-01-25 10:33:00-05:00,394.75
2023-01-25 10:34:00-05:00,394.7250061035156
2023-01-25 10:35:00-05:00,394.7349853515625
2023-01-25 10:36:00-05:00,394.3599853515625
2023-01-25 10:37:00-05:00,394.0799865722656
2023-01-25 10:38:00-05:00,393.80999755859375
2023-01-25 10:39:00-05:00,393.80999755859375
2023-01-25 10:40:00-05:00,394.05999755859375
2023-01-25 10:41:00-05:00,394.1900024414063
2023-01-25 10:42:00-05:00,394.2200012207031
2023-01-25 10:43:00-05:00,394.4299926757813
2023-01-25 10:44:00-05:00,394.4254150390625
2023-01-25 10:45:00-05:00,394.5400085449219
2023-01-25 10:46:00-05:00,394.7900085449219
2023-01-25 10:47:00-05:00,394.64599609375
2023-01-25 10:48:00-05:00,394.5799865722656
2023-01-25 10:49:00-05:00,394.6099853515625
2023-01-25 10:50:00-05:00,394.30999755859375
2023-01-25 10:51:00-05:00,394.2099914550781
2023-01-25 10:52:00-05:00,394.0899963378906
2023-01-25 10:53:00-05:00,394.3399963378906
2023-01-25 10:54:00-05:00,394.3500061035156
2023-01-25 10:55:00-05:00,394.5899963378906
2023-01-25 10:56:00-05:00,394.7099914550781
2023-01-25 10:57:00-05:00,394.9200134277344
2023-01-25 10:58:00-05:00,395.0400085449219
2023-01-25 10:59:00-05:00,394.9800109863281
2023-01-25 11:00:00-05:00,394.9400024414063
2023-01-25 11:01:00-05:00,395.1600036621094
2023-01-25 11:02:00-05:00,395.0899963378906
2023-01-25 11:03:00-05:00,395.1000061035156
2023-01-25 11:04:00-05:00,395.1900024414063
2023-01-25 11:05:00-05:00,395.1700134277344
2023-01-25 11:06:00-05:00,395.010009765625
2023-01-25 11:07:00-05:00,394.9599914550781
2023-01-25 11:08:00-05:00,394.9500122070313
2023-01-25 11:09:00-05:00,394.8900146484375
2023-01-25 11:10:00-05:00,394.9299926757813
2023-01-25 11:11:00-05:00,395.1000061035156
2023-01-25 11:12:00-05:00,395.4400024414063
2023-01-25 11:13:00-05:00,395.3999938964844
2023-01-25 11:14:00-05:00,395.4700012207031
2023-01-25 11:15:00-05:00,395.4700012207031
2023-01-25 11:16:00-05:00,395.4299926757813
2023-01-25 11:17:00-05:00,395.364990234375
2023-01-25 11:18:00-05:00,395.4299926757813
2023-01-25 11:19:00-05:00,396.1400146484375
2023-01-25 11:20:00-05:00,396.0499877929688
2023-01-25 11:21:00-05:00,396.4200134277344
2023-01-25 11:22:00-05:00,396.4299926757813
2023-01-25 11:23:00-05:00,396.2799987792969
2023-01-25 11:24:00-05:00,396.114990234375
2023-01-25 11:25:00-05:00,396.0899963378906
2023-01-25 11:26:00-05:00,396.0799865722656
2023-01-25 11:27:00-05:00,396.1759948730469
2023-01-25 11:28:00-05:00,396.2099914550781
2023-01-25 11:29:00-05:00,396.2099914550781
2023-01-25 11:30:00-05:00,396.2000122070313
2023-01-25 11:31:00-05:00,396.3001098632813
2023-01-25 11:32:00-05:00,396.18499755859375
2023-01-25 11:33:00-05:00,396.180908203125
2023-01-25 11:34:00-05:00,396.3349914550781
2023-01-25 11:35:00-05:00,396.3150024414063
2023-01-25 11:36:00-05:00,396.2650146484375
2023-01-25 11:37:00-05:00,396.4100036621094
2023-01-25 11:38:00-05:00,396.5199890136719
2023-01-25 11:39:00-05:00,396.6199951171875
2023-01-25 11:40:00-05:00,396.55999755859375
2023-01-25 11:41:00-05:00,396.5199890136719
2023-01-25 11:42:00-05:00,396.2699890136719
2023-01-25 11:43:00-05:00,396.30999755859375
2023-01-25 11:44:00-05:00,396.2850036621094
2023-01-25 11:45:00-05:00,396.3200073242188
2023-01-25 11:46:00-05:00,396.2900085449219
2023-01-25 11:47:00-05:00,396.3299865722656
2023-01-25 11:48:00-05:00,396.3299865722656
2023-01-25 11:49:00-05:00,396.489990234375
2023-01-25 11:50:00-05:00,396.5950012207031
2023-01-25 11:51:00-05:00,397.0499877929688
2023-01-25 11:52:00-05:00,397.5150146484375
2023-01-25 11:53:00-05:00,397.6000061035156
2023-01-25 11:54:00-05:00,397.5050048828125
2023-01-25 11:55:00-05:00,397.510009765625
2023-01-25 11:56:00-05:00,397.7200012207031
2023-01-25 11:57:00-05:00,397.7250061035156
2023-01-25 11:58:00-05:00,397.4299926757813
2023-01-25 11:59:00-05:00,397.3399963378906
2023-01-25 12:00:00-05:00,397.4200134277344
2023-01-25 12:01:00-05:00,397.4500122070313
2023-01-25 12:02:00-05:00,397.3200073242188
2023-01-25 12:03:00-05:00,397.239990234375
2023-01-25 12:04:00-05:00,397.1950073242188
2023-01-25 12:05:00-05:00,397.0700073242188
2023-01-25 12:06:00-05:00,397.0199890136719
2023-01-25 12:07:00-05:00,396.9999084472656
2023-01-25 12:08:00-05:00,397.1950073242188
2023-01-25 12:09:00-05:00,397.2699890136719
2023-01-25 12:10:00-05:00,397.2000122070313
2023-01-25 12:11:00-05:00,397.1799926757813
2023-01-25 12:12:00-05:00,397.0249938964844
2023-01-25 12:13:00-05:00,397.0199890136719
2023-01-25 12:14:00-05:00,397.0899963378906
2023-01-25 12:15:00-05:00,397.3200073242188
2023-01-25 12:16:00-05:00,397.2120056152344
2023-01-25 12:17:00-05:00,397.1650085449219
2023-01-25 12:18:00-05:00,397.1900024414063
2023-01-25 12:19:00-05:00,397.1799926757813
2023-01-25 12:20:00-05:00,397.1299133300781
2023-01-25 12:21:00-05:00,397.0150146484375
2023-01-25 12:22:00-05:00,396.9000854492188
2023-01-25 12:23:00-05:00,396.885009765625
2023-01-25 12:24:00-05:00,396.8800048828125
2023-01-25 12:25:00-05:00,396.8999938964844
2023-01-25 12:26:00-05:00,396.7699890136719
2023-01-25 12:27:00-05:00,396.7298889160156
2023-01-25 12:28:00-05:00,396.6700134277344
2023-01-25 12:29:00-05:00,396.71728515625
2023-01-25 12:30:00-05:00,396.8999938964844
2023-01-25 12:31:00-05:00,396.8599853515625
2023-01-25 12:32:00-05:00,396.9500122070313
2023-01-25 12:33:00-05:00,396.9200134277344
2023-01-25 12:34:00-05:00,396.7999877929688
2023-01-25 12:35:00-05:00,397.05999755859375
2023-01-25 12:36:00-05:00,397.1099853515625
2023-01-25 12:37:00-05:00,397.1000061035156
2023-01-25 12:38:00-05:00,397.1000061035156
2023-01-25 12:39:00-05:00,397.1099853515625
2023-01-25 12:40:00-05:00,397.3699951171875
2023-01-25 12:41:00-05:00,397.3299865722656
2023-01-25 12:42:00-05:00,397.3900146484375
2023-01-25 12:43:00-05:00,397.4299926757813
2023-01-25 12:44:00-05:00,397.4389953613281
2023-01-25 12:45:00-05:00,397.2200012207031
2023-01-25 12:46:00-05:00,397.2760009765625
2023-01-25 12:47:00-05:00,397.3200073242188
2023-01-25 12:48:00-05:00,397.2799987792969
2023-01-25 12:49:00-05:00,397.2999877929688
2023-01-25 12:50:00-05:00,397.4100036621094
2023-01-25 12:51:00-05:00,397.4549865722656
2023-01-25 12:52:00-05:00,397.4800109863281
2023-01-25 12:53:00-05:00,397.2699890136719
2023-01-25 12:54:00-05:00,397.3200073242188
2023-01-25 12:55:00-05:00,397.3200073242188
2023-01-25 12:56:00-05:00,397.25
2023-01-25 12:57:00-05:00,397.2000122070313
2023-01-25 12:58:00-05:00,397.3200073242188
2023-01-25 12:59:00-05:00,397.30999755859375
2023-01-25 13:00:00-05:00,397.2699890136719
2023-01-25 13:01:00-05:00,397.409912109375
2023-01-25 13:02:00-05:00,398.0
2023-01-25 13:03:00-05:00,397.6600036621094
2023-01-25 13:04:00-05:00,397.6300048828125
2023-01-25 13:05:00-05:00,397.6799926757813
2023-01-25 13:06:00-05:00,397.80999755859375
2023-01-25 13:07:00-05:00,397.9150085449219
2023-01-25 13:08:00-05:00,397.885009765625
2023-01-25 13:09:00-05:00,397.8399963378906
2023-01-25 13:10:00-05:00,397.9400024414063
2023-01-25 13:11:00-05:00,398.3200073242188
2023-01-25 13:12:00-05:00,398.2699890136719
2023-01-25 13:13:00-05:00,398.239990234375
2023-01-25 13:14:00-05:00,398.2000122070313
2023-01-25 13:15:00-05:00,398.3599853515625
2023-01-25 13:16:00-05:00,398.3299865722656
2023-01-25 13:17:00-05:00,398.3299865722656
2023-01-25 13:18:00-05:00,398.2900085449219
2023-01-25 13:19:00-05:00,398.3699951171875
2023-01-25 13:20:00-05:00,398.5
2023-01-25 13:21:00-05:00,398.5799865722656
2023-01-25 13:22:00-05:00,398.6199951171875
2023-01-25 13:23:00-05:00,398.6000061035156
2023-01-25 13:24:00-05:00,398.5199890136719
2023-01-25 13:25:00-05:00,398.6549987792969
2023-01-25 13:26:00-05:00,398.75
2023-01-25 13:27:00-05:00,398.7799987792969
2023-01-25 13:28:00-05:00,398.8200073242188
2023-01-25 13:29:00-05:00,398.8900146484375
2023-01-25 13:30:00-05:00,398.93499755859375
2023-01-25 13:31:00-05:00,398.8800048828125
2023-01-25 13:32:00-05:00,398.7999877929688
2023-01-25 13:33:00-05:00,398.7398986816406
2023-01-25 13:34:00-05:00,398.5450134277344
2023-01-25 13:35:00-05:00,398.6600036621094
2023-01-25 13:36:00-05:00,398.7900085449219
2023-01-25 13:37:00-05:00,398.7699890136719
2023-01-25 13:38:00-05:00,398.760009765625
2023-01-25 13:39:00-05:00,398.760009765625
2023-01-25 13:40:00-05:00,398.8399963378906
2023-01-25 13:41:00-05:00,398.8200073242188
2023-01-25 13:42:00-05:00,398.8299865722656
2023-01-25 13:43:00-05:00,398.8450012207031
2023-01-25 13:44:00-05:00,398.75
2023-01-25 13:45:00-05:00,398.8900146484375
2023-01-25 13:46:00-05:00,399.0899963378906
2023-01-25 13:47:00-05:00,399.0799865722656
2023-01-25 13:48:00-05:00,399.3399963378906
2023-01-25 13:49:00-05:00,399.3599853515625
2023-01-25 13:50:00-05:00,399.289794921875
2023-01-25 13:51:00-05:00,399.3399963378906
2023-01-25 13:52:00-05:00,399.2799072265625
2023-01-25 13:53:00-05:00,399.2000122070313
2023-01-25 13:54:00-05:00,399.1300048828125
2023-01-25 13:55:00-05:00,399.0199890136719
2023-01-25 13:56:00-05:00,398.989990234375
2023-01-25 13:57:00-05:00,398.9360046386719
2023-01-25 13:58:00-05:00,398.9299011230469
2023-01-25 13:59:00-05:00,399.0199890136719
2023-01-25 14:00:00-05:00,399.1600036621094
2023-01-25 14:01:00-05:00,399.0292053222656
2023-01-25 14:02:00-05:00,398.8500061035156
2023-01-25 14:03:00-05:00,399.010009765625
2023-01-25 14:04:00-05:00,398.96771240234375
2023-01-25 14:05:00-05:00,399.0
2023-01-25 14:06:00-05:00,398.9700012207031
2023-01-25 14:07:00-05:00,399.0299987792969
2023-01-25 14:08:00-05:00,399.1799926757813
2023-01-25 14:09:00-05:00,399.0950012207031
2023-01-25 14:10:00-05:00,399.1300048828125
2023-01-25 14:11:00-05:00,399.2099914550781
2023-01-25 14:12:00-05:00,400.0
2023-01-25 14:13:00-05:00,399.5899963378906
2023-01-25 14:14:00-05:00,399.6000061035156
2023-01-25 14:15:00-05:00,400.0
2023-01-25 14:16:00-05:00,400.1744995117188
2023-01-25 14:17:00-05:00,400.2099914550781
2023-01-25 14:18:00-05:00,400.135009765625
2023-01-25 14:19:00-05:00,400.1600036621094
2023-01-25 14:20:00-05:00,400.1900939941406
2023-01-25 14:21:00-05:00,399.9700012207031
2023-01-25 14:22:00-05:00,399.9450073242188
2023-01-25 14:23:00-05:00,399.8280029296875
2023-01-25 14:24:00-05:00,399.7099914550781
2023-01-25 14:25:00-05:00,399.6400146484375
2023-01-25 14:26:00-05:00,399.4800109863281
2023-01-25 14:27:00-05:00,399.4100036621094
2023-01-25 14:28:00-05:00,399.2950134277344
2023-01-25 14:29:00-05:00,399.3800048828125
2023-01-25 14:30:00-05:00,399.4100036621094
2023-01-25 14:31:00-05:00,399.3250122070313
2023-01-25 14:32:00-05:00,399.4700012207031
2023-01-25 14:33:00-05:00,399.3494873046875
2023-01-25 14:34:00-05:00,399.0799865722656
2023-01-25 14:35:00-05:00,399.0199890136719
2023-01-25 14:36:00-05:00,399.1300048828125
2023-01-25 14:37:00-05:00,399.1099853515625
2023-01-25 14:38:00-05:00,399.0916137695313
2023-01-25 14:39:00-05:00,399.1600036621094
2023-01-25 14:40:00-05:00,399.239990234375
2023-01-25 14:41:00-05:00,399.4700012207031
2023-01-25 14:42:00-05:00,399.4599914550781
2023-01-25 14:43:00-05:00,399.4200134277344
2023-01-25 14:44:00-05:00,399.4200134277344
2023-01-25 14:45:00-05:00,399.4249877929688
2023-01-25 14:46:00-05:00,399.3800048828125
2023-01-25 14:47:00-05:00,399.5899963378906
2023-01-25 14:48:00-05:00,399.5400085449219
2023-01-25 14:49:00-05:00,399.5450134277344
2023-01-25 14:50:00-05:00,399.5050048828125
2023-01-25 14:51:00-05:00,399.8200073242188
2023-01-25 14:52:00-05:00,399.8999938964844
2023-01-25 14:53:00-05:00,399.7300109863281
2023-01-25 14:54:00-05:00,399.8200073242188
2023-01-25 14:55:00-05:00,399.9800109863281
2023-01-25 14:56:00-05:00,399.9507141113281
2023-01-25 14:57:00-05:00,399.9043884277344
2023-01-25 14:58:00-05:00,400.0299987792969
2023-01-25 14:59:00-05:00,400.05999755859375
2023-01-25 15:00:00-05:00,400.05999755859375
2023-01-25 15:01:00-05:00,400.3299865722656
2023-01-25 15:02:00-05:00,400.3500061035156
2023-01-25 15:03:00-05:00,400.2900085449219
2023-01-25 15:04:00-05:00,400.4500122070313
2023-01-25 15:05:00-05:00,400.4400024414063
2023-01-25 15:06:00-05:00,400.41009521484375
2023-01-25 15:07:00-05:00,400.4400024414063
2023-01-25 15:08:00-05:00,400.6050109863281
2023-01-25 15:09:00-05:00,400.6400146484375
2023-01-25 15:10:00-05:00,400.7000122070313
2023-01-25 15:11:00-05:00,400.6749877929688
2023-01-25 15:12:00-05:00,400.2760009765625
2023-01-25 15:13:00-05:00,400.1300048828125
2023-01-25 15:14:00-05:00,400.1600036621094
2023-01-25 15:15:00-05:00,400.2449951171875
2023-01-25 15:16:00-05:00,400.0199890136719
2023-01-25 15:17:00-05:00,400.1000061035156
2023-01-25 15:18:00-05:00,400.0499877929688
2023-01-25 15:19:00-05:00,400.010009765625
2023-01-25 15:20:00-05:00,399.9800109863281
2023-01-25 15:21:00-05:00,399.8099060058594
2023-01-25 15:22:00-05:00,399.885009765625
2023-01-25 15:23:00-05:00,399.8900146484375
2023-01-25 15:24:00-05:00,399.80999755859375
2023-01-25 15:25:00-05:00,399.6900024414063
2023-01-25 15:26:00-05:00,399.8599853515625
2023-01-25 15:27:00-05:00,400.0
2023-01-25 15:28:00-05:00,399.9649963378906
2023-01-25 15:29:00-05:00,399.989990234375
2023-01-25 15:30:00-05:00,400.1400146484375
2023-01-25 15:31:00-05:00,400.1300048828125
2023-01-25 15:32:00-05:00,400.1600036621094
2023-01-25 15:33:00-05:00,400.1400146484375
2023-01-25 15:34:00-05:00,400.1449890136719
2023-01-25 15:35:00-05:00,400.0299987792969
2023-01-25 15:36:00-05:00,399.7950134277344
2023-01-25 15:37:00-05:00,399.9700012207031
2023-01-25 15:38:00-05:00,400.0750122070313
2023-01-25 15:39:00-05:00,400.2799987792969
2023-01-25 15:40:00-05:00,400.1000061035156
2023-01-25 15:41:00-05:00,400.0899963378906
2023-01-25 15:42:00-05:00,400.0050048828125
2023-01-25 15:43:00-05:00,400.0199890136719
2023-01-25 15:44:00-05:00,399.88909912109375
2023-01-25 15:45:00-05:00,399.8399963378906
2023-01-25 15:46:00-05:00,399.6300048828125
2023-01-25 15:47:00-05:00,399.66009521484375
2023-01-25 15:48:00-05:00,399.6799926757813
2023-01-25 15:49:00-05:00,399.8176879882813
2023-01-25 15:50:00-05:00,399.8299865722656
2023-01-25 15:51:00-05:00,399.6400146484375
2023-01-25 15:52:00-05:00,399.6099853515625
2023-01-25 15:53:00-05:00,399.5199890136719
2023-01-25 15:54:00-05:00,399.7000122070313
2023-01-25 15:55:00-05:00,400.0
2023-01-25 15:56:00-05:00,400.0499877929688
2023-01-25 15:57:00-05:00,400.0499877929688
2023-01-25 15:58:00-05:00,400.0799865722656
2023-01-25 15:59:00-05:00,400.3800048828125
2023-01-25 16:00:00-05:00,400.6
2023-01-25 16:01:00-05:00,400.58
2023-01-25 16:02:00-05:00,400.49
2023-01-25 16:03:00-05:00,400.45
2023-01-25 16:04:00-05:00,400.5
2023-01-25 16:05:00-05:00,400.39
2023-01-25 16:06:00-05:00,400.47
2023-01-25 16:07:00-05:00,400.32
2023-01-25 16:08:00-05:00,400.98
2023-01-25 16:09:00-05:00,401.02
2023-01-25 16:10:00-05:00,400.51
2023-01-25 16:11:00-05:00,400.403
2023-01-25 16:12:00-05:00,400.16
2023-01-25 16:13:00-05:00,400.12
2023-01-25 16:14:00-05:00,400.05
2023-01-25 16:15:00-05:00,400.35
2023-01-25 16:16:00-05:00,400.12
2023-01-25 16:17:00-05:00,400.01
2023-01-25 16:18:00-05:00,399.97
2023-01-25 16:19:00-05:00,400.05
2023-01-25 16:20:00-05:00,399.95
2023-01-25 16:21:00-05:00,399.86
2023-01-25 16:22:00-05:00,399.91
2023-01-25 16:23:00-05:00,400.35
2023-01-25 16:24:00-05:00,400.13
2023-01-25 16:25:00-05:00,400.12
2023-01-25 16:26:00-05:00,400.21
2023-01-25 16:27:00-05:00,400.19
2023-01-25 16:28:00-05:00,400.18
2023-01-25 16:29:00-05:00,400.35
2023-01-25 16:30:00-05:00,400.16
2023-01-25 16:31:00-05:00,400.403
2023-01-25 16:32:00-05:00,400.09
2023-01-25 16:33:00-05:00,400.13
2023-01-25 16:34:00-05:00,400.09
2023-01-25 16:35:00-05:00,400.08
2023-01-25 16:36:00-05:00,400.04
2023-01-25 16:37:00-05:00,400.05
2023-01-25 16:38:00-05:00,400.07
2023-01-25 16:39:00-05:00,400.11
2023-01-25 16:40:00-05:00,400.11
2023-01-25 16:41:00-05:00,400.12
2023-01-25 16:42:00-05:00,400.1
2023-01-25 16:43:00-05:00,400.1
2023-01-25 16:44:00-05:00,400.08
2023-01-25 16:45:00-05:00,400.065
2023-01-25 16:46:00-05:00,400.07
2023-01-25 16:47:00-05:00,400.05
2023-01-25 16:48:00-05:00,400.04
2023-01-25 16:49:00-05:00,400.04
2023-01-25 16:50:00-05:00,400.06
2023-01-25 16:51:00-05:00,400.11
2023-01-25 16:52:00-05:00,400.11
2023-01-25 16:53:00-05:00,400.09
2023-01-25 16:54:00-05:00,400.11
2023-01-25 16:55:00-05:00,400.16
2023-01-25 16:56:00-05:00,400.185
2023-01-25 16:57:00-05:00,400.33
2023-01-25 16:58:00-05:00,400.33
2023-01-25 16:59:00-05:00,400.11
2023-01-25 17:00:00-05:00,400.2
2023-01-25 17:01:00-05:00,400.15
2023-01-25 17:02:00-05:00,400.2
2023-01-25 17:03:00-05:00,400.2
2023-01-25 17:04:00-05:00,400.15
2023-01-25 17:05:00-05:00,400.15
2023-01-25 17:06:00-05:00,400.15
2023-01-25 17:07:00-05:00,400.1
2023-01-25 17:08:00-05:00,400.1
2023-01-25 17:09:00-05:00,400.08
2023-01-25 17:10:00-05:00,400.08
2023-01-25 17:11:00-05:00,400.08
2023-01-25 17:12:00-05:00,399.99
2023-01-25 17:13:00-05:00,400.0
2023-01-25 17:14:00-05:00,400.0
2023-01-25 17:15:00-05:00,400.0
2023-01-25 17:16:00-05:00,399.96
2023-01-25 17:17:00-05:00,400.0
2023-01-25 17:18:00-05:00,400.0
2023-01-25 17:19:00-05:00,400.0
2023-01-25 17:20:00-05:00,400.0
2023-01-25 17:21:00-05:00,400.0
2023-01-25 17:22:00-05:00,400.0
2023-01-25 17:23:00-05:00,400.0
2023-01-25 17:24:00-05:00,400.0
2023-01-25 17:25:00-05:00,400.0
2023-01-25 17:26:00-05:00,400.0
2023-01-25 17:27:00-05:00,400.0
2023-01-25 17:28:00-05:00,399.99
2023-01-25 17:29:00-05:00,400.0
2023-01-25 17:30:00-05:00,400.0
2023-01-25 17:31:00-05:00,400.0
2023-01-25 17:32:00-05:00,400.0
2023-01-25 17:33:00-05:00,400.0
2023-01-25 17:34:00-05:00,400.0
2023-01-25 17:35:00-05:00,400.0
2023-01-25 17:36:00-05:00,400.0
2023-01-25 17:37:00-05:00,400.08
2023-01-25 17:38:00-05:00,400.08
2023-01-25 17:39:00-05:00,400.1
2023-01-25 17:40:00-05:00,400.1
2023-01-25 17:41:00-05:00,400.16
2023-01-25 17:42:00-05:00,400.18
2023-01-25 17:43:00-05:00,400.04
2023-01-25 17:44:00-05:00,400.0
2023-01-25 17:45:00-05:00,400.0
2023-01-25 17:46:00-05:00,400.0
2023-01-25 17:47:00-05:00,400.04
2023-01-25 17:48:00-05:00,400.04
2023-01-25 17:49:00-05:00,400.1
2023-01-25 17:50:00-05:00,400.03
2023-01-25 17:51:00-05:00,400.1
2023-01-25 17:52:00-05:00,400.1
2023-01-25 17:53:00-05:00,400.085
2023-01-25 17:54:00-05:00,400.12
2023-01-25 17:55:00-05:00,400.12
2023-01-25 17:56:00-05:00,400.14
2023-01-25 17:57:00-05:00,400.14
2023-01-25 17:58:00-05:00,400.1
2023-01-25 17:59:00-05:00,400.12
2023-01-25 18:00:00-05:00,400.18
2023-01-25 18:01:00-05:00,400.2
2023-01-25 18:02:00-05:00,400.19
2023-01-25 18:03:00-05:00,400.18
2023-01-25 18:04:00-05:00,400.1
2023-01-25 18:05:00-05:00,400.08
2023-01-25 18:06:00-05:00,400.04
2023-01-25 18:07:00-05:00,400.13
2023-01-25 18:08:00-05:00,400.11
2023-01-25 18:09:00-05:00,400.05
2023-01-25 18:10:00-05:00,400.21
2023-01-25 18:11:00-05:00,400.24
2023-01-25 18:12:00-05:00,400.3
2023-01-25 18:13:00-05:00,400.35
2023-01-25 18:14:00-05:00,400.32
2023-01-25 18:15:00-05:00,400.45
2023-01-25 18:16:00-05:00,400.54
2023-01-25 18:17:00-05:00,400.58
2023-01-25 18:18:00-05:00,400.6
2023-01-25 18:19:00-05:00,400.65
2023-01-25 18:20:00-05:00,400.85
2023-01-25 18:21:00-05:00,400.92
2023-01-25 18:22:00-05:00,400.94
2023-01-25 18:23:00-05:00,400.9
2023-01-25 18:24:00-05:00,400.86
2023-01-25 18:25:00-05:00,400.93
2023-01-25 18:26:00-05:00,400.84
2023-01-25 18:27:00-05:00,400.93
2023-01-25 18:28:00-05:00,400.84
2023-01-25 18:29:00-05:00,400.75
2023-01-25 18:30:00-05:00,400.82
2023-01-25 18:31:00-05:00,400.8
2023-01-25 18:32:00-05:00,400.83
2023-01-25 18:33:00-05:00,400.84
2023-01-25 18:34:00-05:00,400.855
2023-01-25 18:35:00-05:00,400.93
2023-01-25 18:36:00-05:00,400.93
2023-01-25 18:37:00-05:00,400.9
2023-01-25 18:38:00-05:00,400.9
2023-01-25 18:39:00-05:00,400.88
2023-01-25 18:40:00-05:00,400.82
2023-01-25 18:41:00-05:00,400.7886
2023-01-25 18:42:00-05:00,400.84
2023-01-25 18:43:00-05:00,400.81
2023-01-25 18:44:00-05:00,400.84
2023-01-25 18:45:00-05:00,400.89
2023-01-25 18:46:00-05:00,400.89
2023-01-25 18:47:00-05:00,400.93
2023-01-25 18:48:00-05:00,400.98
2023-01-25 18:49:00-05:00,401.0
2023-01-25 18:50:00-05:00,401.04
2023-01-25 18:51:00-05:00,401.03
2023-01-25 18:52:00-05:00,400.97
2023-01-25 18:53:00-05:00,400.97
2023-01-25 18:54:00-05:00,401.01
2023-01-25 18:55:00-05:00,400.97
2023-01-25 18:56:00-05:00,400.98
2023-01-25 18:57:00-05:00,400.94
2023-01-25 18:58:00-05:00,400.895
2023-01-25 18:59:00-05:00,400.93
2023-01-25 19:00:00-05:00,401.08
2023-01-25 19:01:00-05:00,401.08
2023-01-25 19:02:00-05:00,401.01
2023-01-25 19:03:00-05:00,401.01
2023-01-25 19:04:00-05:00,401.01
2023-01-25 19:05:00-05:00,400.97
2023-01-25 19:06:00-05:00,400.95
2023-01-25 19:07:00-05:00,400.94
2023-01-25 19:08:00-05:00,400.94
2023-01-25 19:09:00-05:00,400.88
2023-01-25 19:10:00-05:00,400.91
2023-01-25 19:11:00-05:00,400.885
2023-01-25 19:12:00-05:00,400.935
2023-01-25 19:13:00-05:00,400.95
2023-01-25 19:14:00-05:00,400.97
2023-01-25 19:15:00-05:00,401.0
2023-01-25 19:16:00-05:00,400.99
2023-01-25 19:17:00-05:00,400.97
2023-01-25 19:18:00-05:00,401.09
2023-01-25 19:19:00-05:00,401.09
2023-01-25 19:20:00-05:00,401.08
2023-01-25 19:21:00-05:00,401.09
2023-01-25 19:22:00-05:00,401.07
2023-01-25 19:23:00-05:00,401.055
2023-01-25 19:24:00-05:00,401.04
2023-01-25 19:25:00-05:00,401.07
2023-01-25 19:26:00-05:00,401.065
2023-01-25 19:27:00-05:00,401.05
2023-01-25 19:28:00-05:00,401.04
2023-01-25 19:29:00-05:00,401.01
2023-01-25 19:30:00-05:00,401.01
2023-01-25 19:31:00-05:00,400.99
2023-01-25 19:32:00-05:00,400.97
2023-01-25 19:33:00-05:00,400.95
2023-01-25 19:34:00-05:00,400.94
2023-01-25 19:35:00-05:00,400.89
2023-01-25 19:36:00-05:00,400.94
2023-01-25 19:37:00-05:00,400.94
2023-01-25 19:38:00-05:00,400.97
2023-01-25 19:39:00-05:00,400.925
2023-01-25 19:40:00-05:00,400.93
2023-01-25 19:41:00-05:00,400.87
2023-01-25 19:42:00-05:00,400.84
2023-01-25 19:43:00-05:00,400.82
2023-01-25 19:44:00-05:00,400.81
2023-01-25 19:45:00-05:00,400.79
2023-01-25 19:46:00-05:00,400.76
2023-01-25 19:47:00-05:00,400.75
2023-01-25 19:48:00-05:00,400.74
2023-01-25 19:49:00-05:00,400.72
2023-01-25 19:50:00-05:00,400.74
2023-01-25 19:51:00-05:00,400.77
2023-01-25 19:52:00-05:00,400.79
2023-01-25 19:53:00-05:00,400.75
2023-01-25 19:54:00-05:00,400.8
2023-01-25 19:55:00-05:00,400.8
2023-01-25 19:56:00-05:00,400.78
2023-01-25 19:57:00-05:00,400.71
2023-01-25 19:58:00-05:00,400.68
2023-01-25 19:59:00-05:00,400.71
2023-01-26 04:00:00-05:00,401.5
2023-01-26 04:01:00-05:00,401.6
2023-01-26 04:02:00-05:00,401.64
2023-01-26 04:03:00-05:00,401.64
2023-01-26 04:04:00-05:00,401.64
2023-01-26 04:05:00-05:00,401.65
2023-01-26 04:06:00-05:00,401.75
2023-01-26 04:07:00-05:00,401.71
2023-01-26 04:08:00-05:00,401.7
2023-01-26 04:09:00-05:00,401.84
2023-01-26 04:10:00-05:00,401.84
2023-01-26 04:11:00-05:00,401.8
2023-01-26 04:12:00-05:00,401.87
2023-01-26 04:13:00-05:00,401.85
2023-01-26 04:14:00-05:00,401.84
2023-01-26 04:15:00-05:00,401.73
2023-01-26 04:16:00-05:00,401.67
2023-01-26 04:17:00-05:00,401.72
2023-01-26 04:18:00-05:00,401.68
2023-01-26 04:19:00-05:00,401.72
2023-01-26 04:20:00-05:00,401.74
2023-01-26 04:21:00-05:00,401.62
2023-01-26 04:22:00-05:00,401.6
2023-01-26 04:23:00-05:00,401.39
2023-01-26 04:24:00-05:00,401.34
2023-01-26 04:25:00-05:00,401.38
2023-01-26 04:26:00-05:00,401.39
2023-01-26 04:27:00-05:00,401.45
2023-01-26 04:28:00-05:00,401.38
2023-01-26 04:29:00-05:00,401.33
2023-01-26 04:30:00-05:00,401.22
2023-01-26 04:31:00-05:00,401.18
2023-01-26 04:32:00-05:00,401.17
2023-01-26 04:33:00-05:00,401.18
2023-01-26 04:34:00-05:00,401.09
2023-01-26 04:35:00-05:00,401.03
2023-01-26 04:36:00-05:00,401.06
2023-01-26 04:37:00-05:00,401.0
2023-01-26 04:38:00-05:00,400.91
2023-01-26 04:39:00-05:00,400.86
2023-01-26 04:40:00-05:00,400.83
2023-01-26 04:41:00-05:00,400.87
2023-01-26 04:42:00-05:00,400.9
2023-01-26 04:43:00-05:00,400.95
2023-01-26 04:44:00-05:00,400.97
2023-01-26 04:45:00-05:00,400.92
2023-01-26 04:46:00-05:00,400.95
2023-01-26 04:47:00-05:00,400.99
2023-01-26 04:48:00-05:00,401.01
2023-01-26 04:49:00-05:00,401.02
2023-01-26 04:50:00-05:00,401.07
2023-01-26 04:51:00-05:00,401.1
2023-01-26 04:52:00-05:00,401.1
2023-01-26 04:53:00-05:00,401.07
2023-01-26 04:54:00-05:00,401.01
2023-01-26 04:55:00-05:00,401.02
2023-01-26 04:56:00-05:00,400.98
2023-01-26 04:57:00-05:00,400.89
2023-01-26 04:58:00-05:00,400.81
2023-01-26 04:59:00-05:00,400.84
2023-01-26 05:00:00-05:00,400.84
2023-01-26 05:01:00-05:00,400.9
2023-01-26 05:02:00-05:00,400.91
2023-01-26 05:03:00-05:00,401.01
2023-01-26 05:04:00-05:00,400.98
2023-01-26 05:05:00-05:00,401.02
2023-01-26 05:06:00-05:00,401.06
2023-01-26 05:07:00-05:00,401.08
2023-01-26 05:08:00-05:00,400.93
2023-01-26 05:09:00-05:00,401.04
2023-01-26 05:10:00-05:00,401.14
2023-01-26 05:11:00-05:00,401.18
2023-01-26 05:12:00-05:00,401.15
2023-01-26 05:13:00-05:00,401.07
2023-01-26 05:14:00-05:00,401.07
2023-01-26 05:15:00-05:00,401.14
2023-01-26 05:16:00-05:00,401.16
2023-01-26 05:17:00-05:00,401.12
2023-01-26 05:18:00-05:00,401.11
2023-01-26 05:19:00-05:00,401.07
2023-01-26 05:20:00-05:00,401.1
2023-01-26 05:21:00-05:00,401.16
2023-01-26 05:22:00-05:00,401.2
2023-01-26 05:24:00-05:00,401.15
2023-01-26 05:25:00-05:00,401.19
2023-01-26 05:26:00-05:00,401.09
2023-01-26 05:27:00-05:00,401.04
2023-01-26 05:28:00-05:00,401.03
2023-01-26 05:29:00-05:00,401.04
2023-01-26 05:31:00-05:00,401.08
2023-01-26 05:32:00-05:00,401.22
2023-01-26 05:33:00-05:00,401.21
2023-01-26 05:34:00-05:00,401.15
2023-01-26 05:35:00-05:00,401.39
2023-01-26 05:36:00-05:00,401.36
2023-01-26 05:37:00-05:00,401.34
2023-01-26 05:38:00-05:00,401.44
2023-01-26 05:39:00-05:00,401.45
2023-01-26 05:40:00-05:00,401.46
2023-01-26 05:41:00-05:00,401.35
2023-01-26 05:42:00-05:00,401.34
2023-01-26 05:43:00-05:00,401.26
2023-01-26 05:44:00-05:00,401.35
2023-01-26 05:45:00-05:00,401.33
2023-01-26 05:46:00-05:00,401.36
2023-01-26 05:48:00-05:00,401.31
2023-01-26 05:49:00-05:00,401.4
2023-01-26 05:50:00-05:00,401.42
2023-01-26 05:51:00-05:00,401.56
2023-01-26 05:52:00-05:00,401.58
2023-01-26 05:53:00-05:00,401.5
2023-01-26 05:54:00-05:00,401.51
2023-01-26 05:55:00-05:00,401.53
2023-01-26 05:56:00-05:00,401.5
2023-01-26 05:57:00-05:00,401.5
2023-01-26 05:58:00-05:00,401.41
2023-01-26 06:00:00-05:00,401.35
2023-01-26 06:01:00-05:00,401.33
2023-01-26 06:02:00-05:00,401.29
2023-01-26 06:03:00-05:00,401.38
2023-01-26 06:04:00-05:00,401.47
2023-01-26 06:05:00-05:00,401.55
2023-01-26 06:06:00-05:00,401.48
2023-01-26 06:07:00-05:00,401.48
2023-01-26 06:08:00-05:00,401.51
2023-01-26 06:09:00-05:00,401.49
2023-01-26 06:10:00-05:00,401.5
2023-01-26 06:11:00-05:00,401.51
2023-01-26 06:12:00-05:00,401.49
2023-01-26 06:13:00-05:00,401.52
2023-01-26 06:14:00-05:00,401.57
2023-01-26 06:15:00-05:00,401.49
2023-01-26 06:16:00-05:00,401.52
2023-01-26 06:17:00-05:00,401.54
2023-01-26 06:18:00-05:00,401.53
2023-01-26 06:19:00-05:00,401.47
2023-01-26 06:20:00-05:00,401.54
2023-01-26 06:21:00-05:00,401.54
2023-01-26 06:22:00-05:00,401.57
2023-01-26 06:23:00-05:00,401.45
2023-01-26 06:24:00-05:00,401.5
2023-01-26 06:25:00-05:00,401.43
2023-01-26 06:26:00-05:00,401.46
2023-01-26 06:27:00-05:00,401.49
2023-01-26 06:28:00-05:00,401.5
2023-01-26 06:29:00-05:00,401.4
2023-01-26 06:30:00-05:00,401.34
2023-01-26 06:31:00-05:00,401.35
2023-01-26 06:32:00-05:00,401.32
2023-01-26 06:33:00-05:00,401.31
2023-01-26 06:34:00-05:00,401.27
2023-01-26 06:35:00-05:00,401.28
2023-01-26 06:36:00-05:00,401.25
2023-01-26 06:37:00-05:00,401.19
2023-01-26 06:38:00-05:00,401.18
2023-01-26 06:39:00-05:00,401.14
2023-01-26 06:40:00-05:00,401.12
2023-01-26 06:41:00-05:00,401.11
2023-01-26 06:42:00-05:00,401.12
2023-01-26 06:43:00-05:00,401.12
2023-01-26 06:44:00-05:00,401.18
2023-01-26 06:45:00-05:00,401.25
2023-01-26 06:46:00-05:00,401.28
2023-01-26 06:47:00-05:00,401.25
2023-01-26 06:48:00-05:00,401.11
2023-01-26 06:49:00-05:00,401.22
2023-01-26 06:50:00-05:00,401.2
2023-01-26 06:51:00-05:00,401.24
2023-01-26 06:52:00-05:00,401.21
2023-01-26 06:53:00-05:00,401.18
2023-01-26 06:54:00-05:00,401.16
2023-01-26 06:55:00-05:00,401.19
2023-01-26 06:56:00-05:00,401.23
2023-01-26 06:57:00-05:00,401.21
2023-01-26 06:58:00-05:00,401.18
2023-01-26 06:59:00-05:00,401.24
2023-01-26 07:00:00-05:00,401.35
2023-01-26 07:01:00-05:00,401.36
2023-01-26 07:02:00-05:00,401.34
2023-01-26 07:03:00-05:00,401.38
2023-01-26 07:04:00-05:00,401.34
2023-01-26 07:05:00-05:00,401.39
2023-01-26 07:06:00-05:00,401.43
2023-01-26 07:07:00-05:00,401.45
2023-01-26 07:08:00-05:00,401.44
2023-01-26 07:09:00-05:00,401.36
2023-01-26 07:10:00-05:00,401.44
2023-01-26 07:11:00-05:00,401.44
2023-01-26 07:12:00-05:00,401.45
2023-01-26 07:13:00-05:00,401.48
2023-01-26 07:14:00-05:00,401.45
2023-01-26 07:15:00-05:00,401.49
2023-01-26 07:16:00-05:00,401.45
2023-01-26 07:17:00-05:00,401.39
2023-01-26 07:18:00-05:00,401.39
2023-01-26 07:19:00-05:00,401.34
2023-01-26 07:20:00-05:00,401.33
2023-01-26 07:21:00-05:00,401.36
2023-01-26 07:22:00-05:00,401.35
2023-01-26 07:23:00-05:00,401.41
2023-01-26 07:24:00-05:00,401.42
2023-01-26 07:25:00-05:00,401.32
2023-01-26 07:26:00-05:00,401.37
2023-01-26 07:27:00-05:00,401.47
2023-01-26 07:28:00-05:00,401.5
2023-01-26 07:29:00-05:00,401.47
2023-01-26 07:30:00-05:00,401.41
2023-01-26 07:31:00-05:00,401.5
2023-01-26 07:32:00-05:00,401.62
2023-01-26 07:33:00-05:00,401.83
2023-01-26 07:34:00-05:00,401.88
2023-01-26 07:35:00-05:00,401.81
2023-01-26 07:36:00-05:00,401.85
2023-01-26 07:37:00-05:00,401.83
2023-01-26 07:38:00-05:00,401.88
2023-01-26 07:39:00-05:00,401.76
2023-01-26 07:40:00-05:00,401.75
2023-01-26 07:41:00-05:00,401.81
2023-01-26 07:42:00-05:00,401.82
2023-01-26 07:43:00-05:00,401.93
2023-01-26 07:44:00-05:00,401.89
2023-01-26 07:45:00-05:00,401.9
2023-01-26 07:46:00-05:00,401.91
2023-01-26 07:47:00-05:00,402.23
2023-01-26 07:48:00-05:00,402.18
2023-01-26 07:49:00-05:00,402.27
2023-01-26 07:50:00-05:00,402.45
2023-01-26 07:51:00-05:00,402.37
2023-01-26 07:52:00-05:00,402.35
2023-01-26 07:53:00-05:00,403.0
2023-01-26 07:54:00-05:00,402.88
2023-01-26 07:55:00-05:00,402.62
2023-01-26 07:56:00-05:00,402.49
2023-01-26 07:57:00-05:00,402.53
2023-01-26 07:58:00-05:00,402.6
2023-01-26 07:59:00-05:00,402.6
2023-01-26 08:00:00-05:00,402.9
2023-01-26 08:01:00-05:00,402.73
2023-01-26 08:02:00-05:00,402.83
2023-01-26 08:03:00-05:00,402.75
2023-01-26 08:04:00-05:00,402.75
2023-01-26 08:05:00-05:00,402.55
2023-01-26 08:06:00-05:00,402.43
2023-01-26 08:07:00-05:00,402.42
2023-01-26 08:08:00-05:00,402.39
2023-01-26 08:09:00-05:00,402.28
2023-01-26 08:10:00-05:00,402.34
2023-01-26 08:11:00-05:00,402.3
2023-01-26 08:12:00-05:00,402.35
2023-01-26 08:13:00-05:00,402.3
2023-01-26 08:14:00-05:00,402.34
2023-01-26 08:15:00-05:00,402.34
2023-01-26 08:16:00-05:00,402.27
2023-01-26 08:17:00-05:00,402.27
2023-01-26 08:18:00-05:00,402.29
2023-01-26 08:19:00-05:00,402.27
2023-01-26 08:20:00-05:00,402.23
2023-01-26 08:21:00-05:00,402.23
2023-01-26 08:22:00-05:00,402.14
2023-01-26 08:23:00-05:00,402.1
2023-01-26 08:24:00-05:00,402.1295
2023-01-26 08:25:00-05:00,402.2
2023-01-26 08:26:00-05:00,402.23
2023-01-26 08:27:00-05:00,402.27
2023-01-26 08:28:00-05:00,402.4
2023-01-26 08:29:00-05:00,402.5
2023-01-26 08:30:00-05:00,402.5
2023-01-26 08:31:00-05:00,402.17
2023-01-26 08:32:00-05:00,402.16
2023-01-26 08:33:00-05:00,401.8
2023-01-26 08:34:00-05:00,402.08
2023-01-26 08:35:00-05:00,402.07
2023-01-26 08:36:00-05:00,402.43
2023-01-26 08:37:00-05:00,402.62
2023-01-26 08:38:00-05:00,402.83
2023-01-26 08:39:00-05:00,402.88
2023-01-26 08:40:00-05:00,402.93
2023-01-26 08:41:00-05:00,402.91
2023-01-26 08:42:00-05:00,402.64
2023-01-26 08:43:00-05:00,402.61
2023-01-26 08:44:00-05:00,402.74
2023-01-26 08:45:00-05:00,402.66
2023-01-26 08:46:00-05:00,402.665
2023-01-26 08:47:00-05:00,402.63
2023-01-26 08:48:00-05:00,402.55
2023-01-26 08:49:00-05:00,402.68
2023-01-26 08:50:00-05:00,402.63
2023-01-26 08:51:00-05:00,402.65
2023-01-26 08:52:00-05:00,402.71
2023-01-26 08:53:00-05:00,402.9
2023-01-26 08:54:00-05:00,402.93
2023-01-26 08:55:00-05:00,403.01
2023-01-26 08:56:00-05:00,402.87
2023-01-26 08:57:00-05:00,402.77
2023-01-26 08:58:00-05:00,402.86
2023-01-26 08:59:00-05:00,402.83
2023-01-26 09:00:00-05:00,402.88
2023-01-26 09:01:00-05:00,402.86
2023-01-26 09:02:00-05:00,402.96
2023-01-26 09:03:00-05:00,403.0
2023-01-26 09:04:00-05:00,403.07
2023-01-26 09:05:00-05:00,403.13
2023-01-26 09:06:00-05:00,403.29
2023-01-26 09:07:00-05:00,403.24
2023-01-26 09:08:00-05:00,403.27
2023-01-26 09:09:00-05:00,403.22
2023-01-26 09:10:00-05:00,403.06
2023-01-26 09:11:00-05:00,403.06
2023-01-26 09:12:00-05:00,403.0
2023-01-26 09:13:00-05:00,402.91
2023-01-26 09:14:00-05:00,402.87
2023-01-26 09:30:00-05:00,403.5
2023-01-26 09:31:00-05:00,403.9000854492188
2023-01-26 09:32:00-05:00,403.9299011230469
2023-01-26 09:33:00-05:00,403.8800048828125
2023-01-26 09:34:00-05:00,403.5499877929688
2023-01-26 09:35:00-05:00,403.739990234375
2023-01-26 09:36:00-05:00,403.8299865722656
2023-01-26 09:37:00-05:00,403.760009765625
2023-01-26 09:38:00-05:00,403.739990234375
2023-01-26 09:39:00-05:00,403.8699951171875
2023-01-26 09:40:00-05:00,404.0700073242188
2023-01-26 09:41:00-05:00,403.6099853515625
2023-01-26 09:42:00-05:00,403.5400085449219
2023-01-26 09:43:00-05:00,403.3800048828125
2023-01-26 09:44:00-05:00,402.8399963378906
2023-01-26 09:45:00-05:00,403.0
2023-01-26 09:46:00-05:00,403.0499877929688
2023-01-26 09:47:00-05:00,402.8900146484375
2023-01-26 09:48:00-05:00,402.7300109863281
2023-01-26 09:49:00-05:00,402.5700073242188
2023-01-26 09:50:00-05:00,401.9497985839844
2023-01-26 09:51:00-05:00,401.639892578125
2023-01-26 09:52:00-05:00,401.8900146484375
2023-01-26 09:53:00-05:00,402.1199951171875
2023-01-26 09:54:00-05:00,402.0
2023-01-26 09:55:00-05:00,401.75
2023-01-26 09:56:00-05:00,401.4400024414063
2023-01-26 09:57:00-05:00,401.1300048828125
2023-01-26 09:58:00-05:00,401.4500122070313
2023-01-26 09:59:00-05:00,401.5299987792969
2023-01-26 10:00:00-05:00,401.7699890136719
2023-01-26 10:01:00-05:00,401.5
2023-01-26 10:02:00-05:00,401.510009765625
2023-01-26 10:03:00-05:00,401.9200134277344
2023-01-26 10:04:00-05:00,401.9299926757813
2023-01-26 10:05:00-05:00,401.9949951171875
2023-01-26 10:06:00-05:00,401.7999877929688
2023-01-26 10:07:00-05:00,401.4800109863281
2023-01-26 10:08:00-05:00,401.4200134277344
2023-01-26 10:09:00-05:00,401.2900085449219
2023-01-26 10:10:00-05:00,401.4800109863281
2023-01-26 10:11:00-05:00,401.4700012207031
2023-01-26 10:12:00-05:00,401.75
2023-01-26 10:13:00-05:00,402.16900634765625
2023-01-26 10:14:00-05:00,402.2900085449219
2023-01-26 10:15:00-05:00,402.4299926757813
2023-01-26 10:16:00-05:00,402.6499938964844
2023-01-26 10:17:00-05:00,402.6900024414063
2023-01-26 10:18:00-05:00,402.7900085449219
2023-01-26 10:19:00-05:00,402.75
2023-01-26 10:20:00-05:00,402.8200073242188
2023-01-26 10:21:00-05:00,402.6499938964844
2023-01-26 10:22:00-05:00,402.6900024414063
2023-01-26 10:23:00-05:00,403.1700134277344
2023-01-26 10:24:00-05:00,403.25
2023-01-26 10:25:00-05:00,403.2200012207031
2023-01-26 10:26:00-05:00,403.1300048828125
2023-01-26 10:27:00-05:00,402.93011474609375
2023-01-26 10:28:00-05:00,402.7650146484375
2023-01-26 10:29:00-05:00,402.7149963378906
2023-01-26 10:30:00-05:00,402.7300109863281
2023-01-26 10:31:00-05:00,402.5400085449219
2023-01-26 10:32:00-05:00,402.8699951171875
2023-01-26 10:33:00-05:00,403.0212097167969
2023-01-26 10:34:00-05:00,403.1050109863281
2023-01-26 10:35:00-05:00,403.0700988769531
2023-01-26 10:36:00-05:00,402.75
2023-01-26 10:37:00-05:00,402.6300048828125
2023-01-26 10:38:00-05:00,402.3450012207031
2023-01-26 10:39:00-05:00,402.05999755859375
2023-01-26 10:40:00-05:00,401.9500122070313
2023-01-26 10:41:00-05:00,401.9299926757813
2023-01-26 10:42:00-05:00,402.1300048828125
2023-01-26 10:43:00-05:00,402.05999755859375
2023-01-26 10:44:00-05:00,402.0799865722656
2023-01-26 10:45:00-05:00,402.0
2023-01-26 10:46:00-05:00,401.9599914550781
2023-01-26 10:47:00-05:00,401.8900146484375
2023-01-26 10:48:00-05:00,402.0459899902344
2023-01-26 10:49:00-05:00,402.1199951171875
2023-01-26 10:50:00-05:00,402.1900024414063
2023-01-26 10:51:00-05:00,401.9599914550781
2023-01-26 10:52:00-05:00,401.8900146484375
2023-01-26 10:53:00-05:00,401.8200988769531
2023-01-26 10:54:00-05:00,401.4700012207031
2023-01-26 10:55:00-05:00,400.7300109863281
2023-01-26 10:56:00-05:00,400.75
2023-01-26 10:57:00-05:00,400.6000061035156
2023-01-26 10:58:00-05:00,400.2499084472656
2023-01-26 10:59:00-05:00,400.5700073242188
2023-01-26 11:00:00-05:00,400.4400939941406
2023-01-26 11:01:00-05:00,400.6700134277344
2023-01-26 11:02:00-05:00,400.7799987792969
2023-01-26 11:03:00-05:00,400.9500122070313
2023-01-26 11:04:00-05:00,401.0700073242188
2023-01-26 11:05:00-05:00,400.9700012207031
2023-01-26 11:06:00-05:00,400.7799987792969
2023-01-26 11:07:00-05:00,400.7950134277344
2023-01-26 11:08:00-05:00,400.5899963378906
2023-01-26 11:09:00-05:00,400.6400146484375
2023-01-26 11:10:00-05:00,401.0700073242188
2023-01-26 11:11:00-05:00,400.8999938964844
2023-01-26 11:12:00-05:00,400.739990234375
2023-01-26 11:13:00-05:00,400.6799926757813
2023-01-26 11:14:00-05:00,401.05999755859375
2023-01-26 11:15:00-05:00,401.260009765625
2023-01-26 11:16:00-05:00,401.5899963378906
2023-01-26 11:17:00-05:00,401.5115051269531
2023-01-26 11:18:00-05:00,401.4100036621094
2023-01-26 11:19:00-05:00,401.3699951171875
2023-01-26 11:20:00-05:00,401.1799926757813
2023-01-26 11:21:00-05:00,400.8599853515625
2023-01-26 11:22:00-05:00,400.6400146484375
2023-01-26 11:23:00-05:00,400.8299865722656
2023-01-26 11:24:00-05:00,400.7000122070313
2023-01-26 11:25:00-05:00,400.3699951171875
2023-01-26 11:26:00-05:00,400.7099914550781
2023-01-26 11:27:00-05:00,400.7999877929688
2023-01-26 11:28:00-05:00,400.8949890136719
2023-01-26 11:29:00-05:00,401.0899963378906
2023-01-26 11:30:00-05:00,401.3500061035156
2023-01-26 11:31:00-05:00,401.375
2023-01-26 11:32:00-05:00,401.3250122070313
2023-01-26 11:33:00-05:00,401.2218933105469
2023-01-26 11:34:00-05:00,401.239990234375
2023-01-26 11:35:00-05:00,401.3900146484375
2023-01-26 11:36:00-05:00,401.5
2023-01-26 11:37:00-05:00,401.5199890136719
2023-01-26 11:38:00-05:00,401.3699951171875
2023-01-26 11:39:00-05:00,401.2200012207031
2023-01-26 11:40:00-05:00,401.1499938964844
2023-01-26 11:41:00-05:00,401.1499938964844
2023-01-26 11:42:00-05:00,401.489990234375
2023-01-26 11:43:00-05:00,401.4800109863281
2023-01-26 11:44:00-05:00,401.739990234375
2023-01-26 11:45:00-05:00,401.6700134277344
2023-01-26 11:46:00-05:00,401.55999755859375
2023-01-26 11:47:00-05:00,401.6998901367188
2023-01-26 11:48:00-05:00,401.75
2023-01-26 11:49:00-05:00,401.7099914550781
2023-01-26 11:50:00-05:00,401.7049865722656
2023-01-26 11:51:00-05:00,401.5299987792969
2023-01-26 11:52:00-05:00,401.5799865722656
2023-01-26 11:53:00-05:00,401.5899963378906
2023-01-26 11:54:00-05:00,401.5450134277344
2023-01-26 11:55:00-05:00,401.4500122070313
2023-01-26 11:56:00-05:00,401.3999938964844
2023-01-26 11:57:00-05:00,401.6799926757813
2023-01-26 11:58:00-05:00,401.6900024414063
2023-01-26 11:59:00-05:00,401.7793884277344
2023-01-26 12:00:00-05:00,401.8699951171875
2023-01-26 12:01:00-05:00,401.9700012207031
2023-01-26 12:02:00-05:00,402.260009765625
2023-01-26 12:03:00-05:00,402.1499938964844
2023-01-26 12:04:00-05:00,402.0849914550781
2023-01-26 12:05:00-05:00,402.0700073242188
2023-01-26 12:06:00-05:00,402.1481018066406
2023-01-26 12:07:00-05:00,402.30999755859375
2023-01-26 12:08:00-05:00,402.2999877929688
2023-01-26 12:09:00-05:00,402.489990234375
2023-01-26 12:10:00-05:00,402.7300109863281
2023-01-26 12:11:00-05:00,402.7699890136719
2023-01-26 12:12:00-05:00,402.8200073242188
2023-01-26 12:13:00-05:00,402.7999877929688
2023-01-26 12:14:00-05:00,402.7000122070313
2023-01-26 12:15:00-05:00,402.4790954589844
2023-01-26 12:16:00-05:00,402.3599853515625
2023-01-26 12:17:00-05:00,402.4200134277344
2023-01-26 12:18:00-05:00,402.3200073242188
2023-01-26 12:19:00-05:00,402.2701110839844
2023-01-26 12:20:00-05:00,402.3200073242188
2023-01-26 12:21:00-05:00,402.4599914550781
2023-01-26 12:22:00-05:00,402.4849853515625
2023-01-26 12:23:00-05:00,402.364990234375
2023-01-26 12:24:00-05:00,402.2900085449219
2023-01-26 12:25:00-05:00,402.3200073242188
2023-01-26 12:26:00-05:00,402.3200073242188
2023-01-26 12:27:00-05:00,402.25
2023-01-26 12:28:00-05:00,402.4299926757813
2023-01-26 12:29:00-05:00,402.3800964355469
2023-01-26 12:30:00-05:00,402.30999755859375
2023-01-26 12:31:00-05:00,402.4800109863281
2023-01-26 12:32:00-05:00,402.5400085449219
2023-01-26 12:33:00-05:00,402.6199951171875
2023-01-26 12:34:00-05:00,402.6300048828125
2023-01-26 12:35:00-05:00,402.7000122070313
2023-01-26 12:36:00-05:00,402.6700134277344
2023-01-26 12:37:00-05:00,402.6700134277344
2023-01-26 12:38:00-05:00,402.6683044433594
2023-01-26 12:39:00-05:00,402.6000061035156
2023-01-26 12:40:00-05:00,402.75
2023-01-26 12:41:00-05:00,402.7000122070313
2023-01-26 12:42:00-05:00,402.5700073242188
2023-01-26 12:43:00-05:00,402.4849853515625
2023-01-26 12:44:00-05:00,402.3999938964844
2023-01-26 12:45:00-05:00,402.3599853515625
2023-01-26 12:46:00-05:00,402.3200073242188
2023-01-26 12:47:00-05:00,402.0466003417969
2023-01-26 12:48:00-05:00,401.9500122070313
2023-01-26 12:49:00-05:00,401.9800109863281
2023-01-26 12:50:00-05:00,402.3100891113281
2023-01-26 12:51:00-05:00,402.5
2023-01-26 12:52:00-05:00,402.6199951171875
2023-01-26 12:53:00-05:00,402.635009765625
2023-01-26 12:54:00-05:00,402.510009765625
2023-01-26 12:55:00-05:00,402.6000061035156
2023-01-26 12:56:00-05:00,402.5299987792969
2023-01-26 12:57:00-05:00,402.510009765625
2023-01-26 12:58:00-05:00,402.4200134277344
2023-01-26 12:59:00-05:00,402.2449951171875
2023-01-26 13:00:00-05:00,402.2799987792969
2023-01-26 13:01:00-05:00,402.5050048828125
2023-01-26 13:02:00-05:00,402.5299987792969
2023-01-26 13:03:00-05:00,402.510009765625
2023-01-26 13:04:00-05:00,402.4599914550781
2023-01-26 13:05:00-05:00,402.3590087890625
2023-01-26 13:06:00-05:00,402.25
2023-01-26 13:07:00-05:00,402.1499938964844
2023-01-26 13:08:00-05:00,401.9800109863281
2023-01-26 13:09:00-05:00,401.9599914550781
2023-01-26 13:10:00-05:00,402.125
2023-01-26 13:11:00-05:00,402.114990234375
2023-01-26 13:12:00-05:00,402.1799926757813
2023-01-26 13:13:00-05:00,402.239990234375
2023-01-26 13:14:00-05:00,402.2699890136719
2023-01-26 13:15:00-05:00,402.1900024414063
2023-01-26 13:16:00-05:00,402.1799926757813
2023-01-26 13:17:00-05:00,402.1900939941406
2023-01-26 13:18:00-05:00,402.1400146484375
2023-01-26 13:19:00-05:00,402.010009765625
2023-01-26 13:20:00-05:00,402.05999755859375
2023-01-26 13:21:00-05:00,402.1600036621094
2023-01-26 13:22:00-05:00,402.2699890136719
2023-01-26 13:23:00-05:00,402.2999877929688
2023-01-26 13:24:00-05:00,402.3200073242188
2023-01-26 13:25:00-05:00,402.4599914550781
2023-01-26 13:26:00-05:00,402.3900146484375
2023-01-26 13:27:00-05:00,402.4100036621094
2023-01-26 13:28:00-05:00,402.3699951171875
2023-01-26 13:29:00-05:00,402.3399963378906
2023-01-26 13:30:00-05:00,402.5280151367188
2023-01-26 13:31:00-05:00,402.6694946289063
2023-01-26 13:32:00-05:00,402.7099914550781
2023-01-26 13:33:00-05:00,402.6199951171875
2023-01-26 13:34:00-05:00,402.5899963378906
2023-01-26 13:35:00-05:00,402.6000061035156
2023-01-26 13:36:00-05:00,402.6300048828125
2023-01-26 13:37:00-05:00,402.6900024414063
2023-01-26 13:38:00-05:00,402.9599914550781
2023-01-26 13:39:00-05:00,403.1700134277344
2023-01-26 13:40:00-05:00,403.2000122070313
2023-01-26 13:41:00-05:00,403.2699890136719
2023-01-26 13:42:00-05:00,403.3085021972656
2023-01-26 13:43:00-05:00,403.30999755859375
2023-01-26 13:44:00-05:00,403.2088928222656
2023-01-26 13:45:00-05:00,403.3999938964844
2023-01-26 13:46:00-05:00,403.5197143554688
2023-01-26 13:47:00-05:00,403.4100036621094
2023-01-26 13:48:00-05:00,403.3800048828125
2023-01-26 13:49:00-05:00,403.25
2023-01-26 13:50:00-05:00,403.239990234375
2023-01-26 13:51:00-05:00,403.1900024414063
2023-01-26 13:52:00-05:00,403.1700134277344
2023-01-26 13:53:00-05:00,403.1000061035156
2023-01-26 13:54:00-05:00,402.860107421875
2023-01-26 13:55:00-05:00,402.9649963378906
2023-01-26 13:56:00-05:00,403.0
2023-01-26 13:57:00-05:00,402.8800048828125
2023-01-26 13:58:00-05:00,402.9599914550781
2023-01-26 13:59:00-05:00,402.9800109863281
2023-01-26 14:00:00-05:00,402.9299926757813
2023-01-26 14:01:00-05:00,402.760009765625
2023-01-26 14:02:00-05:00,402.8200073242188
2023-01-26 14:03:00-05:00,402.8599853515625
2023-01-26 14:04:00-05:00,402.8299865722656
2023-01-26 14:05:00-05:00,402.8999938964844
2023-01-26 14:06:00-05:00,403.0199890136719
2023-01-26 14:07:00-05:00,402.9800109863281
2023-01-26 14:08:00-05:00,403.1300048828125
2023-01-26 14:09:00-05:00,403.1799926757813
2023-01-26 14:10:00-05:00,403.2085876464844
2023-01-26 14:11:00-05:00,403.239990234375
2023-01-26 14:12:00-05:00,403.239990234375
2023-01-26 14:13:00-05:00,403.2799987792969
2023-01-26 14:14:00-05:00,403.2349853515625
2023-01-26 14:15:00-05:00,403.135009765625
2023-01-26 14:16:00-05:00,403.0270080566406
2023-01-26 14:17:00-05:00,403.1099853515625
2023-01-26 14:18:00-05:00,403.2289123535156
2023-01-26 14:19:00-05:00,403.260009765625
2023-01-26 14:20:00-05:00,403.3299865722656
2023-01-26 14:21:00-05:00,403.3800048828125
2023-01-26 14:22:00-05:00,403.5400085449219
2023-01-26 14:23:00-05:00,403.5320129394531
2023-01-26 14:24:00-05:00,403.4299926757813
2023-01-26 14:25:00-05:00,403.3550109863281
2023-01-26 14:26:00-05:00,403.1400146484375
2023-01-26 14:27:00-05:00,402.9599914550781
2023-01-26 14:28:00-05:00,403.0299987792969
2023-01-26 14:29:00-05:00,403.05999755859375
2023-01-26 14:30:00-05:00,403.1499938964844
2023-01-26 14:31:00-05:00,403.18939208984375
2023-01-26 14:32:00-05:00,403.30999755859375
2023-01-26 14:33:00-05:00,403.2900085449219
2023-01-26 14:34:00-05:00,403.375
2023-01-26 14:35:00-05:00,403.3699951171875
2023-01-26 14:36:00-05:00,403.5101013183594
2023-01-26 14:37:00-05:00,403.489990234375
2023-01-26 14:38:00-05:00,403.5
2023-01-26 14:39:00-05:00,403.4100036621094
2023-01-26 14:40:00-05:00,403.4700012207031
2023-01-26 14:41:00-05:00,403.4381103515625
2023-01-26 14:42:00-05:00,403.6400146484375
2023-01-26 14:43:00-05:00,403.6209106445313
2023-01-26 14:44:00-05:00,403.6600036621094
2023-01-26 14:45:00-05:00,403.5899963378906
2023-01-26 14:46:00-05:00,403.5809020996094
2023-01-26 14:47:00-05:00,403.7000122070313
2023-01-26 14:48:00-05:00,403.6300048828125
2023-01-26 14:49:00-05:00,403.489990234375
2023-01-26 14:50:00-05:00,403.3699951171875
2023-01-26 14:51:00-05:00,403.3299865722656
2023-01-26 14:52:00-05:00,403.2300109863281
2023-01-26 14:53:00-05:00,403.1499938964844
2023-01-26 14:54:00-05:00,403.1799926757813
2023-01-26 14:55:00-05:00,403.239990234375
2023-01-26 14:56:00-05:00,403.239990234375
2023-01-26 14:57:00-05:00,403.3349914550781
2023-01-26 14:58:00-05:00,403.4100036621094
2023-01-26 14:59:00-05:00,403.5199890136719
2023-01-26 15:00:00-05:00,403.5299987792969
2023-01-26 15:01:00-05:00,403.5799865722656
2023-01-26 15:02:00-05:00,403.4700012207031
2023-01-26 15:03:00-05:00,403.6400146484375
2023-01-26 15:04:00-05:00,403.7200012207031
2023-01-26 15:05:00-05:00,403.6199951171875
2023-01-26 15:06:00-05:00,403.5
2023-01-26 15:07:00-05:00,403.3349914550781
2023-01-26 15:08:00-05:00,403.3550109863281
2023-01-26 15:09:00-05:00,403.4299926757813
2023-01-26 15:10:00-05:00,403.4400024414063
2023-01-26 15:11:00-05:00,403.6300048828125
2023-01-26 15:12:00-05:00,403.6300048828125
2023-01-26 15:13:00-05:00,403.6400146484375
2023-01-26 15:14:00-05:00,403.5799865722656
2023-01-26 15:15:00-05:00,403.6650085449219
2023-01-26 15:16:00-05:00,403.8299865722656
2023-01-26 15:17:00-05:00,403.8299865722656
2023-01-26 15:18:00-05:00,403.7999877929688
2023-01-26 15:19:00-05:00,403.8749084472656
2023-01-26 15:20:00-05:00,403.80999755859375
2023-01-26 15:21:00-05:00,403.9100036621094
2023-01-26 15:22:00-05:00,403.8999938964844
2023-01-26 15:23:00-05:00,403.8800048828125
2023-01-26 15:24:00-05:00,403.9800109863281
2023-01-26 15:25:00-05:00,403.9599914550781
2023-01-26 15:26:00-05:00,404.1000061035156
2023-01-26 15:27:00-05:00,404.1600036621094
2023-01-26 15:28:00-05:00,404.1799926757813
2023-01-26 15:29:00-05:00,404.2099914550781
2023-01-26 15:30:00-05:00,403.8999938964844
2023-01-26 15:31:00-05:00,403.9200134277344
2023-01-26 15:32:00-05:00,404.0450134277344
2023-01-26 15:33:00-05:00,404.1700134277344
2023-01-26 15:34:00-05:00,404.0249938964844
2023-01-26 15:35:00-05:00,404.010009765625
2023-01-26 15:36:00-05:00,404.05999755859375
2023-01-26 15:37:00-05:00,403.9500122070313
2023-01-26 15:38:00-05:00,403.8695983886719
2023-01-26 15:39:00-05:00,403.8500061035156
2023-01-26 15:40:00-05:00,403.9500122070313
2023-01-26 15:41:00-05:00,404.0199890136719
2023-01-26 15:42:00-05:00,403.989990234375
2023-01-26 15:43:00-05:00,403.8299865722656
2023-01-26 15:44:00-05:00,403.8599853515625
2023-01-26 15:45:00-05:00,403.739990234375
2023-01-26 15:46:00-05:00,403.7900085449219
2023-01-26 15:47:00-05:00,403.818115234375
2023-01-26 15:48:00-05:00,403.8999938964844
2023-01-26 15:49:00-05:00,403.9299926757813
2023-01-26 15:50:00-05:00,404.1799926757813
2023-01-26 15:51:00-05:00,404.2799987792969
2023-01-26 15:52:00-05:00,404.2900085449219
2023-01-26 15:53:00-05:00,404.2099914550781
2023-01-26 15:54:00-05:00,404.2000122070313
2023-01-26 15:55:00-05:00,404.4100036621094
2023-01-26 15:56:00-05:00,404.4599914550781
2023-01-26 15:57:00-05:00,404.635009765625
2023-01-26 15:58:00-05:00,404.5299987792969
2023-01-26 15:59:00-05:00,404.9200134277344
2023-01-26 16:00:00-05:00,404.9
2023-01-26 16:01:00-05:00,404.71
2023-01-26 16:02:00-05:00,404.65
2023-01-26 16:03:00-05:00,404.61
2023-01-26 16:04:00-05:00,404.5
2023-01-26 16:05:00-05:00,404.47
2023-01-26 16:06:00-05:00,404.57
2023-01-26 16:07:00-05:00,404.52
2023-01-26 16:08:00-05:00,404.52
2023-01-26 16:09:00-05:00,404.7605
2023-01-26 16:10:00-05:00,404.51
2023-01-26 16:11:00-05:00,404.43
2023-01-26 16:12:00-05:00,404.75
2023-01-26 16:13:00-05:00,404.35
2023-01-26 16:14:00-05:00,404.75
2023-01-26 16:15:00-05:00,404.75
2023-01-26 16:16:00-05:00,404.43
2023-01-26 16:17:00-05:00,404.4
2023-01-26 16:18:00-05:00,404.3
2023-01-26 16:19:00-05:00,404.32
2023-01-26 16:20:00-05:00,404.27
2023-01-26 16:21:00-05:00,404.3
2023-01-26 16:22:00-05:00,404.3
2023-01-26 16:23:00-05:00,404.27
2023-01-26 16:24:00-05:00,404.36
2023-01-26 16:25:00-05:00,404.36
2023-01-26 16:26:00-05:00,404.33
2023-01-26 16:27:00-05:00,404.3
2023-01-26 16:28:00-05:00,404.3
2023-01-26 16:29:00-05:00,404.33
2023-01-26 16:30:00-05:00,404.75
2023-01-26 16:31:00-05:00,404.34
2023-01-26 16:32:00-05:00,404.75
2023-01-26 16:33:00-05:00,404.2
2023-01-26 16:34:00-05:00,404.19
2023-01-26 16:35:00-05:00,404.17
2023-01-26 16:36:00-05:00,404.15
2023-01-26 16:37:00-05:00,404.09
2023-01-26 16:38:00-05:00,404.06
2023-01-26 16:39:00-05:00,404.05
2023-01-26 16:40:00-05:00,404.04
2023-01-26 16:41:00-05:00,404.02
2023-01-26 16:42:00-05:00,404.05
2023-01-26 16:43:00-05:00,404.03
2023-01-26 16:44:00-05:00,404.02
2023-01-26 16:45:00-05:00,404.01
2023-01-26 16:46:00-05:00,404.04
2023-01-26 16:47:00-05:00,404.03
2023-01-26 16:48:00-05:00,404.03
2023-01-26 16:49:00-05:00,404.03
2023-01-26 16:50:00-05:00,404.03
2023-01-26 16:51:00-05:00,404.03
2023-01-26 16:52:00-05:00,404.1
2023-01-26 16:53:00-05:00,404.07
2023-01-26 16:54:00-05:00,404.1
2023-01-26 16:55:00-05:00,404.1
2023-01-26 16:56:00-05:00,404.06
2023-01-26 16:57:00-05:00,404.02
2023-01-26 16:58:00-05:00,404.0
2023-01-26 16:59:00-05:00,404.1
2023-01-26 17:00:00-05:00,404.1
2023-01-26 17:01:00-05:00,404.07
2023-01-26 17:02:00-05:00,404.75
2023-01-26 17:03:00-05:00,404.05
2023-01-26 17:04:00-05:00,404.05
2023-01-26 17:05:00-05:00,404.05
2023-01-26 17:06:00-05:00,404.05
2023-01-26 17:07:00-05:00,404.1
2023-01-26 17:08:00-05:00,404.04
2023-01-26 17:09:00-05:00,404.04
2023-01-26 17:10:00-05:00,404.02
2023-01-26 17:11:00-05:00,404.02
2023-01-26 17:12:00-05:00,404.02
2023-01-26 17:13:00-05:00,404.02
2023-01-26 17:14:00-05:00,404.02
2023-01-26 17:15:00-05:00,404.1
2023-01-26 17:16:00-05:00,404.05
2023-01-26 17:17:00-05:00,404.05
2023-01-26 17:18:00-05:00,404.03
2023-01-26 17:19:00-05:00,404.03
2023-01-26 17:20:00-05:00,404.03
2023-01-26 17:21:00-05:00,404.0
2023-01-26 17:22:00-05:00,404.005
2023-01-26 17:23:00-05:00,404.1
2023-01-26 17:24:00-05:00,404.1
2023-01-26 17:25:00-05:00,404.1
2023-01-26 17:26:00-05:00,404.1
2023-01-26 17:27:00-05:00,404.06
2023-01-26 17:28:00-05:00,404.05
2023-01-26 17:29:00-05:00,404.0585
2023-01-26 17:30:00-05:00,404.1
2023-01-26 17:31:00-05:00,404.05
2023-01-26 17:32:00-05:00,404.05
2023-01-26 17:33:00-05:00,404.05
2023-01-26 17:34:00-05:00,404.05
2023-01-26 17:35:00-05:00,404.05
2023-01-26 17:36:00-05:00,404.04
2023-01-26 17:37:00-05:00,404.04
2023-01-26 17:38:00-05:00,404.03
2023-01-26 17:39:00-05:00,404.05
2023-01-26 17:40:00-05:00,403.98
2023-01-26 17:41:00-05:00,403.9
2023-01-26 17:42:00-05:00,403.9
2023-01-26 17:43:00-05:00,403.9
2023-01-26 17:44:00-05:00,403.95
2023-01-26 17:45:00-05:00,403.95
2023-01-26 17:46:00-05:00,403.8
2023-01-26 17:47:00-05:00,403.8
2023-01-26 17:48:00-05:00,403.8
2023-01-26 17:49:00-05:00,403.78
2023-01-26 17:50:00-05:00,403.79
2023-01-26 17:51:00-05:00,403.79
2023-01-26 17:52:00-05:00,403.78
2023-01-26 17:53:00-05:00,403.82
2023-01-26 17:54:00-05:00,403.82
2023-01-26 17:55:00-05:00,403.82
2023-01-26 17:56:00-05:00,403.84
2023-01-26 17:57:00-05:00,403.85
2023-01-26 17:58:00-05:00,403.82
2023-01-26 17:59:00-05:00,403.76
2023-01-26 18:00:00-05:00,403.76
2023-01-26 18:01:00-05:00,403.55
2023-01-26 18:02:00-05:00,403.65
2023-01-26 18:03:00-05:00,403.63
2023-01-26 18:04:00-05:00,403.61
2023-01-26 18:05:00-05:00,403.58
2023-01-26 18:06:00-05:00,403.58
2023-01-26 18:07:00-05:00,403.65
2023-01-26 18:08:00-05:00,403.66
2023-01-26 18:09:00-05:00,403.74
2023-01-26 18:10:00-05:00,403.77
2023-01-26 18:11:00-05:00,403.75
2023-01-26 18:12:00-05:00,403.73
2023-01-26 18:13:00-05:00,403.76
2023-01-26 18:14:00-05:00,403.7
2023-01-26 18:15:00-05:00,403.77
2023-01-26 18:16:00-05:00,403.85
2023-01-26 18:17:00-05:00,403.84
2023-01-26 18:18:00-05:00,403.84
2023-01-26 18:19:00-05:00,403.9
2023-01-26 18:20:00-05:00,403.89
2023-01-26 18:21:00-05:00,403.89
2023-01-26 18:22:00-05:00,403.91
2023-01-26 18:23:00-05:00,403.91
2023-01-26 18:24:00-05:00,403.91
2023-01-26 18:25:00-05:00,403.88
2023-01-26 18:26:00-05:00,403.86
2023-01-26 18:27:00-05:00,403.83
2023-01-26 18:28:00-05:00,403.73
2023-01-26 18:29:00-05:00,403.74
2023-01-26 18:30:00-05:00,403.69
2023-01-26 18:31:00-05:00,403.67
2023-01-26 18:32:00-05:00,403.65
2023-01-26 18:33:00-05:00,403.64
2023-01-26 18:34:00-05:00,403.66
2023-01-26 18:35:00-05:00,403.645
2023-01-26 18:36:00-05:00,403.75
2023-01-26 18:37:00-05:00,403.83
2023-01-26 18:38:00-05:00,403.79
2023-01-26 18:39:00-05:00,403.67
2023-01-26 18:40:00-05:00,403.63
2023-01-26 18:41:00-05:00,403.6
2023-01-26 18:42:00-05:00,403.61
2023-01-26 18:43:00-05:00,403.58
2023-01-26 18:44:00-05:00,403.57
2023-01-26 18:45:00-05:00,403.56
2023-01-26 18:46:00-05:00,403.57
2023-01-26 18:47:00-05:00,403.535
2023-01-26 18:48:00-05:00,403.53
2023-01-26 18:49:00-05:00,403.52
2023-01-26 18:50:00-05:00,403.58
2023-01-26 18:51:00-05:00,403.57
2023-01-26 18:52:00-05:00,403.59
2023-01-26 18:53:00-05:00,403.58
2023-01-26 18:54:00-05:00,403.56
2023-01-26 18:55:00-05:00,403.53
2023-01-26 18:56:00-05:00,403.58
2023-01-26 18:57:00-05:00,403.56
2023-01-26 18:58:00-05:00,403.55
2023-01-26 18:59:00-05:00,403.55
2023-01-26 19:00:00-05:00,403.54
2023-01-26 19:01:00-05:00,403.54
2023-01-26 19:02:00-05:00,403.53
2023-01-26 19:03:00-05:00,403.52
2023-01-26 19:04:00-05:00,403.56
2023-01-26 19:05:00-05:00,403.62
2023-01-26 19:06:00-05:00,403.6
2023-01-26 19:07:00-05:00,403.59
2023-01-26 19:08:00-05:00,403.6
2023-01-26 19:09:00-05:00,403.6
2023-01-26 19:10:00-05:00,403.62
2023-01-26 19:11:00-05:00,403.62
2023-01-26 19:12:00-05:00,403.62
2023-01-26 19:13:00-05:00,403.68
2023-01-26 19:14:00-05:00,403.62
2023-01-26 19:15:00-05:00,403.6
2023-01-26 19:16:00-05:00,403.65
2023-01-26 19:17:00-05:00,403.67
2023-01-26 19:18:00-05:00,403.7
2023-01-26 19:19:00-05:00,403.84
2023-01-26 19:20:00-05:00,403.81
2023-01-26 19:21:00-05:00,403.81
2023-01-26 19:22:00-05:00,403.8
2023-01-26 19:23:00-05:00,403.88
2023-01-26 19:24:00-05:00,403.87
2023-01-26 19:25:00-05:00,403.79
2023-01-26 19:26:00-05:00,403.81
2023-01-26 19:27:00-05:00,403.84
2023-01-26 19:28:00-05:00,403.92
2023-01-26 19:29:00-05:00,403.92
2023-01-26 19:30:00-05:00,403.99
2023-01-26 19:31:00-05:00,403.96
2023-01-26 19:32:00-05:00,403.96
2023-01-26 19:33:00-05:00,403.94
2023-01-26 19:34:00-05:00,403.93
2023-01-26 19:35:00-05:00,403.89
2023-01-26 19:36:00-05:00,403.86
2023-01-26 19:37:00-05:00,403.85
2023-01-26 19:38:00-05:00,403.835
2023-01-26 19:39:00-05:00,403.8
2023-01-26 19:40:00-05:00,403.79
2023-01-26 19:41:00-05:00,403.8
2023-01-26 19:42:00-05:00,403.79
2023-01-26 19:43:00-05:00,403.78
2023-01-26 19:44:00-05:00,403.74
2023-01-26 19:45:00-05:00,403.72
2023-01-26 19:46:00-05:00,403.72
2023-01-26 19:47:00-05:00,403.75
2023-01-26 19:48:00-05:00,403.8
2023-01-26 19:49:00-05:00,403.79
2023-01-26 19:50:00-05:00,403.84
2023-01-26 19:51:00-05:00,403.845
2023-01-26 19:52:00-05:00,403.8
2023-01-26 19:53:00-05:00,403.79
2023-01-26 19:54:00-05:00,403.77
2023-01-26 19:55:00-05:00,403.75
2023-01-26 19:56:00-05:00,403.75
2023-01-26 19:57:00-05:00,403.72
2023-01-26 19:58:00-05:00,403.71
2023-01-26 19:59:00-05:00,403.71
2023-01-27 04:00:00-05:00,404.0
2023-01-27 04:01:00-05:00,403.48
2023-01-27 04:02:00-05:00,403.49
2023-01-27 04:03:00-05:00,403.51
2023-01-27 04:04:00-05:00,403.49
2023-01-27 04:05:00-05:00,403.44
2023-01-27 04:06:00-05:00,403.35
2023-01-27 04:07:00-05:00,403.37
2023-01-27 04:08:00-05:00,403.34
2023-01-27 04:09:00-05:00,403.37
2023-01-27 04:10:00-05:00,403.41
2023-01-27 04:11:00-05:00,403.46
2023-01-27 04:12:00-05:00,403.46
2023-01-27 04:13:00-05:00,403.54
2023-01-27 04:14:00-05:00,403.53
2023-01-27 04:15:00-05:00,403.54
2023-01-27 04:16:00-05:00,403.52
2023-01-27 04:17:00-05:00,403.5
2023-01-27 04:18:00-05:00,403.51
2023-01-27 04:19:00-05:00,403.53
2023-01-27 04:20:00-05:00,403.49
2023-01-27 04:21:00-05:00,403.45
2023-01-27 04:22:00-05:00,403.57
2023-01-27 04:23:00-05:00,403.4
2023-01-27 04:24:00-05:00,403.4
2023-01-27 04:25:00-05:00,403.36
2023-01-27 04:26:00-05:00,403.35
2023-01-27 04:27:00-05:00,403.3
2023-01-27 04:28:00-05:00,403.35
2023-01-27 04:29:00-05:00,403.32
2023-01-27 04:30:00-05:00,403.27
2023-01-27 04:31:00-05:00,403.3
2023-01-27 04:32:00-05:00,403.41
2023-01-27 04:33:00-05:00,403.38
2023-01-27 04:34:00-05:00,403.39
2023-01-27 04:35:00-05:00,403.48
2023-01-27 04:36:00-05:00,403.48
2023-01-27 04:37:00-05:00,403.44
2023-01-27 04:38:00-05:00,403.47
2023-01-27 04:39:00-05:00,403.49
2023-01-27 04:40:00-05:00,403.45
2023-01-27 04:41:00-05:00,403.42
2023-01-27 04:42:00-05:00,403.45
2023-01-27 04:43:00-05:00,403.44
2023-01-27 04:44:00-05:00,403.41
2023-01-27 04:45:00-05:00,403.46
2023-01-27 04:46:00-05:00,403.48
2023-01-27 04:47:00-05:00,403.44
2023-01-27 04:48:00-05:00,403.49
2023-01-27 04:49:00-05:00,403.7
2023-01-27 04:50:00-05:00,403.67
2023-01-27 04:51:00-05:00,403.66
2023-01-27 04:52:00-05:00,403.7
2023-01-27 04:53:00-05:00,403.69
2023-01-27 04:54:00-05:00,403.66
2023-01-27 04:55:00-05:00,403.59
2023-01-27 04:56:00-05:00,403.53
2023-01-27 04:57:00-05:00,403.57
2023-01-27 04:58:00-05:00,403.61
2023-01-27 04:59:00-05:00,403.64
2023-01-27 05:00:00-05:00,403.64
2023-01-27 05:01:00-05:00,403.5
2023-01-27 05:02:00-05:00,403.6
2023-01-27 05:03:00-05:00,403.57
2023-01-27 05:04:00-05:00,403.61
2023-01-27 05:05:00-05:00,403.59
2023-01-27 05:06:00-05:00,403.61
2023-01-27 05:07:00-05:00,403.61
2023-01-27 05:08:00-05:00,403.6
2023-01-27 05:09:00-05:00,403.61
2023-01-27 05:10:00-05:00,403.62
2023-01-27 05:11:00-05:00,403.64
2023-01-27 05:12:00-05:00,403.65
2023-01-27 05:13:00-05:00,403.54
2023-01-27 05:14:00-05:00,403.63
2023-01-27 05:16:00-05:00,403.53
2023-01-27 05:17:00-05:00,403.53
2023-01-27 05:18:00-05:00,403.51
2023-01-27 05:19:00-05:00,403.56
2023-01-27 05:20:00-05:00,403.53
2023-01-27 05:21:00-05:00,403.66
2023-01-27 05:22:00-05:00,403.74
2023-01-27 05:23:00-05:00,403.78
2023-01-27 05:24:00-05:00,403.86
2023-01-27 05:25:00-05:00,403.77
2023-01-27 05:26:00-05:00,403.75
2023-01-27 05:27:00-05:00,403.8
2023-01-27 05:28:00-05:00,403.76
2023-01-27 05:29:00-05:00,403.75
2023-01-27 05:30:00-05:00,403.7
2023-01-27 05:31:00-05:00,403.69
2023-01-27 05:32:00-05:00,403.73
2023-01-27 05:33:00-05:00,403.7
2023-01-27 05:34:00-05:00,403.72
2023-01-27 05:35:00-05:00,403.7
2023-01-27 05:36:00-05:00,403.72
2023-01-27 05:37:00-05:00,403.74
2023-01-27 05:38:00-05:00,403.77
2023-01-27 05:39:00-05:00,403.77
2023-01-27 05:40:00-05:00,403.78
2023-01-27 05:41:00-05:00,403.78
2023-01-27 05:42:00-05:00,403.83
2023-01-27 05:43:00-05:00,403.8
2023-01-27 05:44:00-05:00,403.8
2023-01-27 05:45:00-05:00,403.78
2023-01-27 05:46:00-05:00,403.72
2023-01-27 05:47:00-05:00,403.7
2023-01-27 05:48:00-05:00,403.7
2023-01-27 05:49:00-05:00,403.65
2023-01-27 05:51:00-05:00,403.67
2023-01-27 05:52:00-05:00,403.68
2023-01-27 05:53:00-05:00,403.78
2023-01-27 05:54:00-05:00,403.79
2023-01-27 05:55:00-05:00,403.82
2023-01-27 05:56:00-05:00,403.85
2023-01-27 05:57:00-05:00,403.8
2023-01-27 06:00:00-05:00,403.8
2023-01-27 06:01:00-05:00,403.81
2023-01-27 06:02:00-05:00,403.86
2023-01-27 06:03:00-05:00,403.95
2023-01-27 06:04:00-05:00,404.0
2023-01-27 06:05:00-05:00,404.13
2023-01-27 06:06:00-05:00,404.08
2023-01-27 06:07:00-05:00,404.04
2023-01-27 06:08:00-05:00,404.07
2023-01-27 06:09:00-05:00,404.0
2023-01-27 06:10:00-05:00,403.96
2023-01-27 06:11:00-05:00,403.92
2023-01-27 06:12:00-05:00,403.86
2023-01-27 06:13:00-05:00,403.89
2023-01-27 06:14:00-05:00,403.86
2023-01-27 06:15:00-05:00,403.93
2023-01-27 06:16:00-05:00,403.97
2023-01-27 06:17:00-05:00,403.88
2023-01-27 06:18:00-05:00,403.96
2023-01-27 06:20:00-05:00,403.93
2023-01-27 06:21:00-05:00,403.8
2023-01-27 06:22:00-05:00,403.77
2023-01-27 06:23:00-05:00,403.83
2023-01-27 06:24:00-05:00,403.9
2023-01-27 06:25:00-05:00,403.94
2023-01-27 06:26:00-05:00,403.79
2023-01-27 06:27:00-05:00,403.84
2023-01-27 06:28:00-05:00,403.77
2023-01-27 06:30:00-05:00,403.95
2023-01-27 06:31:00-05:00,403.93
2023-01-27 06:32:00-05:00,403.87
2023-01-27 06:33:00-05:00,403.92
2023-01-27 06:34:00-05:00,403.91
2023-01-27 06:35:00-05:00,403.98
2023-01-27 06:36:00-05:00,403.95
2023-01-27 06:37:00-05:00,403.93
2023-01-27 06:38:00-05:00,403.95
2023-01-27 06:39:00-05:00,403.99
2023-01-27 06:40:00-05:00,404.0
2023-01-27 06:41:00-05:00,404.01
2023-01-27 06:42:00-05:00,404.05
2023-01-27 06:43:00-05:00,404.13
2023-01-27 06:44:00-05:00,404.14
2023-01-27 06:45:00-05:00,404.12
2023-01-27 06:46:00-05:00,404.12
2023-01-27 06:47:00-05:00,404.04
2023-01-27 06:48:00-05:00,404.01
2023-01-27 06:49:00-05:00,403.94
2023-01-27 06:50:00-05:00,403.85
2023-01-27 06:51:00-05:00,403.85
2023-01-27 06:52:00-05:00,403.85
2023-01-27 06:53:00-05:00,403.85
2023-01-27 06:54:00-05:00,403.87
2023-01-27 06:55:00-05:00,403.85
2023-01-27 06:56:00-05:00,403.84
2023-01-27 06:57:00-05:00,403.8
2023-01-27 06:58:00-05:00,403.85
2023-01-27 06:59:00-05:00,403.85
2023-01-27 07:00:00-05:00,403.95
2023-01-27 07:01:00-05:00,403.98
2023-01-27 07:02:00-05:00,404.1
2023-01-27 07:03:00-05:00,404.16
2023-01-27 07:04:00-05:00,404.11
2023-01-27 07:05:00-05:00,404.2
2023-01-27 07:06:00-05:00,404.25
2023-01-27 07:07:00-05:00,404.21
2023-01-27 07:08:00-05:00,404.15
2023-01-27 07:09:00-05:00,404.15
2023-01-27 07:10:00-05:00,404.18
2023-01-27 07:11:00-05:00,404.18
2023-01-27 07:12:00-05:00,404.14
2023-01-27 07:13:00-05:00,404.16
2023-01-27 07:14:00-05:00,404.19
2023-01-27 07:15:00-05:00,404.2
2023-01-27 07:16:00-05:00,404.2
2023-01-27 07:17:00-05:00,404.24
2023-01-27 07:18:00-05:00,404.23
2023-01-27 07:19:00-05:00,404.28
2023-01-27 07:20:00-05:00,404.29
2023-01-27 07:21:00-05:00,404.22
2023-01-27 07:22:00-05:00,404.21
2023-01-27 07:23:00-05:00,404.21
2023-01-27 07:24:00-05:00,404.22
2023-01-27 07:25:00-05:00,404.19
2023-01-27 07:26:00-05:00,404.15
2023-01-27 07:27:00-05:00,404.06
2023-01-27 07:28:00-05:00,403.92
2023-01-27 07:29:00-05:00,403.79
2023-01-27 07:30:00-05:00,403.79
2023-01-27 07:31:00-05:00,403.82
2023-01-27 07:32:00-05:00,403.91
2023-01-27 07:33:00-05:00,403.9
2023-01-27 07:34:00-05:00,403.83
2023-01-27 07:35:00-05:00,403.65
2023-01-27 07:36:00-05:00,403.59
2023-01-27 07:37:00-05:00,403.6
2023-01-27 07:38:00-05:00,403.58
2023-01-27 07:39:00-05:00,403.51
2023-01-27 07:40:00-05:00,403.58
2023-01-27 07:41:00-05:00,403.57
2023-01-27 07:42:00-05:00,403.58
2023-01-27 07:43:00-05:00,403.58
2023-01-27 07:44:00-05:00,403.56
2023-01-27 07:45:00-05:00,403.5
2023-01-27 07:46:00-05:00,403.46
2023-01-27 07:47:00-05:00,403.47
2023-01-27 07:48:00-05:00,403.55
2023-01-27 07:49:00-05:00,403.58
2023-01-27 07:50:00-05:00,403.6
2023-01-27 07:51:00-05:00,403.62
2023-01-27 07:52:00-05:00,403.43
2023-01-27 07:53:00-05:00,403.4
2023-01-27 07:54:00-05:00,403.35
2023-01-27 07:55:00-05:00,403.43
2023-01-27 07:56:00-05:00,403.51
2023-01-27 07:57:00-05:00,403.51
2023-01-27 07:58:00-05:00,403.42
2023-01-27 07:59:00-05:00,403.41
2023-01-27 08:00:00-05:00,404.28
2023-01-27 08:01:00-05:00,404.295
2023-01-27 08:02:00-05:00,403.38
2023-01-27 08:03:00-05:00,403.34
2023-01-27 08:04:00-05:00,403.49
2023-01-27 08:05:00-05:00,403.51
2023-01-27 08:06:00-05:00,403.51
2023-01-27 08:07:00-05:00,403.47
2023-01-27 08:08:00-05:00,403.49
2023-01-27 08:09:00-05:00,403.47
2023-01-27 08:10:00-05:00,403.5
2023-01-27 08:11:00-05:00,403.51
2023-01-27 08:12:00-05:00,403.54
2023-01-27 08:13:00-05:00,403.58
2023-01-27 08:14:00-05:00,403.65
2023-01-27 08:15:00-05:00,403.65
2023-01-27 08:16:00-05:00,403.62
2023-01-27 08:17:00-05:00,403.64
2023-01-27 08:18:00-05:00,403.62
2023-01-27 08:19:00-05:00,403.59
2023-01-27 08:20:00-05:00,403.55
2023-01-27 08:21:00-05:00,403.56
2023-01-27 08:22:00-05:00,403.52
2023-01-27 08:23:00-05:00,403.48
2023-01-27 08:24:00-05:00,403.5
2023-01-27 08:25:00-05:00,403.45
2023-01-27 08:26:00-05:00,403.44
2023-01-27 08:27:00-05:00,403.45
2023-01-27 08:28:00-05:00,403.35
2023-01-27 08:29:00-05:00,403.9
2023-01-27 08:30:00-05:00,404.0
2023-01-27 08:31:00-05:00,403.79
2023-01-27 08:32:00-05:00,403.83
2023-01-27 08:33:00-05:00,404.1
2023-01-27 08:34:00-05:00,404.15
2023-01-27 08:35:00-05:00,404.04
2023-01-27 08:36:00-05:00,403.97
2023-01-27 08:37:00-05:00,403.97
2023-01-27 08:38:00-05:00,403.87
2023-01-27 08:39:00-05:00,404.02
2023-01-27 08:40:00-05:00,404.0
2023-01-27 08:41:00-05:00,403.98
2023-01-27 08:42:00-05:00,403.97
2023-01-27 08:43:00-05:00,403.97
2023-01-27 08:44:00-05:00,403.97
2023-01-27 08:45:00-05:00,403.96
2023-01-27 08:46:00-05:00,403.97
2023-01-27 08:47:00-05:00,404.75
2023-01-27 08:48:00-05:00,403.88
2023-01-27 08:49:00-05:00,403.79
2023-01-27 08:50:00-05:00,403.69
2023-01-27 08:51:00-05:00,403.77
2023-01-27 08:52:00-05:00,403.83
2023-01-27 08:53:00-05:00,403.67
2023-01-27 08:54:00-05:00,403.55
2023-01-27 08:55:00-05:00,403.62
2023-01-27 08:56:00-05:00,403.56
2023-01-27 08:57:00-05:00,403.47
2023-01-27 08:58:00-05:00,403.34
2023-01-27 08:59:00-05:00,403.34
2023-01-27 09:00:00-05:00,403.47
2023-01-27 09:01:00-05:00,403.55
2023-01-27 09:02:00-05:00,403.49
2023-01-27 09:03:00-05:00,403.41
2023-01-27 09:04:00-05:00,403.49
2023-01-27 09:05:00-05:00,403.56
2023-01-27 09:06:00-05:00,403.56
2023-01-27 09:07:00-05:00,403.54
2023-01-27 09:08:00-05:00,403.44
2023-01-27 09:09:00-05:00,403.41
2023-01-27 09:10:00-05:00,403.39
2023-01-27 09:11:00-05:00,403.34
2023-01-27 09:12:00-05:00,403.2699
2023-01-27 09:13:00-05:00,403.32
2023-01-27 09:14:00-05:00,403.34
2023-01-27 09:30:00-05:00,403.8200073242188
2023-01-27 09:31:00-05:00,404.0799865722656
2023-01-27 09:32:00-05:00,404.2300109863281
2023-01-27 09:33:00-05:00,404.0581970214844
2023-01-27 09:34:00-05:00,403.9599914550781
2023-01-27 09:35:00-05:00,404.1600036621094
2023-01-27 09:36:00-05:00,404.2799987792969
2023-01-27 09:37:00-05:00,404.0
2023-01-27 09:38:00-05:00,404.1300048828125
2023-01-27 09:39:00-05:00,404.3299865722656
2023-01-27 09:40:00-05:00,404.1099853515625
2023-01-27 09:41:00-05:00,404.2300109863281
2023-01-27 09:42:00-05:00,404.4400024414063
2023-01-27 09:43:00-05:00,404.5199890136719
2023-01-27 09:44:00-05:00,404.4599914550781
2023-01-27 09:45:00-05:00,404.6900024414063
2023-01-27 09:46:00-05:00,404.7000122070313
2023-01-27 09:47:00-05:00,404.8500061035156
2023-01-27 09:48:00-05:00,405.1799926757813
2023-01-27 09:49:00-05:00,405.26019287109375
2023-01-27 09:50:00-05:00,405.3399963378906
2023-01-27 09:51:00-05:00,405.4400024414063
2023-01-27 09:52:00-05:00,405.4599914550781
2023-01-27 09:53:00-05:00,405.3200073242188
2023-01-27 09:54:00-05:00,405.5199890136719
2023-01-27 09:55:00-05:00,405.4599914550781
2023-01-27 09:56:00-05:00,405.4100036621094
2023-01-27 09:57:00-05:00,405.2799987792969
2023-01-27 09:58:00-05:00,405.0499877929688
2023-01-27 09:59:00-05:00,405.0499877929688
2023-01-27 10:00:00-05:00,405.3299865722656
2023-01-27 10:01:00-05:00,405.3699951171875
2023-01-27 10:02:00-05:00,405.7149963378906
2023-01-27 10:03:00-05:00,405.7749938964844
2023-01-27 10:04:00-05:00,405.8399963378906
2023-01-27 10:05:00-05:00,405.7999877929688
2023-01-27 10:06:00-05:00,406.2699890136719
2023-01-27 10:07:00-05:00,406.3200073242188
2023-01-27 10:08:00-05:00,406.5700073242188
2023-01-27 10:09:00-05:00,406.3799133300781
2023-01-27 10:10:00-05:00,406.6300048828125
2023-01-27 10:11:00-05:00,406.5799865722656
2023-01-27 10:12:00-05:00,406.3399963378906
2023-01-27 10:13:00-05:00,406.2300109863281
2023-01-27 10:14:00-05:00,406.1900024414063
2023-01-27 10:15:00-05:00,406.2000122070313
2023-01-27 10:16:00-05:00,406.1900024414063
2023-01-27 10:17:00-05:00,406.1799926757813
2023-01-27 10:18:00-05:00,406.1400146484375
2023-01-27 10:19:00-05:00,405.9299926757813
2023-01-27 10:20:00-05:00,405.9800109863281
2023-01-27 10:21:00-05:00,405.8999938964844
2023-01-27 10:22:00-05:00,405.5499877929688
2023-01-27 10:23:00-05:00,405.5400085449219
2023-01-27 10:24:00-05:00,405.5700073242188
2023-01-27 10:25:00-05:00,405.57818603515625
2023-01-27 10:26:00-05:00,405.3900146484375
2023-01-27 10:27:00-05:00,405.5899963378906
2023-01-27 10:28:00-05:00,405.5799865722656
2023-01-27 10:29:00-05:00,405.7300109863281
2023-01-27 10:30:00-05:00,405.7999877929688
2023-01-27 10:31:00-05:00,405.7799987792969
2023-01-27 10:32:00-05:00,405.7900085449219
2023-01-27 10:33:00-05:00,405.7900085449219
2023-01-27 10:34:00-05:00,405.5280151367188
2023-01-27 10:35:00-05:00,405.3900146484375
2023-01-27 10:36:00-05:00,405.5299987792969
2023-01-27 10:37:00-05:00,405.54791259765625
2023-01-27 10:38:00-05:00,405.6799926757813
2023-01-27 10:39:00-05:00,405.5801086425781
2023-01-27 10:40:00-05:00,405.489990234375
2023-01-27 10:41:00-05:00,405.4299926757813
2023-01-27 10:42:00-05:00,405.5899963378906
2023-01-27 10:43:00-05:00,405.3999938964844
2023-01-27 10:44:00-05:00,405.2699890136719
2023-01-27 10:45:00-05:00,405.2200012207031
2023-01-27 10:46:00-05:00,405.0985107421875
2023-01-27 10:47:00-05:00,404.5499877929688
2023-01-27 10:48:00-05:00,404.4599914550781
2023-01-27 10:49:00-05:00,404.3619995117188
2023-01-27 10:50:00-05:00,404.368896484375
2023-01-27 10:51:00-05:00,404.3399963378906
2023-01-27 10:52:00-05:00,404.3200073242188
2023-01-27 10:53:00-05:00,404.1099853515625
2023-01-27 10:54:00-05:00,404.0174865722656
2023-01-27 10:55:00-05:00,403.8999938964844
2023-01-27 10:56:00-05:00,403.8399963378906
2023-01-27 10:57:00-05:00,404.159912109375
2023-01-27 10:58:00-05:00,404.3800048828125
2023-01-27 10:59:00-05:00,404.2999877929688
2023-01-27 11:00:00-05:00,404.2699890136719
2023-01-27 11:01:00-05:00,404.2789916992188
2023-01-27 11:02:00-05:00,404.2601013183594
2023-01-27 11:03:00-05:00,404.2099914550781
2023-01-27 11:04:00-05:00,404.1900024414063
2023-01-27 11:05:00-05:00,404.4700012207031
2023-01-27 11:06:00-05:00,404.489990234375
2023-01-27 11:07:00-05:00,404.4699096679688
2023-01-27 11:08:00-05:00,404.2200012207031
2023-01-27 11:09:00-05:00,404.1387939453125
2023-01-27 11:10:00-05:00,404.12890625
2023-01-27 11:11:00-05:00,404.0484008789063
2023-01-27 11:12:00-05:00,404.2699890136719
2023-01-27 11:13:00-05:00,404.2300109863281
2023-01-27 11:14:00-05:00,404.1000061035156
2023-01-27 11:15:00-05:00,404.239990234375
2023-01-27 11:16:00-05:00,404.6300048828125
2023-01-27 11:17:00-05:00,404.6000061035156
2023-01-27 11:18:00-05:00,404.760009765625
2023-01-27 11:19:00-05:00,404.7200012207031
2023-01-27 11:20:00-05:00,404.8908996582031
2023-01-27 11:21:00-05:00,404.9500122070313
2023-01-27 11:22:00-05:00,404.9700012207031
2023-01-27 11:23:00-05:00,405.05999755859375
2023-01-27 11:24:00-05:00,405.0199890136719
2023-01-27 11:25:00-05:00,405.010009765625
2023-01-27 11:26:00-05:00,405.1199951171875
2023-01-27 11:27:00-05:00,405.13128662109375
2023-01-27 11:28:00-05:00,405.0199890136719
2023-01-27 11:29:00-05:00,405.1199951171875
2023-01-27 11:30:00-05:00,405.1900024414063
2023-01-27 11:31:00-05:00,405.4100036621094
2023-01-27 11:32:00-05:00,405.49029541015625
2023-01-27 11:33:00-05:00,405.6400146484375
2023-01-27 11:34:00-05:00,405.7300109863281
2023-01-27 11:35:00-05:00,405.8200073242188
2023-01-27 11:36:00-05:00,405.6000061035156
2023-01-27 11:37:00-05:00,405.65960693359375
2023-01-27 11:38:00-05:00,405.6380004882813
2023-01-27 11:39:00-05:00,405.5799865722656
2023-01-27 11:40:00-05:00,405.7099914550781
2023-01-27 11:41:00-05:00,405.9500122070313
2023-01-27 11:42:00-05:00,405.9500122070313
2023-01-27 11:43:00-05:00,406.05999755859375
2023-01-27 11:44:00-05:00,405.9971008300781
2023-01-27 11:45:00-05:00,405.9200134277344
2023-01-27 11:46:00-05:00,405.9800109863281
2023-01-27 11:47:00-05:00,406.0400085449219
2023-01-27 11:48:00-05:00,406.0499877929688
2023-01-27 11:49:00-05:00,405.9599914550781
2023-01-27 11:50:00-05:00,406.0400085449219
2023-01-27 11:51:00-05:00,406.0799865722656
2023-01-27 11:52:00-05:00,406.0849914550781
2023-01-27 11:53:00-05:00,405.989990234375
2023-01-27 11:54:00-05:00,405.9500122070313
2023-01-27 11:55:00-05:00,405.9800109863281
2023-01-27 11:56:00-05:00,406.1199951171875
2023-01-27 11:57:00-05:00,406.1499938964844
2023-01-27 11:58:00-05:00,406.1300048828125
2023-01-27 11:59:00-05:00,406.0799865722656
2023-01-27 12:00:00-05:00,405.9299926757813
2023-01-27 12:01:00-05:00,405.9500122070313
2023-01-27 12:02:00-05:00,406.0000915527344
2023-01-27 12:03:00-05:00,405.9100036621094
2023-01-27 12:04:00-05:00,405.7298889160156
2023-01-27 12:05:00-05:00,405.7799987792969
2023-01-27 12:06:00-05:00,405.7099914550781
2023-01-27 12:07:00-05:00,405.8399963378906
2023-01-27 12:08:00-05:00,405.9400024414063
2023-01-27 12:09:00-05:00,405.9599914550781
2023-01-27 12:10:00-05:00,405.9200134277344
2023-01-27 12:11:00-05:00,405.8699951171875
2023-01-27 12:12:00-05:00,405.8599853515625
2023-01-27 12:13:00-05:00,406.0199890136719
2023-01-27 12:14:00-05:00,406.1099853515625
2023-01-27 12:15:00-05:00,406.510009765625
2023-01-27 12:16:00-05:00,406.5400085449219
2023-01-27 12:17:00-05:00,406.45989990234375
2023-01-27 12:18:00-05:00,406.5499877929688
2023-01-27 12:19:00-05:00,406.5400085449219
2023-01-27 12:20:00-05:00,406.510009765625
2023-01-27 12:21:00-05:00,406.4400024414063
2023-01-27 12:22:00-05:00,406.3599853515625
2023-01-27 12:23:00-05:00,406.4500122070313
2023-01-27 12:24:00-05:00,406.4599914550781
2023-01-27 12:25:00-05:00,406.4400024414063
2023-01-27 12:26:00-05:00,406.30999755859375
2023-01-27 12:27:00-05:00,406.1199951171875
2023-01-27 12:28:00-05:00,406.05999755859375
2023-01-27 12:29:00-05:00,406.1199951171875
2023-01-27 12:30:00-05:00,405.9700012207031
2023-01-27 12:31:00-05:00,406.1300048828125
2023-01-27 12:32:00-05:00,406.1700134277344
2023-01-27 12:33:00-05:00,406.2999877929688
2023-01-27 12:34:00-05:00,406.3699951171875
2023-01-27 12:35:00-05:00,406.5400085449219
2023-01-27 12:36:00-05:00,406.5299987792969
2023-01-27 12:37:00-05:00,406.55999755859375
2023-01-27 12:38:00-05:00,406.6700134277344
2023-01-27 12:39:00-05:00,406.6456909179688
2023-01-27 12:40:00-05:00,406.75
2023-01-27 12:41:00-05:00,406.7213134765625
2023-01-27 12:42:00-05:00,406.5198974609375
2023-01-27 12:43:00-05:00,406.5443115234375
2023-01-27 12:44:00-05:00,406.489990234375
2023-01-27 12:45:00-05:00,406.3900146484375
2023-01-27 12:46:00-05:00,406.4198913574219
2023-01-27 12:47:00-05:00,406.4700012207031
2023-01-27 12:48:00-05:00,406.5450134277344
2023-01-27 12:49:00-05:00,406.614990234375
2023-01-27 12:50:00-05:00,406.6400146484375
2023-01-27 12:51:00-05:00,406.6000061035156
2023-01-27 12:52:00-05:00,406.6700134277344
2023-01-27 12:53:00-05:00,406.760009765625
2023-01-27 12:54:00-05:00,406.6900024414063
2023-01-27 12:55:00-05:00,406.6700134277344
2023-01-27 12:56:00-05:00,406.6500854492188
2023-01-27 12:57:00-05:00,406.55999755859375
2023-01-27 12:58:00-05:00,406.5700073242188
2023-01-27 12:59:00-05:00,406.5400085449219
2023-01-27 13:00:00-05:00,406.6099853515625
2023-01-27 13:01:00-05:00,406.5400085449219
2023-01-27 13:02:00-05:00,406.25
2023-01-27 13:03:00-05:00,406.2598876953125
2023-01-27 13:04:00-05:00,406.2300109863281
2023-01-27 13:05:00-05:00,406.2298889160156
2023-01-27 13:06:00-05:00,406.260009765625
2023-01-27 13:07:00-05:00,406.260009765625
2023-01-27 13:08:00-05:00,406.2200012207031
2023-01-27 13:09:00-05:00,406.2000122070313
2023-01-27 13:10:00-05:00,406.1300048828125
2023-01-27 13:11:00-05:00,406.1000061035156
2023-01-27 13:12:00-05:00,406.0750122070313
2023-01-27 13:13:00-05:00,406.1600036621094
2023-01-27 13:14:00-05:00,406.1549987792969
2023-01-27 13:15:00-05:00,406.1099853515625
2023-01-27 13:16:00-05:00,406.0299987792969
2023-01-27 13:17:00-05:00,405.8200073242188
2023-01-27 13:18:00-05:00,405.9299926757813
2023-01-27 13:19:00-05:00,406.0
2023-01-27 13:20:00-05:00,406.0199890136719
2023-01-27 13:21:00-05:00,405.989990234375
2023-01-27 13:22:00-05:00,406.0799865722656
2023-01-27 13:23:00-05:00,406.0499877929688
2023-01-27 13:24:00-05:00,406.0400085449219
2023-01-27 13:25:00-05:00,406.0299987792969
2023-01-27 13:26:00-05:00,406.0
2023-01-27 13:27:00-05:00,405.989990234375
2023-01-27 13:28:00-05:00,406.1600036621094
2023-01-27 13:29:00-05:00,406.1199951171875
2023-01-27 13:30:00-05:00,406.2699890136719
2023-01-27 13:31:00-05:00,406.2799987792969
2023-01-27 13:32:00-05:00,406.2749938964844
2023-01-27 13:33:00-05:00,406.3399963378906
2023-01-27 13:34:00-05:00,406.3599853515625
2023-01-27 13:35:00-05:00,406.4500122070313
2023-01-27 13:36:00-05:00,406.5
2023-01-27 13:37:00-05:00,406.489990234375
2023-01-27 13:38:00-05:00,406.5
2023-01-27 13:39:00-05:00,406.5400085449219
2023-01-27 13:40:00-05:00,406.5400085449219
2023-01-27 13:41:00-05:00,406.364013671875
2023-01-27 13:42:00-05:00,406.2000122070313
2023-01-27 13:43:00-05:00,406.1199951171875
2023-01-27 13:44:00-05:00,406.3399963378906
2023-01-27 13:45:00-05:00,406.3200073242188
2023-01-27 13:46:00-05:00,406.39990234375
2023-01-27 13:47:00-05:00,406.4801025390625
2023-01-27 13:48:00-05:00,406.4299926757813
2023-01-27 13:49:00-05:00,406.4700012207031
2023-01-27 13:50:00-05:00,406.4599914550781
2023-01-27 13:51:00-05:00,406.30999755859375
2023-01-27 13:52:00-05:00,406.3399963378906
2023-01-27 13:53:00-05:00,406.2699890136719
2023-01-27 13:54:00-05:00,406.260009765625
2023-01-27 13:55:00-05:00,406.29681396484375
2023-01-27 13:56:00-05:00,406.3299865722656
2023-01-27 13:57:00-05:00,406.385009765625
2023-01-27 13:58:00-05:00,406.4700012207031
2023-01-27 13:59:00-05:00,406.4945983886719
2023-01-27 14:00:00-05:00,406.6600036621094
2023-01-27 14:01:00-05:00,406.8999938964844
2023-01-27 14:02:00-05:00,406.6050109863281
2023-01-27 14:03:00-05:00,406.6900024414063
2023-01-27 14:04:00-05:00,406.6799926757813
2023-01-27 14:05:00-05:00,406.7099914550781
2023-01-27 14:06:00-05:00,406.6700134277344
2023-01-27 14:07:00-05:00,406.5798950195313
2023-01-27 14:08:00-05:00,406.4700012207031
2023-01-27 14:09:00-05:00,406.510009765625
2023-01-27 14:10:00-05:00,406.6000061035156
2023-01-27 14:11:00-05:00,406.635009765625
2023-01-27 14:12:00-05:00,406.6700134277344
2023-01-27 14:13:00-05:00,406.6449890136719
2023-01-27 14:14:00-05:00,406.7300109863281
2023-01-27 14:15:00-05:00,406.9700012207031
2023-01-27 14:16:00-05:00,406.9599914550781
2023-01-27 14:17:00-05:00,407.0
2023-01-27 14:18:00-05:00,407.0906982421875
2023-01-27 14:19:00-05:00,407.0899963378906
2023-01-27 14:20:00-05:00,407.1199035644531
2023-01-27 14:21:00-05:00,407.0350036621094
2023-01-27 14:22:00-05:00,407.065185546875
2023-01-27 14:23:00-05:00,407.1300048828125
2023-01-27 14:24:00-05:00,407.1499938964844
2023-01-27 14:25:00-05:00,407.125
2023-01-27 14:26:00-05:00,407.1400146484375
2023-01-27 14:27:00-05:00,407.0799865722656
2023-01-27 14:28:00-05:00,407.2000122070313
2023-01-27 14:29:00-05:00,407.1684875488281
2023-01-27 14:30:00-05:00,407.2200012207031
2023-01-27 14:31:00-05:00,407.2049865722656
2023-01-27 14:32:00-05:00,407.239990234375
2023-01-27 14:33:00-05:00,407.2049865722656
2023-01-27 14:34:00-05:00,407.1499938964844
2023-01-27 14:35:00-05:00,407.1300048828125
2023-01-27 14:36:00-05:00,407.1799926757813
2023-01-27 14:37:00-05:00,407.1199951171875
2023-01-27 14:38:00-05:00,407.1700134277344
2023-01-27 14:39:00-05:00,407.25
2023-01-27 14:40:00-05:00,407.1950073242188
2023-01-27 14:41:00-05:00,407.2184143066406
2023-01-27 14:42:00-05:00,407.30999755859375
2023-01-27 14:43:00-05:00,407.3299865722656
2023-01-27 14:44:00-05:00,407.2900085449219
2023-01-27 14:45:00-05:00,407.2900085449219
2023-01-27 14:46:00-05:00,407.3699951171875
2023-01-27 14:47:00-05:00,407.4599914550781
2023-01-27 14:48:00-05:00,407.5499877929688
2023-01-27 14:49:00-05:00,407.5499877929688
2023-01-27 14:50:00-05:00,407.55999755859375
2023-01-27 14:51:00-05:00,407.5400085449219
2023-01-27 14:52:00-05:00,407.4200134277344
2023-01-27 14:53:00-05:00,407.4500122070313
2023-01-27 14:54:00-05:00,407.4700012207031
2023-01-27 14:55:00-05:00,407.5799865722656
2023-01-27 14:56:00-05:00,407.5650024414063
2023-01-27 14:57:00-05:00,407.5499877929688
2023-01-27 14:58:00-05:00,407.489990234375
2023-01-27 14:59:00-05:00,407.5499877929688
2023-01-27 15:00:00-05:00,407.6400146484375
2023-01-27 15:01:00-05:00,407.6785888671875
2023-01-27 15:02:00-05:00,407.6799926757813
2023-01-27 15:03:00-05:00,407.6799926757813
2023-01-27 15:04:00-05:00,407.7000122070313
2023-01-27 15:05:00-05:00,407.7799987792969
2023-01-27 15:06:00-05:00,407.7950134277344
2023-01-27 15:07:00-05:00,407.9549865722656
2023-01-27 15:08:00-05:00,408.1600036621094
2023-01-27 15:09:00-05:00,408.135009765625
2023-01-27 15:10:00-05:00,408.1099853515625
2023-01-27 15:11:00-05:00,408.1600036621094
2023-01-27 15:12:00-05:00,408.0499877929688
2023-01-27 15:13:00-05:00,407.885009765625
2023-01-27 15:14:00-05:00,407.7298889160156
2023-01-27 15:15:00-05:00,407.5899963378906
2023-01-27 15:16:00-05:00,407.5199890136719
2023-01-27 15:17:00-05:00,407.4549865722656
2023-01-27 15:18:00-05:00,407.5383911132813
2023-01-27 15:19:00-05:00,407.5700073242188
2023-01-27 15:20:00-05:00,407.6299133300781
2023-01-27 15:21:00-05:00,407.3599853515625
2023-01-27 15:22:00-05:00,407.3550109863281
2023-01-27 15:23:00-05:00,407.4200134277344
2023-01-27 15:24:00-05:00,407.5450134277344
2023-01-27 15:25:00-05:00,407.5700073242188
2023-01-27 15:26:00-05:00,407.3800048828125
2023-01-27 15:27:00-05:00,407.4500122070313
2023-01-27 15:28:00-05:00,407.6000061035156
2023-01-27 15:29:00-05:00,407.6300048828125
2023-01-27 15:30:00-05:00,407.7099914550781
2023-01-27 15:31:00-05:00,407.6400146484375
2023-01-27 15:32:00-05:00,407.7499084472656
2023-01-27 15:33:00-05:00,407.80999755859375
2023-01-27 15:34:00-05:00,407.885009765625
2023-01-27 15:35:00-05:00,407.8200073242188
2023-01-27 15:36:00-05:00,407.8599853515625
2023-01-27 15:37:00-05:00,407.8550109863281
2023-01-27 15:38:00-05:00,407.7850036621094
2023-01-27 15:39:00-05:00,407.55999755859375
2023-01-27 15:40:00-05:00,407.6900024414063
2023-01-27 15:41:00-05:00,407.7099914550781
2023-01-27 15:42:00-05:00,407.6199951171875
2023-01-27 15:43:00-05:00,407.4100036621094
2023-01-27 15:44:00-05:00,407.4400024414063
2023-01-27 15:45:00-05:00,407.3280029296875
2023-01-27 15:46:00-05:00,406.9500122070313
2023-01-27 15:47:00-05:00,406.9299926757813
2023-01-27 15:48:00-05:00,406.8399963378906
2023-01-27 15:49:00-05:00,406.7799987792969
2023-01-27 15:50:00-05:00,406.8200073242188
2023-01-27 15:51:00-05:00,406.5398864746094
2023-01-27 15:52:00-05:00,406.25
2023-01-27 15:53:00-05:00,406.0499877929688
2023-01-27 15:54:00-05:00,406.1875
2023-01-27 15:55:00-05:00,406.1199951171875
2023-01-27 15:56:00-05:00,405.9500122070313
2023-01-27 15:57:00-05:00,405.9100036621094
2023-01-27 15:58:00-05:00,405.7799987792969
2023-01-27 15:59:00-05:00,405.7900085449219
2023-01-27 16:00:00-05:00,405.86
2023-01-27 16:01:00-05:00,405.74
2023-01-27 16:02:00-05:00,405.63
2023-01-27 16:03:00-05:00,406.186
2023-01-27 16:04:00-05:00,406.186
2023-01-27 16:05:00-05:00,405.7775
2023-01-27 16:06:00-05:00,405.58
2023-01-27 16:07:00-05:00,405.69
2023-01-27 16:08:00-05:00,405.7
2023-01-27 16:09:00-05:00,405.7772
2023-01-27 16:10:00-05:00,405.7747
2023-01-27 16:11:00-05:00,405.69
2023-01-27 16:12:00-05:00,405.61
2023-01-27 16:13:00-05:00,405.72
2023-01-27 16:14:00-05:00,405.72
2023-01-27 16:15:00-05:00,405.7
2023-01-27 16:16:00-05:00,405.66
2023-01-27 16:17:00-05:00,405.65
2023-01-27 16:18:00-05:00,405.6
2023-01-27 16:19:00-05:00,405.56
2023-01-27 16:20:00-05:00,405.64
2023-01-27 16:21:00-05:00,405.67
2023-01-27 16:22:00-05:00,405.68
2023-01-27 16:23:00-05:00,405.67
2023-01-27 16:24:00-05:00,405.62
2023-01-27 16:25:00-05:00,405.58
2023-01-27 16:26:00-05:00,405.58
2023-01-27 16:27:00-05:00,405.6
2023-01-27 16:28:00-05:00,405.63
2023-01-27 16:29:00-05:00,405.68
2023-01-27 16:30:00-05:00,405.65
2023-01-27 16:31:00-05:00,405.68
2023-01-27 16:32:00-05:00,405.61
2023-01-27 16:33:00-05:00,405.66
2023-01-27 16:34:00-05:00,405.63
2023-01-27 16:35:00-05:00,405.64
2023-01-27 16:36:00-05:00,405.62
2023-01-27 16:37:00-05:00,405.59
2023-01-27 16:38:00-05:00,405.63
2023-01-27 16:39:00-05:00,405.6
2023-01-27 16:40:00-05:00,405.65
2023-01-27 16:41:00-05:00,405.67
2023-01-27 16:42:00-05:00,405.65
2023-01-27 16:43:00-05:00,405.64
2023-01-27 16:44:00-05:00,405.65
2023-01-27 16:45:00-05:00,405.64
2023-01-27 16:46:00-05:00,405.63
2023-01-27 16:47:00-05:00,405.63
2023-01-27 16:48:00-05:00,405.6
2023-01-27 16:49:00-05:00,405.56
2023-01-27 16:50:00-05:00,405.56
2023-01-27 16:51:00-05:00,405.56
2023-01-27 16:52:00-05:00,405.56
2023-01-27 16:53:00-05:00,405.55
2023-01-27 16:54:00-05:00,405.55
2023-01-27 16:55:00-05:00,405.58
2023-01-27 16:56:00-05:00,405.57
2023-01-27 16:57:00-05:00,405.57
2023-01-27 16:58:00-05:00,405.58
2023-01-27 16:59:00-05:00,405.65
2023-01-27 17:00:00-05:00,405.68
2023-01-27 17:01:00-05:00,405.68
2023-01-27 17:02:00-05:00,405.68
2023-01-27 17:03:00-05:00,405.68
2023-01-27 17:04:00-05:00,405.63
2023-01-27 17:05:00-05:00,405.65
2023-01-27 17:06:00-05:00,405.65
2023-01-27 17:07:00-05:00,405.67
2023-01-27 17:08:00-05:00,405.66
2023-01-27 17:09:00-05:00,405.66
2023-01-27 17:10:00-05:00,405.66
2023-01-27 17:11:00-05:00,405.63
2023-01-27 17:12:00-05:00,405.62
2023-01-27 17:13:00-05:00,405.63
2023-01-27 17:14:00-05:00,405.64
2023-01-27 17:15:00-05:00,405.67
2023-01-27 17:16:00-05:00,405.65
2023-01-27 17:17:00-05:00,405.64
2023-01-27 17:18:00-05:00,405.63
2023-01-27 17:19:00-05:00,405.63
2023-01-27 17:20:00-05:00,405.63
2023-01-27 17:21:00-05:00,405.62
2023-01-27 17:22:00-05:00,405.64
2023-01-27 17:23:00-05:00,405.62
2023-01-27 17:24:00-05:00,405.62
2023-01-27 17:25:00-05:00,405.62
2023-01-27 17:26:00-05:00,405.63
2023-01-27 17:27:00-05:00,405.63
2023-01-27 17:28:00-05:00,405.62
2023-01-27 17:29:00-05:00,405.62
2023-01-27 17:30:00-05:00,405.62
2023-01-27 17:31:00-05:00,405.63
2023-01-27 17:32:00-05:00,405.62
2023-01-27 17:33:00-05:00,405.62
2023-01-27 17:34:00-05:00,405.62
2023-01-27 17:35:00-05:00,405.62
2023-01-27 17:36:00-05:00,405.61
2023-01-27 17:37:00-05:00,405.61
2023-01-27 17:38:00-05:00,405.61
2023-01-27 17:39:00-05:00,405.61
2023-01-27 17:40:00-05:00,405.58
2023-01-27 17:41:00-05:00,405.7
2023-01-27 17:42:00-05:00,405.67
2023-01-27 17:43:00-05:00,405.68
2023-01-27 17:44:00-05:00,405.68
2023-01-27 17:45:00-05:00,405.65
2023-01-27 17:46:00-05:00,405.67
2023-01-27 17:47:00-05:00,405.67
2023-01-27 17:48:00-05:00,405.67
2023-01-27 17:49:00-05:00,405.67
2023-01-27 17:50:00-05:00,405.67
2023-01-27 17:51:00-05:00,405.68
2023-01-27 17:52:00-05:00,405.68
2023-01-27 17:53:00-05:00,405.68
2023-01-27 17:54:00-05:00,405.67
2023-01-27 17:55:00-05:00,405.65
2023-01-27 17:56:00-05:00,405.65
2023-01-27 17:57:00-05:00,405.65
2023-01-27 17:58:00-05:00,405.65
2023-01-27 17:59:00-05:00,405.65
2023-01-27 18:00:00-05:00,405.68
2023-01-27 18:01:00-05:00,405.67
2023-01-27 18:02:00-05:00,405.67
2023-01-27 18:03:00-05:00,405.65
2023-01-27 18:04:00-05:00,405.65
2023-01-27 18:05:00-05:00,405.64
2023-01-27 18:06:00-05:00,405.63
2023-01-27 18:07:00-05:00,405.625
2023-01-27 18:08:00-05:00,405.65
2023-01-27 18:09:00-05:00,405.66
2023-01-27 18:10:00-05:00,405.65
2023-01-27 18:11:00-05:00,405.65
2023-01-27 18:12:00-05:00,405.65
2023-01-27 18:13:00-05:00,405.65
2023-01-27 18:14:00-05:00,405.65
2023-01-27 18:15:00-05:00,405.65
2023-01-27 18:16:00-05:00,405.65
2023-01-27 18:17:00-05:00,405.6
2023-01-27 18:18:00-05:00,405.65
2023-01-27 18:19:00-05:00,405.65
2023-01-27 18:20:00-05:00,405.59
2023-01-27 18:21:00-05:00,405.59
2023-01-27 18:22:00-05:00,405.59
2023-01-27 18:23:00-05:00,405.59
2023-01-27 18:24:00-05:00,405.59
2023-01-27 18:25:00-05:00,405.59
2023-01-27 18:26:00-05:00,405.59
2023-01-27 18:27:00-05:00,405.59
2023-01-27 18:28:00-05:00,405.6
2023-01-27 18:29:00-05:00,406.03
2023-01-27 18:30:00-05:00,405.6
2023-01-27 18:31:00-05:00,405.6
2023-01-27 18:32:00-05:00,405.6
2023-01-27 18:33:00-05:00,405.64
2023-01-27 18:34:00-05:00,407.0901
2023-01-27 18:35:00-05:00,407.4701
2023-01-27 18:36:00-05:00,405.67
2023-01-27 18:37:00-05:00,405.67
2023-01-27 18:38:00-05:00,405.67
2023-01-27 18:39:00-05:00,405.65
2023-01-27 18:40:00-05:00,405.65
2023-01-27 18:41:00-05:00,405.7
2023-01-27 18:42:00-05:00,405.67
2023-01-27 18:43:00-05:00,405.67
2023-01-27 18:44:00-05:00,405.66
2023-01-27 18:45:00-05:00,405.66
2023-01-27 18:46:00-05:00,405.67
2023-01-27 18:47:00-05:00,405.67
2023-01-27 18:48:00-05:00,405.6692
2023-01-27 18:49:00-05:00,405.63
2023-01-27 18:50:00-05:00,405.63
2023-01-27 18:51:00-05:00,405.63
2023-01-27 18:52:00-05:00,405.63
2023-01-27 18:53:00-05:00,405.63
2023-01-27 18:54:00-05:00,405.6
2023-01-27 18:55:00-05:00,405.6
2023-01-27 18:56:00-05:00,405.63
2023-01-27 18:57:00-05:00,405.63
2023-01-27 18:58:00-05:00,405.63
2023-01-27 18:59:00-05:00,405.63
2023-01-27 19:00:00-05:00,405.63
2023-01-27 19:01:00-05:00,405.63
2023-01-27 19:02:00-05:00,405.63
2023-01-27 19:03:00-05:00,405.63
2023-01-27 19:04:00-05:00,405.67
2023-01-27 19:05:00-05:00,405.68
2023-01-27 19:06:00-05:00,405.68
2023-01-27 19:07:00-05:00,405.68
2023-01-27 19:08:00-05:00,405.68
2023-01-27 19:09:00-05:00,405.68
2023-01-27 19:10:00-05:00,405.68
2023-01-27 19:11:00-05:00,405.68
2023-01-27 19:12:00-05:00,405.68
2023-01-27 19:13:00-05:00,405.66
2023-01-27 19:14:00-05:00,405.66
2023-01-27 19:15:00-05:00,405.67
2023-01-27 19:16:00-05:00,405.67
2023-01-27 19:17:00-05:00,405.65
2023-01-27 19:18:00-05:00,405.64
2023-01-27 19:19:00-05:00,405.64
2023-01-27 19:20:00-05:00,405.62
2023-01-27 19:21:00-05:00,405.61
2023-01-27 19:22:00-05:00,405.62
2023-01-27 19:23:00-05:00,405.64
2023-01-27 19:24:00-05:00,405.62
2023-01-27 19:25:00-05:00,405.62
2023-01-27 19:26:00-05:00,405.64
2023-01-27 19:27:00-05:00,405.63
2023-01-27 19:28:00-05:00,405.61
2023-01-27 19:29:00-05:00,405.63
2023-01-27 19:30:00-05:00,405.64
2023-01-27 19:31:00-05:00,405.64
2023-01-27 19:32:00-05:00,405.64
2023-01-27 19:33:00-05:00,405.64
2023-01-27 19:34:00-05:00,405.64
2023-01-27 19:35:00-05:00,405.64
2023-01-27 19:36:00-05:00,405.63
2023-01-27 19:37:00-05:00,405.63
2023-01-27 19:38:00-05:00,405.63
2023-01-27 19:39:00-05:00,405.64
2023-01-27 19:40:00-05:00,405.64
2023-01-27 19:41:00-05:00,405.63
2023-01-27 19:42:00-05:00,405.6
2023-01-27 19:43:00-05:00,405.62
2023-01-27 19:44:00-05:00,405.62
2023-01-27 19:45:00-05:00,405.61
2023-01-27 19:46:00-05:00,405.61
2023-01-27 19:47:00-05:00,405.61
2023-01-27 19:48:00-05:00,405.61
2023-01-27 19:49:00-05:00,405.6
2023-01-27 19:50:00-05:00,405.59
2023-01-27 19:51:00-05:00,405.61
2023-01-27 19:52:00-05:00,405.61
2023-01-27 19:53:00-05:00,405.61
2023-01-27 19:54:00-05:00,405.61
2023-01-27 19:55:00-05:00,405.61
2023-01-27 19:56:00-05:00,405.6
2023-01-27 19:57:00-05:00,405.61
2023-01-27 19:58:00-05:00,405.6
2023-01-27 19:59:00-05:00,405.59
2023-01-30 04:00:00-05:00,404.44
2023-01-30 04:01:00-05:00,402.94
2023-01-30 04:02:00-05:00,402.94
2023-01-30 04:03:00-05:00,402.89
2023-01-30 04:04:00-05:00,402.83
2023-01-30 04:05:00-05:00,402.74
2023-01-30 04:06:00-05:00,402.72
2023-01-30 04:07:00-05:00,402.85
2023-01-30 04:08:00-05:00,402.86
2023-01-30 04:09:00-05:00,402.68
2023-01-30 04:10:00-05:00,402.63
2023-01-30 04:11:00-05:00,402.63
2023-01-30 04:12:00-05:00,402.71
2023-01-30 04:13:00-05:00,402.74
2023-01-30 04:14:00-05:00,402.86
2023-01-30 04:15:00-05:00,402.87
2023-01-30 04:16:00-05:00,402.85
2023-01-30 04:17:00-05:00,402.96
2023-01-30 04:18:00-05:00,402.97
2023-01-30 04:19:00-05:00,403.02
2023-01-30 04:20:00-05:00,403.03
2023-01-30 04:21:00-05:00,403.19
2023-01-30 04:22:00-05:00,403.13
2023-01-30 04:23:00-05:00,403.15
2023-01-30 04:24:00-05:00,403.0
2023-01-30 04:25:00-05:00,402.93
2023-01-30 04:26:00-05:00,402.92
2023-01-30 04:28:00-05:00,402.79
2023-01-30 04:29:00-05:00,402.73
2023-01-30 04:30:00-05:00,402.7
2023-01-30 04:31:00-05:00,402.64
2023-01-30 04:32:00-05:00,402.65
2023-01-30 04:33:00-05:00,402.74
2023-01-30 04:34:00-05:00,402.68
2023-01-30 04:35:00-05:00,402.5
2023-01-30 04:36:00-05:00,402.22
2023-01-30 04:37:00-05:00,402.15
2023-01-30 04:38:00-05:00,402.03
2023-01-30 04:39:00-05:00,402.05
2023-01-30 04:40:00-05:00,402.03
2023-01-30 04:41:00-05:00,402.22
2023-01-30 04:42:00-05:00,402.22
2023-01-30 04:43:00-05:00,402.26
2023-01-30 04:44:00-05:00,402.25
2023-01-30 04:45:00-05:00,402.2
2023-01-30 04:46:00-05:00,402.25
2023-01-30 04:47:00-05:00,402.32
2023-01-30 04:48:00-05:00,402.38
2023-01-30 04:49:00-05:00,402.58
2023-01-30 04:50:00-05:00,402.63
2023-01-30 04:51:00-05:00,402.46
2023-01-30 04:52:00-05:00,402.38
2023-01-30 04:53:00-05:00,402.41
2023-01-30 04:54:00-05:00,402.38
2023-01-30 04:55:00-05:00,402.36
2023-01-30 04:56:00-05:00,402.38
2023-01-30 04:57:00-05:00,402.37
2023-01-30 04:58:00-05:00,402.4
2023-01-30 04:59:00-05:00,402.36
2023-01-30 05:00:00-05:00,402.31
2023-01-30 05:01:00-05:00,402.11
2023-01-30 05:02:00-05:00,402.16
2023-01-30 05:03:00-05:00,402.26
2023-01-30 05:04:00-05:00,402.26
2023-01-30 05:05:00-05:00,402.29
2023-01-30 05:06:00-05:00,402.33
2023-01-30 05:07:00-05:00,402.32
2023-01-30 05:08:00-05:00,402.31
2023-01-30 05:09:00-05:00,402.27
2023-01-30 05:10:00-05:00,402.23
2023-01-30 05:11:00-05:00,402.25
2023-01-30 05:12:00-05:00,402.35
2023-01-30 05:13:00-05:00,402.42
2023-01-30 05:14:00-05:00,402.36
2023-01-30 05:15:00-05:00,402.3
2023-01-30 05:16:00-05:00,402.27
2023-01-30 05:17:00-05:00,402.28
2023-01-30 05:18:00-05:00,402.35
2023-01-30 05:19:00-05:00,402.36
2023-01-30 05:20:00-05:00,402.37
2023-01-30 05:21:00-05:00,402.39
2023-01-30 05:22:00-05:00,402.42
2023-01-30 05:23:00-05:00,402.33
2023-01-30 05:24:00-05:00,402.29
2023-01-30 05:25:00-05:00,402.42
2023-01-30 05:26:00-05:00,402.37
2023-01-30 05:27:00-05:00,402.27
2023-01-30 05:28:00-05:00,402.25
2023-01-30 05:29:00-05:00,402.24
2023-01-30 05:30:00-05:00,402.23
2023-01-30 05:31:00-05:00,402.23
2023-01-30 05:32:00-05:00,402.23
2023-01-30 05:33:00-05:00,402.29
2023-01-30 05:34:00-05:00,402.41
2023-01-30 05:35:00-05:00,402.41
2023-01-30 05:36:00-05:00,402.36
2023-01-30 05:37:00-05:00,402.44
2023-01-30 05:38:00-05:00,402.42
2023-01-30 05:39:00-05:00,402.47
2023-01-30 05:40:00-05:00,402.55
2023-01-30 05:41:00-05:00,402.58
2023-01-30 05:42:00-05:00,402.6
2023-01-30 05:43:00-05:00,402.51
2023-01-30 05:44:00-05:00,402.54
2023-01-30 05:45:00-05:00,402.56
2023-01-30 05:46:00-05:00,402.53
2023-01-30 05:47:00-05:00,402.59
2023-01-30 05:48:00-05:00,402.54
2023-01-30 05:49:00-05:00,402.54
2023-01-30 05:50:00-05:00,402.5
2023-01-30 05:51:00-05:00,402.54
2023-01-30 05:52:00-05:00,402.44
2023-01-30 05:53:00-05:00,402.33
2023-01-30 05:54:00-05:00,402.33
2023-01-30 05:55:00-05:00,402.31
2023-01-30 05:57:00-05:00,402.3
2023-01-30 05:58:00-05:00,402.37
2023-01-30 05:59:00-05:00,402.46
2023-01-30 06:00:00-05:00,402.54
2023-01-30 06:01:00-05:00,402.33
2023-01-30 06:02:00-05:00,402.3
2023-01-30 06:03:00-05:00,402.33
2023-01-30 06:04:00-05:00,402.29
2023-01-30 06:05:00-05:00,402.35
2023-01-30 06:06:00-05:00,402.5
2023-01-30 06:07:00-05:00,402.39
2023-01-30 06:08:00-05:00,402.36
2023-01-30 06:09:00-05:00,402.3
2023-01-30 06:10:00-05:00,402.33
2023-01-30 06:11:00-05:00,402.25
2023-01-30 06:12:00-05:00,402.24
2023-01-30 06:13:00-05:00,402.24
2023-01-30 06:14:00-05:00,402.19
2023-01-30 06:15:00-05:00,402.13
2023-01-30 06:16:00-05:00,402.2
2023-01-30 06:17:00-05:00,402.23
2023-01-30 06:18:00-05:00,402.21
2023-01-30 06:19:00-05:00,402.12
2023-01-30 06:20:00-05:00,402.09
2023-01-30 06:21:00-05:00,402.01
2023-01-30 06:22:00-05:00,402.03
2023-01-30 06:23:00-05:00,401.94
2023-01-30 06:24:00-05:00,401.87
2023-01-30 06:25:00-05:00,401.87
2023-01-30 06:26:00-05:00,401.87
2023-01-30 06:27:00-05:00,401.81
2023-01-30 06:28:00-05:00,401.86
2023-01-30 06:29:00-05:00,401.9
2023-01-30 06:30:00-05:00,401.83
2023-01-30 06:31:00-05:00,401.8
2023-01-30 06:32:00-05:00,401.54
2023-01-30 06:33:00-05:00,401.53
2023-01-30 06:34:00-05:00,401.59
2023-01-30 06:35:00-05:00,401.55
2023-01-30 06:36:00-05:00,401.62
2023-01-30 06:37:00-05:00,401.55
2023-01-30 06:38:00-05:00,401.52
2023-01-30 06:39:00-05:00,401.54
2023-01-30 06:40:00-05:00,401.72
2023-01-30 06:41:00-05:00,401.73
2023-01-30 06:42:00-05:00,401.74
2023-01-30 06:43:00-05:00,401.67
2023-01-30 06:44:00-05:00,401.72
2023-01-30 06:45:00-05:00,401.78
2023-01-30 06:46:00-05:00,401.77
2023-01-30 06:47:00-05:00,401.88
2023-01-30 06:48:00-05:00,401.96
2023-01-30 06:49:00-05:00,401.98
2023-01-30 06:50:00-05:00,401.83
2023-01-30 06:51:00-05:00,401.79
2023-01-30 06:52:00-05:00,401.71
2023-01-30 06:53:00-05:00,401.8
2023-01-30 06:54:00-05:00,401.82
2023-01-30 06:55:00-05:00,401.84
2023-01-30 06:56:00-05:00,401.91
2023-01-30 06:57:00-05:00,401.97
2023-01-30 06:58:00-05:00,401.91
2023-01-30 06:59:00-05:00,401.89
2023-01-30 07:00:00-05:00,401.96
2023-01-30 07:01:00-05:00,401.99
2023-01-30 07:02:00-05:00,402.1
2023-01-30 07:03:00-05:00,402.12
2023-01-30 07:04:00-05:00,402.09
2023-01-30 07:05:00-05:00,402.06
2023-01-30 07:06:00-05:00,402.1
2023-01-30 07:07:00-05:00,402.1
2023-01-30 07:08:00-05:00,402.09
2023-01-30 07:09:00-05:00,402.1
2023-01-30 07:10:00-05:00,402.07
2023-01-30 07:11:00-05:00,402.1
2023-01-30 07:12:00-05:00,402.2
2023-01-30 07:13:00-05:00,402.25
2023-01-30 07:14:00-05:00,402.19
2023-01-30 07:15:00-05:00,402.22
2023-01-30 07:16:00-05:00,402.27
2023-01-30 07:17:00-05:00,402.32
2023-01-30 07:18:00-05:00,402.31
2023-01-30 07:19:00-05:00,402.32
2023-01-30 07:20:00-05:00,402.29
2023-01-30 07:21:00-05:00,402.26
2023-01-30 07:22:00-05:00,402.26
2023-01-30 07:23:00-05:00,402.25
2023-01-30 07:24:00-05:00,402.24
2023-01-30 07:25:00-05:00,402.15
2023-01-30 07:26:00-05:00,402.15
2023-01-30 07:27:00-05:00,402.12
2023-01-30 07:28:00-05:00,402.19
2023-01-30 07:29:00-05:00,402.28
2023-01-30 07:30:00-05:00,402.38
2023-01-30 07:31:00-05:00,402.36
2023-01-30 07:32:00-05:00,402.3
2023-01-30 07:33:00-05:00,402.18
2023-01-30 07:34:00-05:00,402.25
2023-01-30 07:35:00-05:00,402.22
2023-01-30 07:36:00-05:00,402.1
2023-01-30 07:37:00-05:00,402.04
2023-01-30 07:38:00-05:00,402.05
2023-01-30 07:39:00-05:00,402.07
2023-01-30 07:40:00-05:00,402.1
2023-01-30 07:41:00-05:00,402.15
2023-01-30 07:42:00-05:00,402.21
2023-01-30 07:43:00-05:00,402.3
2023-01-30 07:44:00-05:00,402.34
2023-01-30 07:45:00-05:00,402.32
2023-01-30 07:46:00-05:00,402.42
2023-01-30 07:47:00-05:00,402.45
2023-01-30 07:48:00-05:00,402.45
2023-01-30 07:49:00-05:00,402.47
2023-01-30 07:50:00-05:00,402.51
2023-01-30 07:51:00-05:00,402.52
2023-01-30 07:52:00-05:00,402.52
2023-01-30 07:53:00-05:00,402.45
2023-01-30 07:54:00-05:00,402.39
2023-01-30 07:55:00-05:00,402.39
2023-01-30 07:56:00-05:00,402.43
2023-01-30 07:57:00-05:00,402.5
2023-01-30 07:58:00-05:00,402.48
2023-01-30 07:59:00-05:00,402.47
2023-01-30 08:00:00-05:00,402.9215
2023-01-30 08:01:00-05:00,404.66
2023-01-30 08:02:00-05:00,402.21
2023-01-30 08:03:00-05:00,402.19
2023-01-30 08:04:00-05:00,402.24
2023-01-30 08:05:00-05:00,402.23
2023-01-30 08:06:00-05:00,402.28
2023-01-30 08:07:00-05:00,402.45
2023-01-30 08:08:00-05:00,402.43
2023-01-30 08:09:00-05:00,402.54
2023-01-30 08:10:00-05:00,402.58
2023-01-30 08:11:00-05:00,402.61
2023-01-30 08:12:00-05:00,402.57
2023-01-30 08:13:00-05:00,402.67
2023-01-30 08:14:00-05:00,402.6
2023-01-30 08:15:00-05:00,402.64
2023-01-30 08:16:00-05:00,402.52
2023-01-30 08:17:00-05:00,402.56
2023-01-30 08:18:00-05:00,402.6
2023-01-30 08:19:00-05:00,402.61
2023-01-30 08:20:00-05:00,402.56
2023-01-30 08:21:00-05:00,402.66
2023-01-30 08:22:00-05:00,402.7
2023-01-30 08:23:00-05:00,402.74
2023-01-30 08:24:00-05:00,402.73
2023-01-30 08:25:00-05:00,402.65
2023-01-30 08:26:00-05:00,402.7
2023-01-30 08:27:00-05:00,402.7
2023-01-30 08:28:00-05:00,402.8
2023-01-30 08:29:00-05:00,402.77
2023-01-30 08:30:00-05:00,402.65
2023-01-30 08:31:00-05:00,402.5
2023-01-30 08:32:00-05:00,402.34
2023-01-30 08:33:00-05:00,402.42
2023-01-30 08:34:00-05:00,402.43
2023-01-30 08:35:00-05:00,402.425
2023-01-30 08:36:00-05:00,402.43
2023-01-30 08:37:00-05:00,402.45
2023-01-30 08:38:00-05:00,402.38
2023-01-30 08:39:00-05:00,402.3
2023-01-30 08:40:00-05:00,402.19
2023-01-30 08:41:00-05:00,402.27
2023-01-30 08:42:00-05:00,402.33
2023-01-30 08:43:00-05:00,402.44
2023-01-30 08:44:00-05:00,402.51
2023-01-30 08:45:00-05:00,402.54
2023-01-30 08:46:00-05:00,402.48
2023-01-30 08:47:00-05:00,405.68
2023-01-30 08:48:00-05:00,402.6
2023-01-30 08:49:00-05:00,402.62
2023-01-30 08:50:00-05:00,402.66
2023-01-30 08:51:00-05:00,402.75
2023-01-30 08:52:00-05:00,402.73
2023-01-30 08:53:00-05:00,402.66
2023-01-30 08:54:00-05:00,402.72
2023-01-30 08:55:00-05:00,402.72
2023-01-30 08:56:00-05:00,402.68
2023-01-30 08:57:00-05:00,402.71
2023-01-30 08:58:00-05:00,402.66
2023-01-30 08:59:00-05:00,402.65
2023-01-30 09:00:00-05:00,402.75
2023-01-30 09:01:00-05:00,402.75
2023-01-30 09:02:00-05:00,402.69
2023-01-30 09:03:00-05:00,402.58
2023-01-30 09:04:00-05:00,405.02
2023-01-30 09:05:00-05:00,402.53
2023-01-30 09:06:00-05:00,402.555
2023-01-30 09:07:00-05:00,402.62
2023-01-30 09:08:00-05:00,402.71
2023-01-30 09:09:00-05:00,402.81
2023-01-30 09:10:00-05:00,402.82
2023-01-30 09:11:00-05:00,402.84
2023-01-30 09:12:00-05:00,402.81
2023-01-30 09:13:00-05:00,402.81
2023-01-30 09:14:00-05:00,402.87
2023-01-30 09:30:00-05:00,403.3599853515625
2023-01-30 09:31:00-05:00,403.5700073242188
2023-01-30 09:32:00-05:00,403.5450134277344
2023-01-30 09:33:00-05:00,403.5700073242188
2023-01-30 09:34:00-05:00,403.55999755859375
2023-01-30 09:35:00-05:00,403.3599853515625
2023-01-30 09:36:00-05:00,403.2799987792969
2023-01-30 09:37:00-05:00,403.3399963378906
2023-01-30 09:38:00-05:00,403.7000122070313
2023-01-30 09:39:00-05:00,403.8699951171875
2023-01-30 09:40:00-05:00,403.8900146484375
2023-01-30 09:41:00-05:00,403.6899108886719
2023-01-30 09:42:00-05:00,403.6400146484375
2023-01-30 09:43:00-05:00,403.55999755859375
2023-01-30 09:44:00-05:00,403.6600036621094
2023-01-30 09:45:00-05:00,404.1700134277344
2023-01-30 09:46:00-05:00,404.30999755859375
2023-01-30 09:47:00-05:00,404.3999938964844
2023-01-30 09:48:00-05:00,404.6000061035156
2023-01-30 09:49:00-05:00,404.30999755859375
2023-01-30 09:50:00-05:00,404.489013671875
2023-01-30 09:51:00-05:00,404.3977966308594
2023-01-30 09:52:00-05:00,404.510009765625
2023-01-30 09:53:00-05:00,404.5300903320313
2023-01-30 09:54:00-05:00,404.2001037597656
2023-01-30 09:55:00-05:00,403.75
2023-01-30 09:56:00-05:00,404.2200012207031
2023-01-30 09:57:00-05:00,404.3800048828125
2023-01-30 09:58:00-05:00,404.3699951171875
2023-01-30 09:59:00-05:00,404.5199890136719
2023-01-30 10:00:00-05:00,404.5700073242188
2023-01-30 10:01:00-05:00,404.8500061035156
2023-01-30 10:02:00-05:00,404.9100036621094
2023-01-30 10:03:00-05:00,404.7900085449219
2023-01-30 10:04:00-05:00,404.9200134277344
2023-01-30 10:05:00-05:00,405.1300048828125
2023-01-30 10:06:00-05:00,405.0899963378906
2023-01-30 10:07:00-05:00,405.1000061035156
2023-01-30 10:08:00-05:00,405.0499877929688
2023-01-30 10:09:00-05:00,404.9400024414063
2023-01-30 10:10:00-05:00,404.9881896972656
2023-01-30 10:11:00-05:00,404.9599914550781
2023-01-30 10:12:00-05:00,404.864990234375
2023-01-30 10:13:00-05:00,404.9100036621094
2023-01-30 10:14:00-05:00,404.6199035644531
2023-01-30 10:15:00-05:00,404.6900024414063
2023-01-30 10:16:00-05:00,404.1199035644531
2023-01-30 10:17:00-05:00,404.3200073242188
2023-01-30 10:18:00-05:00,404.3999938964844
2023-01-30 10:19:00-05:00,404.1650085449219
2023-01-30 10:20:00-05:00,404.3399963378906
2023-01-30 10:21:00-05:00,403.9009094238281
2023-01-30 10:22:00-05:00,404.1300048828125
2023-01-30 10:23:00-05:00,404.0899963378906
2023-01-30 10:24:00-05:00,403.7900085449219
2023-01-30 10:25:00-05:00,403.9200134277344
2023-01-30 10:26:00-05:00,403.7449951171875
2023-01-30 10:27:00-05:00,403.5499877929688
2023-01-30 10:28:00-05:00,403.5499877929688
2023-01-30 10:29:00-05:00,403.9200134277344
2023-01-30 10:30:00-05:00,403.9249877929688
2023-01-30 10:31:00-05:00,403.4299926757813
2023-01-30 10:32:00-05:00,403.55999755859375
2023-01-30 10:33:00-05:00,403.6600036621094
2023-01-30 10:34:00-05:00,403.5
2023-01-30 10:35:00-05:00,403.4299926757813
2023-01-30 10:36:00-05:00,403.3200073242188
2023-01-30 10:37:00-05:00,403.1099853515625
2023-01-30 10:38:00-05:00,402.9100036621094
2023-01-30 10:39:00-05:00,402.9299926757813
2023-01-30 10:40:00-05:00,402.9100036621094
2023-01-30 10:41:00-05:00,402.5700073242188
2023-01-30 10:42:00-05:00,402.4800109863281
2023-01-30 10:43:00-05:00,402.4754943847656
2023-01-30 10:44:00-05:00,402.4299926757813
2023-01-30 10:45:00-05:00,402.3900146484375
2023-01-30 10:46:00-05:00,402.4200134277344
2023-01-30 10:47:00-05:00,402.1900024414063
2023-01-30 10:48:00-05:00,402.3800048828125
2023-01-30 10:49:00-05:00,402.5799865722656
2023-01-30 10:50:00-05:00,402.80999755859375
2023-01-30 10:51:00-05:00,402.8699951171875
2023-01-30 10:52:00-05:00,402.7699890136719
2023-01-30 10:53:00-05:00,402.5700073242188
2023-01-30 10:54:00-05:00,402.4599914550781
2023-01-30 10:55:00-05:00,402.6499938964844
2023-01-30 10:56:00-05:00,402.6199951171875
2023-01-30 10:57:00-05:00,402.6799926757813
2023-01-30 10:58:00-05:00,402.9400024414063
2023-01-30 10:59:00-05:00,403.0350036621094
2023-01-30 11:00:00-05:00,403.1000061035156
2023-01-30 11:01:00-05:00,403.1299133300781
2023-01-30 11:02:00-05:00,403.1199951171875
2023-01-30 11:03:00-05:00,403.1799926757813
2023-01-30 11:04:00-05:00,403.0899963378906
2023-01-30 11:05:00-05:00,403.0198974609375
2023-01-30 11:06:00-05:00,402.956787109375
2023-01-30 11:07:00-05:00,402.9200134277344
2023-01-30 11:08:00-05:00,402.83990478515625
2023-01-30 11:09:00-05:00,402.9800109863281
2023-01-30 11:10:00-05:00,403.2699890136719
2023-01-30 11:11:00-05:00,403.4549865722656
2023-01-30 11:12:00-05:00,403.6600036621094
2023-01-30 11:13:00-05:00,403.6549987792969
2023-01-30 11:14:00-05:00,403.5700073242188
2023-01-30 11:15:00-05:00,403.6099853515625
2023-01-30 11:16:00-05:00,403.8800048828125
2023-01-30 11:17:00-05:00,403.8200073242188
2023-01-30 11:18:00-05:00,403.760009765625
2023-01-30 11:19:00-05:00,403.80999755859375
2023-01-30 11:20:00-05:00,403.7900085449219
2023-01-30 11:21:00-05:00,403.6998901367188
2023-01-30 11:22:00-05:00,403.55999755859375
2023-01-30 11:23:00-05:00,403.4299926757813
2023-01-30 11:24:00-05:00,403.1900024414063
2023-01-30 11:25:00-05:00,403.2300109863281
2023-01-30 11:26:00-05:00,402.9700012207031
2023-01-30 11:27:00-05:00,402.989990234375
2023-01-30 11:28:00-05:00,403.30999755859375
2023-01-30 11:29:00-05:00,403.2799987792969
2023-01-30 11:30:00-05:00,403.5849914550781
2023-01-30 11:31:00-05:00,403.5499877929688
2023-01-30 11:32:00-05:00,403.4599914550781
2023-01-30 11:33:00-05:00,403.260009765625
2023-01-30 11:34:00-05:00,403.34759521484375
2023-01-30 11:35:00-05:00,403.3550109863281
2023-01-30 11:36:00-05:00,403.3399963378906
2023-01-30 11:37:00-05:00,403.05999755859375
2023-01-30 11:38:00-05:00,403.1199951171875
2023-01-30 11:39:00-05:00,402.9201049804688
2023-01-30 11:40:00-05:00,403.0799865722656
2023-01-30 11:41:00-05:00,403.05999755859375
2023-01-30 11:42:00-05:00,403.0549926757813
2023-01-30 11:43:00-05:00,402.9299926757813
2023-01-30 11:44:00-05:00,402.8999938964844
2023-01-30 11:45:00-05:00,402.9700012207031
2023-01-30 11:46:00-05:00,403.0799865722656
2023-01-30 11:47:00-05:00,402.9898986816406
2023-01-30 11:48:00-05:00,402.8699951171875
2023-01-30 11:49:00-05:00,402.7300109863281
2023-01-30 11:50:00-05:00,402.8299865722656
2023-01-30 11:51:00-05:00,402.8299865722656
2023-01-30 11:52:00-05:00,402.7099914550781
2023-01-30 11:53:00-05:00,402.819091796875
2023-01-30 11:54:00-05:00,402.6799011230469
2023-01-30 11:55:00-05:00,402.43499755859375
2023-01-30 11:56:00-05:00,402.5050048828125
2023-01-30 11:57:00-05:00,402.7900085449219
2023-01-30 11:58:00-05:00,403.0700073242188
2023-01-30 11:59:00-05:00,403.2699890136719
2023-01-30 12:00:00-05:00,403.1980895996094
2023-01-30 12:01:00-05:00,403.2699890136719
2023-01-30 12:02:00-05:00,403.3139953613281
2023-01-30 12:03:00-05:00,403.2799987792969
2023-01-30 12:04:00-05:00,403.1700134277344
2023-01-30 12:05:00-05:00,403.2916870117188
2023-01-30 12:06:00-05:00,403.2799987792969
2023-01-30 12:07:00-05:00,403.3200073242188
2023-01-30 12:08:00-05:00,403.3299865722656
2023-01-30 12:09:00-05:00,403.25
2023-01-30 12:10:00-05:00,403.2999877929688
2023-01-30 12:11:00-05:00,403.2300109863281
2023-01-30 12:12:00-05:00,403.2049865722656
2023-01-30 12:13:00-05:00,403.1700134277344
2023-01-30 12:14:00-05:00,403.4100036621094
2023-01-30 12:15:00-05:00,403.3880004882813
2023-01-30 12:16:00-05:00,403.2510070800781
2023-01-30 12:17:00-05:00,403.0799865722656
2023-01-30 12:18:00-05:00,402.9200134277344
2023-01-30 12:19:00-05:00,402.9320068359375
2023-01-30 12:20:00-05:00,402.9700012207031
2023-01-30 12:21:00-05:00,402.8349914550781
2023-01-30 12:22:00-05:00,402.9599914550781
2023-01-30 12:23:00-05:00,402.7900085449219
2023-01-30 12:24:00-05:00,402.9150085449219
2023-01-30 12:25:00-05:00,402.8999938964844
2023-01-30 12:26:00-05:00,402.8500061035156
2023-01-30 12:27:00-05:00,402.5400085449219
2023-01-30 12:28:00-05:00,402.6749877929688
2023-01-30 12:29:00-05:00,402.8999938964844
2023-01-30 12:30:00-05:00,402.9400024414063
2023-01-30 12:31:00-05:00,402.8999938964844
2023-01-30 12:32:00-05:00,402.7900085449219
2023-01-30 12:33:00-05:00,402.7550048828125
2023-01-30 12:34:00-05:00,402.7099914550781
2023-01-30 12:35:00-05:00,402.6900024414063
2023-01-30 12:36:00-05:00,402.8200073242188
2023-01-30 12:37:00-05:00,402.7999877929688
2023-01-30 12:38:00-05:00,402.8599853515625
2023-01-30 12:39:00-05:00,402.7200012207031
2023-01-30 12:40:00-05:00,402.639892578125
2023-01-30 12:41:00-05:00,402.8500061035156
2023-01-30 12:42:00-05:00,402.93939208984375
2023-01-30 12:43:00-05:00,402.8200073242188
2023-01-30 12:44:00-05:00,402.75
2023-01-30 12:45:00-05:00,402.6400146484375
2023-01-30 12:46:00-05:00,402.6000061035156
2023-01-30 12:47:00-05:00,402.3599853515625
2023-01-30 12:48:00-05:00,402.260009765625
2023-01-30 12:49:00-05:00,402.3800048828125
2023-01-30 12:50:00-05:00,402.3200073242188
2023-01-30 12:51:00-05:00,402.0799865722656
2023-01-30 12:52:00-05:00,402.260009765625
2023-01-30 12:53:00-05:00,402.4200134277344
2023-01-30 12:54:00-05:00,402.4198913574219
2023-01-30 12:55:00-05:00,402.30999755859375
2023-01-30 12:56:00-05:00,402.3689880371094
2023-01-30 12:57:00-05:00,402.2099914550781
2023-01-30 12:58:00-05:00,402.05999755859375
2023-01-30 12:59:00-05:00,402.2000122070313
2023-01-30 13:00:00-05:00,402.0899963378906
2023-01-30 13:01:00-05:00,401.9873962402344
2023-01-30 13:02:00-05:00,401.8699951171875
2023-01-30 13:03:00-05:00,401.8800048828125
2023-01-30 13:04:00-05:00,402.05999755859375
2023-01-30 13:05:00-05:00,402.25
2023-01-30 13:06:00-05:00,402.2699890136719
2023-01-30 13:07:00-05:00,402.239990234375
2023-01-30 13:08:00-05:00,402.1799926757813
2023-01-30 13:09:00-05:00,402.1401062011719
2023-01-30 13:10:00-05:00,402.2250061035156
2023-01-30 13:11:00-05:00,402.28619384765625
2023-01-30 13:12:00-05:00,402.30999755859375
2023-01-30 13:13:00-05:00,402.3200073242188
2023-01-30 13:14:00-05:00,402.2401123046875
2023-01-30 13:15:00-05:00,402.2300109863281
2023-01-30 13:16:00-05:00,402.6528930664063
2023-01-30 13:17:00-05:00,403.05999755859375
2023-01-30 13:18:00-05:00,403.0650024414063
2023-01-30 13:19:00-05:00,402.9700012207031
2023-01-30 13:20:00-05:00,403.0398864746094
2023-01-30 13:21:00-05:00,402.9200134277344
2023-01-30 13:22:00-05:00,402.9540100097656
2023-01-30 13:23:00-05:00,402.9599914550781
2023-01-30 13:24:00-05:00,403.0
2023-01-30 13:25:00-05:00,402.9700012207031
2023-01-30 13:26:00-05:00,402.9400024414063
2023-01-30 13:27:00-05:00,402.8699951171875
2023-01-30 13:28:00-05:00,402.6899108886719
2023-01-30 13:29:00-05:00,402.7799987792969
2023-01-30 13:30:00-05:00,402.639892578125
2023-01-30 13:31:00-05:00,402.4649963378906
2023-01-30 13:32:00-05:00,402.3500061035156
2023-01-30 13:33:00-05:00,402.2099914550781
2023-01-30 13:34:00-05:00,402.30999755859375
2023-01-30 13:35:00-05:00,402.2402038574219
2023-01-30 13:36:00-05:00,402.2300109863281
2023-01-30 13:37:00-05:00,402.2099914550781
2023-01-30 13:38:00-05:00,402.1662902832031
2023-01-30 13:39:00-05:00,402.2099914550781
2023-01-30 13:40:00-05:00,402.2099914550781
2023-01-30 13:41:00-05:00,402.0801086425781
2023-01-30 13:42:00-05:00,402.0150146484375
2023-01-30 13:43:00-05:00,402.0199890136719
2023-01-30 13:44:00-05:00,402.0350036621094
2023-01-30 13:45:00-05:00,402.0299987792969
2023-01-30 13:46:00-05:00,402.0499877929688
2023-01-30 13:47:00-05:00,402.0150146484375
2023-01-30 13:48:00-05:00,401.9317932128906
2023-01-30 13:49:00-05:00,402.1499938964844
2023-01-30 13:50:00-05:00,402.1900024414063
2023-01-30 13:51:00-05:00,402.1900024414063
2023-01-30 13:52:00-05:00,401.9200134277344
2023-01-30 13:53:00-05:00,402.0199890136719
2023-01-30 13:54:00-05:00,402.0849914550781
2023-01-30 13:55:00-05:00,402.1400146484375
2023-01-30 13:56:00-05:00,402.1499938964844
2023-01-30 13:57:00-05:00,401.9800109863281
2023-01-30 13:58:00-05:00,402.0499877929688
2023-01-30 13:59:00-05:00,402.3200073242188
2023-01-30 14:00:00-05:00,402.3057861328125
2023-01-30 14:01:00-05:00,402.2200012207031
2023-01-30 14:02:00-05:00,402.3250122070313
2023-01-30 14:03:00-05:00,402.3699951171875
2023-01-30 14:04:00-05:00,402.4299926757813
2023-01-30 14:05:00-05:00,402.4100036621094
2023-01-30 14:06:00-05:00,402.4100036621094
2023-01-30 14:07:00-05:00,402.39990234375
2023-01-30 14:08:00-05:00,402.2950134277344
2023-01-30 14:09:00-05:00,402.181396484375
2023-01-30 14:10:00-05:00,402.05999755859375
2023-01-30 14:11:00-05:00,402.1199035644531
2023-01-30 14:12:00-05:00,401.8900146484375
2023-01-30 14:13:00-05:00,401.8999938964844
2023-01-30 14:14:00-05:00,401.9859924316406
2023-01-30 14:15:00-05:00,401.989990234375
2023-01-30 14:16:00-05:00,401.889892578125
2023-01-30 14:17:00-05:00,401.82708740234375
2023-01-30 14:18:00-05:00,401.7000122070313
2023-01-30 14:19:00-05:00,401.7999877929688
2023-01-30 14:20:00-05:00,401.7900085449219
2023-01-30 14:21:00-05:00,401.9299926757813
2023-01-30 14:22:00-05:00,401.9400024414063
2023-01-30 14:23:00-05:00,401.7999877929688
2023-01-30 14:24:00-05:00,401.6799926757813
2023-01-30 14:25:00-05:00,401.7000122070313
2023-01-30 14:26:00-05:00,401.6099853515625
2023-01-30 14:27:00-05:00,401.5700073242188
2023-01-30 14:28:00-05:00,401.5400085449219
2023-01-30 14:29:00-05:00,401.6133117675781
2023-01-30 14:30:00-05:00,401.5199890136719
2023-01-30 14:31:00-05:00,401.5494995117188
2023-01-30 14:32:00-05:00,401.6300048828125
2023-01-30 14:33:00-05:00,401.5899963378906
2023-01-30 14:34:00-05:00,401.6099853515625
2023-01-30 14:35:00-05:00,401.6499938964844
2023-01-30 14:36:00-05:00,401.7099914550781
2023-01-30 14:37:00-05:00,401.625
2023-01-30 14:38:00-05:00,401.8399963378906
2023-01-30 14:39:00-05:00,401.739990234375
2023-01-30 14:40:00-05:00,401.7200012207031
2023-01-30 14:41:00-05:00,401.489990234375
2023-01-30 14:42:00-05:00,401.4500122070313
2023-01-30 14:43:00-05:00,401.4700012207031
2023-01-30 14:44:00-05:00,401.5499877929688
2023-01-30 14:45:00-05:00,401.58990478515625
2023-01-30 14:46:00-05:00,401.389892578125
2023-01-30 14:47:00-05:00,401.3500061035156
2023-01-30 14:48:00-05:00,401.25
2023-01-30 14:49:00-05:00,401.2200012207031
2023-01-30 14:50:00-05:00,401.1499938964844
2023-01-30 14:51:00-05:00,401.1499938964844
2023-01-30 14:52:00-05:00,401.0400085449219
2023-01-30 14:53:00-05:00,401.1799926757813
2023-01-30 14:54:00-05:00,401.1799926757813
2023-01-30 14:55:00-05:00,401.1499938964844
2023-01-30 14:56:00-05:00,401.0400085449219
2023-01-30 14:57:00-05:00,401.25
2023-01-30 14:58:00-05:00,401.3299865722656
2023-01-30 14:59:00-05:00,401.43939208984375
2023-01-30 15:00:00-05:00,401.5299987792969
2023-01-30 15:01:00-05:00,401.4100036621094
2023-01-30 15:02:00-05:00,401.4800109863281
2023-01-30 15:03:00-05:00,401.7139892578125
2023-01-30 15:04:00-05:00,401.7900085449219
2023-01-30 15:05:00-05:00,401.6600036621094
2023-01-30 15:06:00-05:00,401.6000061035156
2023-01-30 15:07:00-05:00,401.3250122070313
2023-01-30 15:08:00-05:00,401.159912109375
2023-01-30 15:09:00-05:00,401.25
2023-01-30 15:10:00-05:00,401.2900085449219
2023-01-30 15:11:00-05:00,401.260009765625
2023-01-30 15:12:00-05:00,401.3699951171875
2023-01-30 15:13:00-05:00,401.3996887207031
2023-01-30 15:14:00-05:00,400.9400024414063
2023-01-30 15:15:00-05:00,401.0299987792969
2023-01-30 15:16:00-05:00,400.9299926757813
2023-01-30 15:17:00-05:00,400.7999877929688
2023-01-30 15:18:00-05:00,400.8999938964844
2023-01-30 15:19:00-05:00,401.010009765625
2023-01-30 15:20:00-05:00,401.0580139160156
2023-01-30 15:21:00-05:00,400.989990234375
2023-01-30 15:22:00-05:00,400.8200073242188
2023-01-30 15:23:00-05:00,400.9450073242188
2023-01-30 15:24:00-05:00,400.7799987792969
2023-01-30 15:25:00-05:00,400.75
2023-01-30 15:26:00-05:00,400.739990234375
2023-01-30 15:27:00-05:00,400.7900085449219
2023-01-30 15:28:00-05:00,400.7900085449219
2023-01-30 15:29:00-05:00,400.80999755859375
2023-01-30 15:30:00-05:00,400.7000122070313
2023-01-30 15:31:00-05:00,400.9599914550781
2023-01-30 15:32:00-05:00,401.2200012207031
2023-01-30 15:33:00-05:00,401.0899963378906
2023-01-30 15:34:00-05:00,401.1499938964844
2023-01-30 15:35:00-05:00,401.30999755859375
2023-01-30 15:36:00-05:00,401.3200073242188
2023-01-30 15:37:00-05:00,401.5199890136719
2023-01-30 15:38:00-05:00,401.5199890136719
2023-01-30 15:39:00-05:00,401.55999755859375
2023-01-30 15:40:00-05:00,401.5599060058594
2023-01-30 15:41:00-05:00,401.4500122070313
2023-01-30 15:42:00-05:00,401.260009765625
2023-01-30 15:43:00-05:00,401.18499755859375
2023-01-30 15:44:00-05:00,401.3699951171875
2023-01-30 15:45:00-05:00,401.3500061035156
2023-01-30 15:46:00-05:00,401.3500061035156
2023-01-30 15:47:00-05:00,401.0299987792969
2023-01-30 15:48:00-05:00,400.9700012207031
2023-01-30 15:49:00-05:00,401.010009765625
2023-01-30 15:50:00-05:00,401.3299865722656
2023-01-30 15:51:00-05:00,401.3800048828125
2023-01-30 15:52:00-05:00,401.0299987792969
2023-01-30 15:53:00-05:00,400.9200134277344
2023-01-30 15:54:00-05:00,400.98870849609375
2023-01-30 15:55:00-05:00,400.7449951171875
2023-01-30 15:56:00-05:00,400.5
2023-01-30 15:57:00-05:00,400.5
2023-01-30 15:58:00-05:00,400.5
2023-01-30 15:59:00-05:00,400.7000122070313
2023-01-30 16:00:00-05:00,405.8103
2023-01-30 16:01:00-05:00,401.22
2023-01-30 16:02:00-05:00,401.15
2023-01-30 16:03:00-05:00,405.8103
2023-01-30 16:04:00-05:00,401.1
2023-01-30 16:05:00-05:00,401.9897
2023-01-30 16:06:00-05:00,401.31
2023-01-30 16:07:00-05:00,401.37
2023-01-30 16:08:00-05:00,401.33
2023-01-30 16:09:00-05:00,401.26
2023-01-30 16:10:00-05:00,401.36
2023-01-30 16:11:00-05:00,401.285
2023-01-30 16:12:00-05:00,401.29
2023-01-30 16:13:00-05:00,401.28
2023-01-30 16:14:00-05:00,401.23
2023-01-30 16:15:00-05:00,401.19
2023-01-30 16:16:00-05:00,401.11
2023-01-30 16:17:00-05:00,401.19
2023-01-30 16:18:00-05:00,401.24
2023-01-30 16:19:00-05:00,405.8103
2023-01-30 16:20:00-05:00,401.33
2023-01-30 16:21:00-05:00,401.36
2023-01-30 16:22:00-05:00,401.35
2023-01-30 16:23:00-05:00,401.41
2023-01-30 16:24:00-05:00,401.39
2023-01-30 16:25:00-05:00,401.39
2023-01-30 16:26:00-05:00,401.48
2023-01-30 16:27:00-05:00,401.49
2023-01-30 16:28:00-05:00,401.48
2023-01-30 16:29:00-05:00,401.47
2023-01-30 16:30:00-05:00,401.49
2023-01-30 16:31:00-05:00,401.47
2023-01-30 16:32:00-05:00,401.49
2023-01-30 16:33:00-05:00,401.44
2023-01-30 16:34:00-05:00,401.4
2023-01-30 16:35:00-05:00,401.38
2023-01-30 16:36:00-05:00,401.4
2023-01-30 16:37:00-05:00,401.38
2023-01-30 16:38:00-05:00,401.36
2023-01-30 16:39:00-05:00,401.35
2023-01-30 16:40:00-05:00,401.34
2023-01-30 16:41:00-05:00,401.34
2023-01-30 16:42:00-05:00,401.38
2023-01-30 16:43:00-05:00,401.34
2023-01-30 16:44:00-05:00,401.34
2023-01-30 16:45:00-05:00,401.39
2023-01-30 16:46:00-05:00,401.24
2023-01-30 16:47:00-05:00,401.3
2023-01-30 16:48:00-05:00,401.24
2023-01-30 16:49:00-05:00,401.19
2023-01-30 16:50:00-05:00,401.21
2023-01-30 16:51:00-05:00,401.245
2023-01-30 16:52:00-05:00,401.28
2023-01-30 16:53:00-05:00,401.295
2023-01-30 16:54:00-05:00,401.3001
2023-01-30 16:55:00-05:00,401.3
2023-01-30 16:56:00-05:00,401.32
2023-01-30 16:57:00-05:00,401.34
2023-01-30 16:58:00-05:00,401.34
2023-01-30 16:59:00-05:00,401.34
2023-01-30 17:00:00-05:00,401.34
2023-01-30 17:01:00-05:00,401.38
2023-01-30 17:02:00-05:00,401.37
2023-01-30 17:03:00-05:00,401.35
2023-01-30 17:04:00-05:00,401.35
2023-01-30 17:05:00-05:00,401.34
2023-01-30 17:06:00-05:00,401.34
2023-01-30 17:07:00-05:00,401.34
2023-01-30 17:08:00-05:00,401.34
2023-01-30 17:09:00-05:00,401.35
2023-01-30 17:10:00-05:00,402.75
2023-01-30 17:11:00-05:00,401.3
2023-01-30 17:12:00-05:00,401.33
2023-01-30 17:13:00-05:00,401.31
2023-01-30 17:14:00-05:00,401.315
2023-01-30 17:15:00-05:00,401.3
2023-01-30 17:16:00-05:00,401.3
2023-01-30 17:17:00-05:00,401.3
2023-01-30 17:18:00-05:00,401.34
2023-01-30 17:19:00-05:00,401.3
2023-01-30 17:20:00-05:00,401.3
2023-01-30 17:21:00-05:00,401.32
2023-01-30 17:22:00-05:00,401.3
2023-01-30 17:23:00-05:00,401.3
2023-01-30 17:24:00-05:00,401.285
2023-01-30 17:25:00-05:00,401.29
2023-01-30 17:26:00-05:00,401.255
2023-01-30 17:27:00-05:00,401.28
2023-01-30 17:28:00-05:00,401.28
2023-01-30 17:29:00-05:00,401.28
2023-01-30 17:30:00-05:00,401.28
2023-01-30 17:31:00-05:00,401.25
2023-01-30 17:32:00-05:00,401.26
2023-01-30 17:33:00-05:00,401.26
2023-01-30 17:34:00-05:00,401.26
2023-01-30 17:35:00-05:00,401.26
2023-01-30 17:36:00-05:00,401.29
2023-01-30 17:37:00-05:00,401.28
2023-01-30 17:38:00-05:00,401.28
2023-01-30 17:39:00-05:00,401.27
2023-01-30 17:40:00-05:00,401.25
2023-01-30 17:41:00-05:00,401.22
2023-01-30 17:42:00-05:00,401.22
2023-01-30 17:43:00-05:00,401.25
2023-01-30 17:44:00-05:00,401.22
2023-01-30 17:45:00-05:00,401.2
2023-01-30 17:46:00-05:00,401.2
2023-01-30 17:47:00-05:00,401.2
2023-01-30 17:48:00-05:00,401.2
2023-01-30 17:49:00-05:00,401.2
2023-01-30 17:50:00-05:00,401.15
2023-01-30 17:51:00-05:00,401.1
2023-01-30 17:52:00-05:00,401.1
2023-01-30 17:53:00-05:00,401.1
2023-01-30 17:54:00-05:00,401.1
2023-01-30 17:55:00-05:00,401.1
2023-01-30 17:56:00-05:00,401.15
2023-01-30 17:57:00-05:00,401.15
2023-01-30 17:58:00-05:00,401.15
2023-01-30 17:59:00-05:00,401.19
2023-01-30 18:00:00-05:00,401.37
2023-01-30 18:01:00-05:00,401.35
2023-01-30 18:02:00-05:00,401.4
2023-01-30 18:03:00-05:00,401.39
2023-01-30 18:04:00-05:00,401.32
2023-01-30 18:05:00-05:00,401.3
2023-01-30 18:06:00-05:00,401.3
2023-01-30 18:07:00-05:00,401.29
2023-01-30 18:08:00-05:00,401.29
2023-01-30 18:09:00-05:00,401.15
2023-01-30 18:10:00-05:00,401.25
2023-01-30 18:11:00-05:00,401.19
2023-01-30 18:12:00-05:00,401.18
2023-01-30 18:13:00-05:00,401.21
2023-01-30 18:14:00-05:00,401.23
2023-01-30 18:15:00-05:00,401.24
2023-01-30 18:16:00-05:00,401.25
2023-01-30 18:17:00-05:00,401.25
2023-01-30 18:18:00-05:00,401.25
2023-01-30 18:19:00-05:00,401.25
2023-01-30 18:20:00-05:00,401.33
2023-01-30 18:21:00-05:00,401.38
2023-01-30 18:22:00-05:00,401.38
2023-01-30 18:23:00-05:00,401.36
2023-01-30 18:24:00-05:00,401.375
2023-01-30 18:25:00-05:00,401.39
2023-01-30 18:26:00-05:00,403.2101
2023-01-30 18:27:00-05:00,403.4501
2023-01-30 18:28:00-05:00,401.42
2023-01-30 18:29:00-05:00,401.4
2023-01-30 18:30:00-05:00,401.42
2023-01-30 18:31:00-05:00,401.41
2023-01-30 18:32:00-05:00,401.39
2023-01-30 18:33:00-05:00,401.36
2023-01-30 18:34:00-05:00,401.4
2023-01-30 18:35:00-05:00,401.44
2023-01-30 18:36:00-05:00,401.47
2023-01-30 18:37:00-05:00,401.53
2023-01-30 18:38:00-05:00,402.1601
2023-01-30 18:39:00-05:00,402.1599
2023-01-30 18:40:00-05:00,401.58
2023-01-30 18:41:00-05:00,401.67
2023-01-30 18:42:00-05:00,401.66
2023-01-30 18:43:00-05:00,401.67
2023-01-30 18:44:00-05:00,401.65
2023-01-30 18:45:00-05:00,401.66
2023-01-30 18:46:00-05:00,401.68
2023-01-30 18:47:00-05:00,401.64
2023-01-30 18:48:00-05:00,401.63
2023-01-30 18:49:00-05:00,401.55
2023-01-30 18:50:00-05:00,401.58
2023-01-30 18:51:00-05:00,401.61
2023-01-30 18:52:00-05:00,401.64
2023-01-30 18:53:00-05:00,401.64
2023-01-30 18:54:00-05:00,401.62
2023-01-30 18:55:00-05:00,401.64
2023-01-30 18:56:00-05:00,401.68
2023-01-30 18:57:00-05:00,401.62
2023-01-30 18:58:00-05:00,401.66
2023-01-30 18:59:00-05:00,401.7
2023-01-30 19:00:00-05:00,401.71
2023-01-30 19:01:00-05:00,401.69
2023-01-30 19:02:00-05:00,401.56
2023-01-30 19:03:00-05:00,401.5
2023-01-30 19:04:00-05:00,401.46
2023-01-30 19:05:00-05:00,401.405
2023-01-30 19:06:00-05:00,401.4
2023-01-30 19:07:00-05:00,401.45
2023-01-30 19:08:00-05:00,401.49
2023-01-30 19:09:00-05:00,401.5
2023-01-30 19:10:00-05:00,401.42
2023-01-30 19:11:00-05:00,401.5
2023-01-30 19:12:00-05:00,401.38
2023-01-30 19:13:00-05:00,401.39
2023-01-30 19:14:00-05:00,401.4
2023-01-30 19:15:00-05:00,401.36
2023-01-30 19:16:00-05:00,401.29
2023-01-30 19:17:00-05:00,401.26
2023-01-30 19:18:00-05:00,401.26
2023-01-30 19:19:00-05:00,401.26
2023-01-30 19:20:00-05:00,401.28
2023-01-30 19:21:00-05:00,401.25
2023-01-30 19:22:00-05:00,401.21
2023-01-30 19:23:00-05:00,401.21
2023-01-30 19:24:00-05:00,401.21
2023-01-30 19:25:00-05:00,401.24
2023-01-30 19:26:00-05:00,401.3
2023-01-30 19:27:00-05:00,401.35
2023-01-30 19:28:00-05:00,401.37
2023-01-30 19:29:00-05:00,401.38
2023-01-30 19:30:00-05:00,401.44
2023-01-30 19:31:00-05:00,401.445
2023-01-30 19:32:00-05:00,401.55
2023-01-30 19:33:00-05:00,401.55
2023-01-30 19:34:00-05:00,401.46
2023-01-30 19:35:00-05:00,401.48
2023-01-30 19:36:00-05:00,401.43
2023-01-30 19:37:00-05:00,401.44
2023-01-30 19:38:00-05:00,401.48
2023-01-30 19:39:00-05:00,401.5
2023-01-30 19:40:00-05:00,401.49
2023-01-30 19:41:00-05:00,401.4
2023-01-30 19:42:00-05:00,401.36
2023-01-30 19:43:00-05:00,401.38
2023-01-30 19:44:00-05:00,401.38
2023-01-30 19:45:00-05:00,401.35
2023-01-30 19:46:00-05:00,401.39
2023-01-30 19:47:00-05:00,401.39
2023-01-30 19:48:00-05:00,401.38
2023-01-30 19:49:00-05:00,401.42
2023-01-30 19:50:00-05:00,401.45
2023-01-30 19:51:00-05:00,401.44
2023-01-30 19:52:00-05:00,401.43
2023-01-30 19:53:00-05:00,401.42
2023-01-30 19:54:00-05:00,401.36
2023-01-30 19:55:00-05:00,401.375
2023-01-30 19:56:00-05:00,401.4
2023-01-30 19:57:00-05:00,401.46
2023-01-30 19:58:00-05:00,401.42
2023-01-30 19:59:00-05:00,401.46
2023-01-31 04:00:00-05:00,400.44
2023-01-31 04:01:00-05:00,399.89
2023-01-31 04:02:00-05:00,399.9
2023-01-31 04:03:00-05:00,399.89
2023-01-31 04:04:00-05:00,399.75
2023-01-31 04:05:00-05:00,399.81
2023-01-31 04:06:00-05:00,399.74
2023-01-31 04:07:00-05:00,399.79
2023-01-31 04:08:00-05:00,399.75
2023-01-31 04:09:00-05:00,399.7
2023-01-31 04:10:00-05:00,399.8
2023-01-31 04:11:00-05:00,399.78
2023-01-31 04:12:00-05:00,399.7
2023-01-31 04:13:00-05:00,399.68
2023-01-31 04:14:00-05:00,399.63
2023-01-31 04:15:00-05:00,399.6
2023-01-31 04:16:00-05:00,399.57
2023-01-31 04:17:00-05:00,399.49
2023-01-31 04:18:00-05:00,399.38
2023-01-31 04:19:00-05:00,399.35
2023-01-31 04:20:00-05:00,399.3
2023-01-31 04:21:00-05:00,399.32
2023-01-31 04:22:00-05:00,399.43
2023-01-31 04:23:00-05:00,399.55
2023-01-31 04:24:00-05:00,399.51
2023-01-31 04:25:00-05:00,399.55
2023-01-31 04:26:00-05:00,399.55
2023-01-31 04:27:00-05:00,399.53
2023-01-31 04:28:00-05:00,399.58
2023-01-31 04:29:00-05:00,399.6
2023-01-31 04:30:00-05:00,399.44
2023-01-31 04:31:00-05:00,399.44
2023-01-31 04:32:00-05:00,399.4
2023-01-31 04:34:00-05:00,399.57
2023-01-31 04:35:00-05:00,399.52
2023-01-31 04:36:00-05:00,399.6
2023-01-31 04:37:00-05:00,399.59
2023-01-31 04:38:00-05:00,399.63
2023-01-31 04:39:00-05:00,399.56
2023-01-31 04:40:00-05:00,399.5
2023-01-31 04:41:00-05:00,399.49
2023-01-31 04:42:00-05:00,399.49
2023-01-31 04:43:00-05:00,399.5
2023-01-31 04:44:00-05:00,399.63
2023-01-31 04:45:00-05:00,399.63
2023-01-31 04:46:00-05:00,399.69
2023-01-31 04:47:00-05:00,399.68
2023-01-31 04:48:00-05:00,399.71
2023-01-31 04:49:00-05:00,399.63
2023-01-31 04:50:00-05:00,399.56
2023-01-31 04:51:00-05:00,399.53
2023-01-31 04:52:00-05:00,399.51
2023-01-31 04:53:00-05:00,399.48
2023-01-31 04:54:00-05:00,399.44
2023-01-31 04:55:00-05:00,399.49
2023-01-31 04:56:00-05:00,399.5
2023-01-31 04:57:00-05:00,399.54
2023-01-31 04:58:00-05:00,399.53
2023-01-31 04:59:00-05:00,399.44
2023-01-31 05:00:00-05:00,399.37
2023-01-31 05:01:00-05:00,399.28
2023-01-31 05:02:00-05:00,399.26
2023-01-31 05:03:00-05:00,399.35
2023-01-31 05:04:00-05:00,399.31
2023-01-31 05:05:00-05:00,399.36
2023-01-31 05:06:00-05:00,399.31
2023-01-31 05:07:00-05:00,399.27
2023-01-31 05:08:00-05:00,399.26
2023-01-31 05:09:00-05:00,399.28
2023-01-31 05:10:00-05:00,399.29
2023-01-31 05:12:00-05:00,399.26
2023-01-31 05:13:00-05:00,399.17
2023-01-31 05:14:00-05:00,399.19
2023-01-31 05:15:00-05:00,399.31
2023-01-31 05:16:00-05:00,399.29
2023-01-31 05:17:00-05:00,399.3
2023-01-31 05:18:00-05:00,399.46
2023-01-31 05:19:00-05:00,399.46
2023-01-31 05:20:00-05:00,399.49
2023-01-31 05:21:00-05:00,399.4
2023-01-31 05:22:00-05:00,399.35
2023-01-31 05:23:00-05:00,399.3
2023-01-31 05:24:00-05:00,399.32
2023-01-31 05:25:00-05:00,399.25
2023-01-31 05:26:00-05:00,399.26
2023-01-31 05:27:00-05:00,399.15
2023-01-31 05:28:00-05:00,399.29
2023-01-31 05:29:00-05:00,399.28
2023-01-31 05:30:00-05:00,399.35
2023-01-31 05:31:00-05:00,399.29
2023-01-31 05:32:00-05:00,399.2
2023-01-31 05:33:00-05:00,399.11
2023-01-31 05:34:00-05:00,399.1
2023-01-31 05:35:00-05:00,399.11
2023-01-31 05:36:00-05:00,399.05
2023-01-31 05:37:00-05:00,399.0
2023-01-31 05:38:00-05:00,398.98
2023-01-31 05:39:00-05:00,398.95
2023-01-31 05:40:00-05:00,399.03
2023-01-31 05:41:00-05:00,399.0
2023-01-31 05:42:00-05:00,398.99
2023-01-31 05:43:00-05:00,398.98
2023-01-31 05:44:00-05:00,398.99
2023-01-31 05:45:00-05:00,399.06
2023-01-31 05:46:00-05:00,399.12
2023-01-31 05:47:00-05:00,399.26
2023-01-31 05:48:00-05:00,399.23
2023-01-31 05:49:00-05:00,399.24
2023-01-31 05:50:00-05:00,399.28
2023-01-31 05:51:00-05:00,399.21
2023-01-31 05:52:00-05:00,399.15
2023-01-31 05:53:00-05:00,399.14
2023-01-31 05:55:00-05:00,399.13
2023-01-31 05:56:00-05:00,399.13
2023-01-31 05:57:00-05:00,399.0
2023-01-31 05:58:00-05:00,398.78
2023-01-31 05:59:00-05:00,398.78
2023-01-31 06:00:00-05:00,398.76
2023-01-31 06:01:00-05:00,398.67
2023-01-31 06:02:00-05:00,398.7
2023-01-31 06:03:00-05:00,398.91
2023-01-31 06:04:00-05:00,398.89
2023-01-31 06:05:00-05:00,398.92
2023-01-31 06:06:00-05:00,398.94
2023-01-31 06:07:00-05:00,398.85
2023-01-31 06:08:00-05:00,398.9
2023-01-31 06:09:00-05:00,398.9
2023-01-31 06:10:00-05:00,398.87
2023-01-31 06:11:00-05:00,398.82
2023-01-31 06:12:00-05:00,398.78
2023-01-31 06:13:00-05:00,398.68
2023-01-31 06:14:00-05:00,398.74
2023-01-31 06:15:00-05:00,398.8
2023-01-31 06:16:00-05:00,398.85
2023-01-31 06:17:00-05:00,398.81
2023-01-31 06:18:00-05:00,398.94
2023-01-31 06:19:00-05:00,398.88
2023-01-31 06:20:00-05:00,398.8
2023-01-31 06:21:00-05:00,398.76
2023-01-31 06:22:00-05:00,398.7
2023-01-31 06:23:00-05:00,398.73
2023-01-31 06:24:00-05:00,398.69
2023-01-31 06:25:00-05:00,398.62
2023-01-31 06:26:00-05:00,398.58
2023-01-31 06:27:00-05:00,398.6
2023-01-31 06:28:00-05:00,398.57
2023-01-31 06:29:00-05:00,398.55
2023-01-31 06:30:00-05:00,398.5
2023-01-31 06:31:00-05:00,398.42
2023-01-31 06:32:00-05:00,398.41
2023-01-31 06:33:00-05:00,398.36
2023-01-31 06:34:00-05:00,398.32
2023-01-31 06:35:00-05:00,398.45
2023-01-31 06:36:00-05:00,398.77
2023-01-31 06:37:00-05:00,398.79
2023-01-31 06:38:00-05:00,398.76
2023-01-31 06:39:00-05:00,398.91
2023-01-31 06:40:00-05:00,398.84
2023-01-31 06:41:00-05:00,398.98
2023-01-31 06:42:00-05:00,399.14
2023-01-31 06:43:00-05:00,399.14
2023-01-31 06:44:00-05:00,399.21
2023-01-31 06:45:00-05:00,399.3
2023-01-31 06:46:00-05:00,399.16
2023-01-31 06:47:00-05:00,399.12
2023-01-31 06:48:00-05:00,399.27
2023-01-31 06:49:00-05:00,399.25
2023-01-31 06:50:00-05:00,399.22
2023-01-31 06:51:00-05:00,399.27
2023-01-31 06:52:00-05:00,399.19
2023-01-31 06:53:00-05:00,399.23
2023-01-31 06:54:00-05:00,399.24
2023-01-31 06:55:00-05:00,399.32
2023-01-31 06:56:00-05:00,399.35
2023-01-31 06:57:00-05:00,399.26
2023-01-31 06:58:00-05:00,399.24
2023-01-31 06:59:00-05:00,399.29
2023-01-31 07:00:00-05:00,399.69
2023-01-31 07:01:00-05:00,399.6
2023-01-31 07:02:00-05:00,399.67
2023-01-31 07:03:00-05:00,399.6
2023-01-31 07:04:00-05:00,399.6
2023-01-31 07:05:00-05:00,399.58
2023-01-31 07:06:00-05:00,399.52
2023-01-31 07:07:00-05:00,399.44
2023-01-31 07:08:00-05:00,399.43
2023-01-31 07:09:00-05:00,399.36
2023-01-31 07:10:00-05:00,399.46
2023-01-31 07:11:00-05:00,399.51
2023-01-31 07:12:00-05:00,399.49
2023-01-31 07:13:00-05:00,399.54
2023-01-31 07:14:00-05:00,399.6
2023-01-31 07:15:00-05:00,399.55
2023-01-31 07:16:00-05:00,399.6
2023-01-31 07:17:00-05:00,399.6
2023-01-31 07:18:00-05:00,399.6
2023-01-31 07:19:00-05:00,399.55
2023-01-31 07:20:00-05:00,399.6
2023-01-31 07:21:00-05:00,399.6
2023-01-31 07:22:00-05:00,399.62
2023-01-31 07:23:00-05:00,399.6
2023-01-31 07:24:00-05:00,399.6
2023-01-31 07:25:00-05:00,399.5
2023-01-31 07:26:00-05:00,399.55
2023-01-31 07:27:00-05:00,399.57
2023-01-31 07:28:00-05:00,399.55
2023-01-31 07:29:00-05:00,399.73
2023-01-31 07:30:00-05:00,399.78
2023-01-31 07:31:00-05:00,399.76
2023-01-31 07:32:00-05:00,399.86
2023-01-31 07:33:00-05:00,399.7
2023-01-31 07:34:00-05:00,399.8
2023-01-31 07:35:00-05:00,399.84
2023-01-31 07:36:00-05:00,399.86
2023-01-31 07:37:00-05:00,399.82
2023-01-31 07:38:00-05:00,399.82
2023-01-31 07:39:00-05:00,399.78
2023-01-31 07:40:00-05:00,399.68
2023-01-31 07:41:00-05:00,399.73
2023-01-31 07:42:00-05:00,399.72
2023-01-31 07:43:00-05:00,399.75
2023-01-31 07:44:00-05:00,399.82
2023-01-31 07:45:00-05:00,399.89
2023-01-31 07:46:00-05:00,400.0
2023-01-31 07:47:00-05:00,400.17
2023-01-31 07:48:00-05:00,400.12
2023-01-31 07:49:00-05:00,400.02
2023-01-31 07:50:00-05:00,400.03
2023-01-31 07:51:00-05:00,400.08
2023-01-31 07:52:00-05:00,400.05
2023-01-31 07:53:00-05:00,400.12
2023-01-31 07:54:00-05:00,400.12
2023-01-31 07:55:00-05:00,400.12
2023-01-31 07:56:00-05:00,400.12
2023-01-31 07:57:00-05:00,400.06
2023-01-31 07:58:00-05:00,400.01
2023-01-31 07:59:00-05:00,399.99
2023-01-31 08:00:00-05:00,400.12
2023-01-31 08:01:00-05:00,401.42
2023-01-31 08:02:00-05:00,400.23
2023-01-31 08:03:00-05:00,400.23
2023-01-31 08:04:00-05:00,400.24
2023-01-31 08:05:00-05:00,400.28
2023-01-31 08:07:00-05:00,400.32
2023-01-31 08:08:00-05:00,400.23
2023-01-31 08:09:00-05:00,400.25
2023-01-31 08:10:00-05:00,400.24
2023-01-31 08:11:00-05:00,400.29
2023-01-31 08:12:00-05:00,400.2
2023-01-31 08:13:00-05:00,400.16
2023-01-31 08:14:00-05:00,400.15
2023-01-31 08:15:00-05:00,400.2
2023-01-31 08:16:00-05:00,400.22
2023-01-31 08:17:00-05:00,400.21
2023-01-31 08:18:00-05:00,400.18
2023-01-31 08:19:00-05:00,400.18
2023-01-31 08:20:00-05:00,400.21
2023-01-31 08:21:00-05:00,400.25
2023-01-31 08:22:00-05:00,400.28
2023-01-31 08:23:00-05:00,400.15
2023-01-31 08:24:00-05:00,400.19
2023-01-31 08:25:00-05:00,400.12
2023-01-31 08:26:00-05:00,400.3
2023-01-31 08:27:00-05:00,400.29
2023-01-31 08:28:00-05:00,400.2
2023-01-31 08:29:00-05:00,400.1
2023-01-31 08:30:00-05:00,401.33
2023-01-31 08:31:00-05:00,403.285
2023-01-31 08:32:00-05:00,401.305
2023-01-31 08:33:00-05:00,400.99
2023-01-31 08:34:00-05:00,400.86
2023-01-31 08:35:00-05:00,401.34
2023-01-31 08:36:00-05:00,401.56
2023-01-31 08:37:00-05:00,401.78
2023-01-31 08:38:00-05:00,401.51
2023-01-31 08:39:00-05:00,401.45
2023-01-31 08:40:00-05:00,401.56
2023-01-31 08:41:00-05:00,401.22
2023-01-31 08:42:00-05:00,401.2
2023-01-31 08:43:00-05:00,401.35
2023-01-31 08:44:00-05:00,401.55
2023-01-31 08:45:00-05:00,401.68
2023-01-31 08:46:00-05:00,401.67
2023-01-31 08:47:00-05:00,401.73
2023-01-31 08:48:00-05:00,401.8
2023-01-31 08:49:00-05:00,401.8
2023-01-31 08:50:00-05:00,401.75
2023-01-31 08:51:00-05:00,401.84
2023-01-31 08:52:00-05:00,402.26
2023-01-31 08:53:00-05:00,402.24
2023-01-31 08:54:00-05:00,401.98
2023-01-31 08:55:00-05:00,401.89
2023-01-31 08:56:00-05:00,401.9
2023-01-31 08:57:00-05:00,402.04
2023-01-31 08:58:00-05:00,401.91
2023-01-31 08:59:00-05:00,401.85
2023-01-31 09:00:00-05:00,402.04
2023-01-31 09:01:00-05:00,402.03
2023-01-31 09:02:00-05:00,401.97
2023-01-31 09:03:00-05:00,401.88
2023-01-31 09:04:00-05:00,401.95
2023-01-31 09:05:00-05:00,401.85
2023-01-31 09:06:00-05:00,401.79
2023-01-31 09:07:00-05:00,401.77
2023-01-31 09:08:00-05:00,401.88
2023-01-31 09:09:00-05:00,401.89
2023-01-31 09:10:00-05:00,401.88
2023-01-31 09:11:00-05:00,401.85
2023-01-31 09:12:00-05:00,401.74
2023-01-31 09:13:00-05:00,401.72
2023-01-31 09:14:00-05:00,401.7
2023-01-31 09:30:00-05:00,401.5499877929688
2023-01-31 09:31:00-05:00,401.6700134277344
2023-01-31 09:32:00-05:00,401.7000122070313
2023-01-31 09:33:00-05:00,401.7049865722656
2023-01-31 09:34:00-05:00,401.8800048828125
2023-01-31 09:35:00-05:00,401.7550048828125
2023-01-31 09:36:00-05:00,401.4299926757813
2023-01-31 09:37:00-05:00,401.5400085449219
2023-01-31 09:38:00-05:00,401.3900146484375
2023-01-31 09:39:00-05:00,401.3500061035156
2023-01-31 09:40:00-05:00,401.3500061035156
2023-01-31 09:41:00-05:00,401.8399963378906
2023-01-31 09:42:00-05:00,401.8299865722656
2023-01-31 09:43:00-05:00,402.0
2023-01-31 09:44:00-05:00,401.9700012207031
2023-01-31 09:45:00-05:00,401.7099914550781
2023-01-31 09:46:00-05:00,401.8599853515625
2023-01-31 09:47:00-05:00,401.8399963378906
2023-01-31 09:48:00-05:00,402.1499938964844
2023-01-31 09:49:00-05:00,402.2200012207031
2023-01-31 09:50:00-05:00,402.340087890625
2023-01-31 09:51:00-05:00,402.1799926757813
2023-01-31 09:52:00-05:00,401.8800048828125
2023-01-31 09:53:00-05:00,402.0499877929688
2023-01-31 09:54:00-05:00,402.0400085449219
2023-01-31 09:55:00-05:00,402.2200012207031
2023-01-31 09:56:00-05:00,402.2699890136719
2023-01-31 09:57:00-05:00,402.0499877929688
2023-01-31 09:58:00-05:00,401.8399963378906
2023-01-31 09:59:00-05:00,401.5700073242188
2023-01-31 10:00:00-05:00,401.5899963378906
2023-01-31 10:01:00-05:00,401.4800109863281
2023-01-31 10:02:00-05:00,401.3949890136719
2023-01-31 10:03:00-05:00,401.4700012207031
2023-01-31 10:04:00-05:00,401.4400024414063
2023-01-31 10:05:00-05:00,401.739990234375
2023-01-31 10:06:00-05:00,401.9249877929688
2023-01-31 10:07:00-05:00,402.1700134277344
2023-01-31 10:08:00-05:00,401.9400024414063
2023-01-31 10:09:00-05:00,401.7850036621094
2023-01-31 10:10:00-05:00,401.3469848632813
2023-01-31 10:11:00-05:00,401.5899963378906
2023-01-31 10:12:00-05:00,401.7300109863281
2023-01-31 10:13:00-05:00,402.010009765625
2023-01-31 10:14:00-05:00,402.0799865722656
2023-01-31 10:15:00-05:00,402.2325134277344
2023-01-31 10:16:00-05:00,402.3500061035156
2023-01-31 10:17:00-05:00,402.3800048828125
2023-01-31 10:18:00-05:00,402.3500061035156
2023-01-31 10:19:00-05:00,402.3999938964844
2023-01-31 10:20:00-05:00,402.3949890136719
2023-01-31 10:21:00-05:00,402.2699890136719
2023-01-31 10:22:00-05:00,402.55999755859375
2023-01-31 10:23:00-05:00,402.3599853515625
2023-01-31 10:24:00-05:00,402.2900085449219
2023-01-31 10:25:00-05:00,402.3345947265625
2023-01-31 10:26:00-05:00,402.1650085449219
2023-01-31 10:27:00-05:00,402.0799865722656
2023-01-31 10:28:00-05:00,402.3599853515625
2023-01-31 10:29:00-05:00,402.760009765625
2023-01-31 10:30:00-05:00,402.9500122070313
2023-01-31 10:31:00-05:00,402.8800048828125
2023-01-31 10:32:00-05:00,402.760009765625
2023-01-31 10:33:00-05:00,402.7900085449219
2023-01-31 10:34:00-05:00,402.8299865722656
2023-01-31 10:35:00-05:00,402.7900085449219
2023-01-31 10:36:00-05:00,402.9299926757813
2023-01-31 10:37:00-05:00,402.8699951171875
2023-01-31 10:38:00-05:00,402.8299865722656
2023-01-31 10:39:00-05:00,402.6400146484375
2023-01-31 10:40:00-05:00,402.7499084472656
2023-01-31 10:41:00-05:00,402.75
2023-01-31 10:42:00-05:00,402.8299865722656
2023-01-31 10:43:00-05:00,402.7799987792969
2023-01-31 10:44:00-05:00,402.9200134277344
2023-01-31 10:45:00-05:00,402.8999938964844
2023-01-31 10:46:00-05:00,403.0000915527344
2023-01-31 10:47:00-05:00,403.0150146484375
2023-01-31 10:48:00-05:00,403.1000061035156
2023-01-31 10:49:00-05:00,402.9549865722656
2023-01-31 10:50:00-05:00,403.3399963378906
2023-01-31 10:51:00-05:00,403.2231140136719
2023-01-31 10:52:00-05:00,402.8999938964844
2023-01-31 10:53:00-05:00,402.8399963378906
2023-01-31 10:54:00-05:00,402.7300109863281
2023-01-31 10:55:00-05:00,402.9100036621094
2023-01-31 10:56:00-05:00,402.8999938964844
2023-01-31 10:57:00-05:00,402.8900146484375
2023-01-31 10:58:00-05:00,402.8999938964844
2023-01-31 10:59:00-05:00,402.9400024414063
2023-01-31 11:00:00-05:00,403.3500061035156
2023-01-31 11:01:00-05:00,403.3150024414063
2023-01-31 11:02:00-05:00,403.489990234375
2023-01-31 11:03:00-05:00,403.4500122070313
2023-01-31 11:04:00-05:00,403.3299865722656
2023-01-31 11:05:00-05:00,403.2799987792969
2023-01-31 11:06:00-05:00,403.3299865722656
2023-01-31 11:07:00-05:00,403.260009765625
2023-01-31 11:08:00-05:00,403.1199951171875
2023-01-31 11:09:00-05:00,403.1700134277344
2023-01-31 11:10:00-05:00,403.1401062011719
2023-01-31 11:11:00-05:00,402.9400024414063
2023-01-31 11:12:00-05:00,402.9400024414063
2023-01-31 11:13:00-05:00,403.0199890136719
2023-01-31 11:14:00-05:00,403.0400085449219
2023-01-31 11:15:00-05:00,403.1099853515625
2023-01-31 11:16:00-05:00,403.0499877929688
2023-01-31 11:17:00-05:00,403.1000061035156
2023-01-31 11:18:00-05:00,402.9849853515625
2023-01-31 11:19:00-05:00,402.9100036621094
2023-01-31 11:20:00-05:00,403.0199890136719
2023-01-31 11:21:00-05:00,402.989990234375
2023-01-31 11:22:00-05:00,403.148193359375
2023-01-31 11:23:00-05:00,403.2200012207031
2023-01-31 11:24:00-05:00,403.2049865722656
2023-01-31 11:25:00-05:00,403.0499877929688
2023-01-31 11:26:00-05:00,403.114990234375
2023-01-31 11:27:00-05:00,403.135009765625
2023-01-31 11:28:00-05:00,403.2049865722656
2023-01-31 11:29:00-05:00,403.3200073242188
2023-01-31 11:30:00-05:00,403.27490234375
2023-01-31 11:31:00-05:00,403.25
2023-01-31 11:32:00-05:00,403.3900146484375
2023-01-31 11:33:00-05:00,403.4284057617188
2023-01-31 11:34:00-05:00,403.2999877929688
2023-01-31 11:35:00-05:00,403.2699890136719
2023-01-31 11:36:00-05:00,403.3800048828125
2023-01-31 11:37:00-05:00,403.5299987792969
2023-01-31 11:38:00-05:00,403.4649963378906
2023-01-31 11:39:00-05:00,403.239013671875
2023-01-31 11:40:00-05:00,403.3500061035156
2023-01-31 11:41:00-05:00,403.3500061035156
2023-01-31 11:42:00-05:00,403.3800048828125
2023-01-31 11:43:00-05:00,403.2999877929688
2023-01-31 11:44:00-05:00,403.2405090332031
2023-01-31 11:45:00-05:00,403.0499877929688
2023-01-31 11:46:00-05:00,403.2000122070313
2023-01-31 11:47:00-05:00,403.1260070800781
2023-01-31 11:48:00-05:00,403.0450134277344
2023-01-31 11:49:00-05:00,402.9500122070313
2023-01-31 11:50:00-05:00,402.9599914550781
2023-01-31 11:51:00-05:00,403.0
2023-01-31 11:52:00-05:00,403.0799865722656
2023-01-31 11:53:00-05:00,403.1799926757813
2023-01-31 11:54:00-05:00,403.2799987792969
2023-01-31 11:55:00-05:00,403.2200012207031
2023-01-31 11:56:00-05:00,403.2699890136719
2023-01-31 11:57:00-05:00,403.3399963378906
2023-01-31 11:58:00-05:00,403.3200073242188
2023-01-31 11:59:00-05:00,403.1698913574219
2023-01-31 12:00:00-05:00,403.1098937988281
2023-01-31 12:01:00-05:00,403.0400085449219
2023-01-31 12:02:00-05:00,402.8900146484375
2023-01-31 12:03:00-05:00,402.7300109863281
2023-01-31 12:04:00-05:00,402.8800048828125
2023-01-31 12:05:00-05:00,402.8940124511719
2023-01-31 12:06:00-05:00,402.989990234375
2023-01-31 12:07:00-05:00,402.8200073242188
2023-01-31 12:08:00-05:00,402.9400024414063
2023-01-31 12:09:00-05:00,403.0799865722656
2023-01-31 12:10:00-05:00,403.0199890136719
2023-01-31 12:11:00-05:00,403.1000061035156
2023-01-31 12:12:00-05:00,402.9500122070313
2023-01-31 12:13:00-05:00,402.8700866699219
2023-01-31 12:14:00-05:00,402.875
2023-01-31 12:15:00-05:00,402.9800109863281
2023-01-31 12:16:00-05:00,403.0899963378906
2023-01-31 12:17:00-05:00,403.2200012207031
2023-01-31 12:18:00-05:00,403.4800109863281
2023-01-31 12:19:00-05:00,403.6499938964844
2023-01-31 12:20:00-05:00,403.6098937988281
2023-01-31 12:21:00-05:00,403.4450073242188
2023-01-31 12:22:00-05:00,403.4399108886719
2023-01-31 12:23:00-05:00,403.3746032714844
2023-01-31 12:24:00-05:00,403.3900146484375
2023-01-31 12:25:00-05:00,403.4450073242188
2023-01-31 12:26:00-05:00,403.4700012207031
2023-01-31 12:27:00-05:00,403.3699951171875
2023-01-31 12:28:00-05:00,403.4299926757813
2023-01-31 12:29:00-05:00,403.510009765625
2023-01-31 12:30:00-05:00,403.489990234375
2023-01-31 12:31:00-05:00,403.4200134277344
2023-01-31 12:32:00-05:00,403.4599914550781
2023-01-31 12:33:00-05:00,403.364990234375
2023-01-31 12:34:00-05:00,403.4700012207031
2023-01-31 12:35:00-05:00,403.4700012207031
2023-01-31 12:36:00-05:00,403.6000061035156
2023-01-31 12:37:00-05:00,403.7799987792969
2023-01-31 12:38:00-05:00,403.7200012207031
2023-01-31 12:39:00-05:00,403.6799926757813
2023-01-31 12:40:00-05:00,403.739990234375
2023-01-31 12:41:00-05:00,403.8547058105469
2023-01-31 12:42:00-05:00,403.8049926757813
2023-01-31 12:43:00-05:00,403.8800048828125
2023-01-31 12:44:00-05:00,403.87799072265625
2023-01-31 12:45:00-05:00,403.8599853515625
2023-01-31 12:46:00-05:00,403.8699951171875
2023-01-31 12:47:00-05:00,403.8599853515625
2023-01-31 12:48:00-05:00,403.8599853515625
2023-01-31 12:49:00-05:00,403.7799987792969
2023-01-31 12:50:00-05:00,403.7999877929688
2023-01-31 12:51:00-05:00,403.7699890136719
2023-01-31 12:52:00-05:00,403.6600036621094
2023-01-31 12:53:00-05:00,403.7799987792969
2023-01-31 12:54:00-05:00,403.8599853515625
2023-01-31 12:55:00-05:00,403.8399963378906
2023-01-31 12:56:00-05:00,403.75
2023-01-31 12:57:00-05:00,403.6700134277344
2023-01-31 12:58:00-05:00,403.6600036621094
2023-01-31 12:59:00-05:00,403.6842041015625
2023-01-31 13:00:00-05:00,403.75
2023-01-31 13:01:00-05:00,403.7250061035156
2023-01-31 13:02:00-05:00,403.7898864746094
2023-01-31 13:03:00-05:00,403.8200073242188
2023-01-31 13:04:00-05:00,403.8349914550781
2023-01-31 13:05:00-05:00,403.80999755859375
2023-01-31 13:06:00-05:00,403.8599853515625
2023-01-31 13:07:00-05:00,403.8500061035156
2023-01-31 13:08:00-05:00,403.8500061035156
2023-01-31 13:09:00-05:00,403.8299865722656
2023-01-31 13:10:00-05:00,403.7099914550781
2023-01-31 13:11:00-05:00,403.7999877929688
2023-01-31 13:12:00-05:00,403.8200073242188
2023-01-31 13:13:00-05:00,403.8800048828125
2023-01-31 13:14:00-05:00,403.8200073242188
2023-01-31 13:15:00-05:00,403.7550048828125
2023-01-31 13:16:00-05:00,403.7200927734375
2023-01-31 13:17:00-05:00,403.7088928222656
2023-01-31 13:18:00-05:00,403.7000122070313
2023-01-31 13:19:00-05:00,403.6600036621094
2023-01-31 13:20:00-05:00,403.6611022949219
2023-01-31 13:21:00-05:00,403.7699890136719
2023-01-31 13:22:00-05:00,403.7699890136719
2023-01-31 13:23:00-05:00,403.6900024414063
2023-01-31 13:24:00-05:00,403.4500122070313
2023-01-31 13:25:00-05:00,403.5
2023-01-31 13:26:00-05:00,403.5286865234375
2023-01-31 13:27:00-05:00,403.6600036621094
2023-01-31 13:28:00-05:00,403.7099914550781
2023-01-31 13:29:00-05:00,403.6799926757813
2023-01-31 13:30:00-05:00,403.7999877929688
2023-01-31 13:31:00-05:00,403.7898864746094
2023-01-31 13:32:00-05:00,403.7349853515625
2023-01-31 13:33:00-05:00,403.7000122070313
2023-01-31 13:34:00-05:00,403.739990234375
2023-01-31 13:35:00-05:00,403.6900024414063
2023-01-31 13:36:00-05:00,403.6687927246094
2023-01-31 13:37:00-05:00,403.6499938964844
2023-01-31 13:38:00-05:00,403.6099853515625
2023-01-31 13:39:00-05:00,403.6449890136719
2023-01-31 13:40:00-05:00,403.8399963378906
2023-01-31 13:41:00-05:00,403.85009765625
2023-01-31 13:42:00-05:00,403.8499145507813
2023-01-31 13:43:00-05:00,403.8900146484375
2023-01-31 13:44:00-05:00,403.8250122070313
2023-01-31 13:45:00-05:00,403.8599853515625
2023-01-31 13:46:00-05:00,404.1000061035156
2023-01-31 13:47:00-05:00,404.1900024414063
2023-01-31 13:48:00-05:00,404.2300109863281
2023-01-31 13:49:00-05:00,404.1799926757813
2023-01-31 13:50:00-05:00,404.260009765625
2023-01-31 13:51:00-05:00,404.2300109863281
2023-01-31 13:52:00-05:00,404.2099914550781
2023-01-31 13:53:00-05:00,404.1499938964844
2023-01-31 13:54:00-05:00,404.2000122070313
2023-01-31 13:55:00-05:00,404.2550048828125
2023-01-31 13:56:00-05:00,404.2650146484375
2023-01-31 13:57:00-05:00,404.2799987792969
2023-01-31 13:58:00-05:00,404.2999877929688
2023-01-31 13:59:00-05:00,404.2900085449219
2023-01-31 14:00:00-05:00,404.3900146484375
2023-01-31 14:01:00-05:00,404.4700012207031
2023-01-31 14:02:00-05:00,404.5
2023-01-31 14:03:00-05:00,404.4599914550781
2023-01-31 14:04:00-05:00,404.3900146484375
2023-01-31 14:05:00-05:00,404.3450012207031
2023-01-31 14:06:00-05:00,404.409912109375
2023-01-31 14:07:00-05:00,404.4798889160156
2023-01-31 14:08:00-05:00,404.5400085449219
2023-01-31 14:09:00-05:00,404.5150146484375
2023-01-31 14:10:00-05:00,404.5
2023-01-31 14:11:00-05:00,404.4549865722656
2023-01-31 14:12:00-05:00,404.5249938964844
2023-01-31 14:13:00-05:00,404.4700012207031
2023-01-31 14:14:00-05:00,404.4200134277344
2023-01-31 14:15:00-05:00,404.4200134277344
2023-01-31 14:16:00-05:00,404.364990234375
2023-01-31 14:17:00-05:00,404.3500061035156
2023-01-31 14:18:00-05:00,404.364990234375
2023-01-31 14:19:00-05:00,404.2449951171875
2023-01-31 14:20:00-05:00,404.2699890136719
2023-01-31 14:21:00-05:00,404.3699951171875
2023-01-31 14:22:00-05:00,404.3599853515625
2023-01-31 14:23:00-05:00,404.2199096679688
2023-01-31 14:24:00-05:00,404.2650146484375
2023-01-31 14:25:00-05:00,404.18499755859375
2023-01-31 14:26:00-05:00,404.2900085449219
2023-01-31 14:27:00-05:00,404.2900085449219
2023-01-31 14:28:00-05:00,404.340087890625
2023-01-31 14:29:00-05:00,404.3500061035156
2023-01-31 14:30:00-05:00,404.4200134277344
2023-01-31 14:31:00-05:00,404.4800109863281
2023-01-31 14:32:00-05:00,404.489990234375
2023-01-31 14:33:00-05:00,404.3599853515625
2023-01-31 14:34:00-05:00,404.3985900878906
2023-01-31 14:35:00-05:00,404.4100036621094
2023-01-31 14:36:00-05:00,404.3599853515625
2023-01-31 14:37:00-05:00,404.2900085449219
2023-01-31 14:38:00-05:00,404.2699890136719
2023-01-31 14:39:00-05:00,404.3200073242188
2023-01-31 14:40:00-05:00,404.4200134277344
2023-01-31 14:41:00-05:00,404.4599914550781
2023-01-31 14:42:00-05:00,404.5499877929688
2023-01-31 14:43:00-05:00,404.4700012207031
2023-01-31 14:44:00-05:00,404.510009765625
2023-01-31 14:45:00-05:00,404.5400085449219
2023-01-31 14:46:00-05:00,404.5400085449219
2023-01-31 14:47:00-05:00,404.5
2023-01-31 14:48:00-05:00,404.5299987792969
2023-01-31 14:49:00-05:00,404.5799865722656
2023-01-31 14:50:00-05:00,404.5849914550781
2023-01-31 14:51:00-05:00,404.7099914550781
2023-01-31 14:52:00-05:00,404.739990234375
2023-01-31 14:53:00-05:00,404.7349853515625
2023-01-31 14:54:00-05:00,404.6300048828125
2023-01-31 14:55:00-05:00,404.6499938964844
2023-01-31 14:56:00-05:00,404.6600036621094
2023-01-31 14:57:00-05:00,404.6099853515625
2023-01-31 14:58:00-05:00,404.5849914550781
2023-01-31 14:59:00-05:00,404.55999755859375
2023-01-31 15:00:00-05:00,404.6000061035156
2023-01-31 15:01:00-05:00,404.75
2023-01-31 15:02:00-05:00,404.7900085449219
2023-01-31 15:03:00-05:00,404.8284912109375
2023-01-31 15:04:00-05:00,404.8299865722656
2023-01-31 15:05:00-05:00,404.7598876953125
2023-01-31 15:06:00-05:00,404.8399963378906
2023-01-31 15:07:00-05:00,404.7699890136719
2023-01-31 15:08:00-05:00,404.7300109863281
2023-01-31 15:09:00-05:00,404.69970703125
2023-01-31 15:10:00-05:00,404.6499938964844
2023-01-31 15:11:00-05:00,404.37799072265625
2023-01-31 15:12:00-05:00,404.2799987792969
2023-01-31 15:13:00-05:00,404.260009765625
2023-01-31 15:14:00-05:00,404.1900024414063
2023-01-31 15:15:00-05:00,404.2099914550781
2023-01-31 15:16:00-05:00,404.1499938964844
2023-01-31 15:17:00-05:00,404.10009765625
2023-01-31 15:18:00-05:00,403.9500122070313
2023-01-31 15:19:00-05:00,403.8999938964844
2023-01-31 15:20:00-05:00,404.1300048828125
2023-01-31 15:21:00-05:00,404.1099853515625
2023-01-31 15:22:00-05:00,403.8999938964844
2023-01-31 15:23:00-05:00,403.9700012207031
2023-01-31 15:24:00-05:00,403.9613952636719
2023-01-31 15:25:00-05:00,404.0249938964844
2023-01-31 15:26:00-05:00,403.8900146484375
2023-01-31 15:27:00-05:00,403.8699951171875
2023-01-31 15:28:00-05:00,403.8900146484375
2023-01-31 15:29:00-05:00,403.8999938964844
2023-01-31 15:30:00-05:00,404.0899963378906
2023-01-31 15:31:00-05:00,404.2200012207031
2023-01-31 15:32:00-05:00,404.2799987792969
2023-01-31 15:33:00-05:00,404.2250061035156
2023-01-31 15:34:00-05:00,404.3399963378906
2023-01-31 15:35:00-05:00,404.3500061035156
2023-01-31 15:36:00-05:00,404.3299865722656
2023-01-31 15:37:00-05:00,404.4700012207031
2023-01-31 15:38:00-05:00,404.489990234375
2023-01-31 15:39:00-05:00,404.510009765625
2023-01-31 15:40:00-05:00,404.5899963378906
2023-01-31 15:41:00-05:00,404.6300048828125
2023-01-31 15:42:00-05:00,404.6000061035156
2023-01-31 15:43:00-05:00,404.7000122070313
2023-01-31 15:44:00-05:00,404.7999877929688
2023-01-31 15:45:00-05:00,404.8999938964844
2023-01-31 15:46:00-05:00,404.9049987792969
2023-01-31 15:47:00-05:00,405.0350036621094
2023-01-31 15:48:00-05:00,405.0899963378906
2023-01-31 15:49:00-05:00,404.9700012207031
2023-01-31 15:50:00-05:00,405.4599914550781
2023-01-31 15:51:00-05:00,405.4800109863281
2023-01-31 15:52:00-05:00,405.510009765625
2023-01-31 15:53:00-05:00,405.5499877929688
2023-01-31 15:54:00-05:00,405.9299926757813
2023-01-31 15:55:00-05:00,405.9100036621094
2023-01-31 15:56:00-05:00,405.989990234375
2023-01-31 15:57:00-05:00,406.1099853515625
2023-01-31 15:58:00-05:00,406.4100036621094
2023-01-31 15:59:00-05:00,406.5299987792969
2023-01-31 16:00:00-05:00,406.48
2023-01-31 16:01:00-05:00,406.48
2023-01-31 16:02:00-05:00,406.1
2023-01-31 16:03:00-05:00,406.17
2023-01-31 16:04:00-05:00,406.16
2023-01-31 16:05:00-05:00,406.48
2023-01-31 16:06:00-05:00,406.4216
2023-01-31 16:07:00-05:00,406.4212
2023-01-31 16:08:00-05:00,406.4216
2023-01-31 16:09:00-05:00,406.28
2023-01-31 16:10:00-05:00,406.48
2023-01-31 16:11:00-05:00,406.432
2023-01-31 16:12:00-05:00,405.9
2023-01-31 16:13:00-05:00,405.94
2023-01-31 16:14:00-05:00,405.96
2023-01-31 16:15:00-05:00,406.48
2023-01-31 16:16:00-05:00,406.04
2023-01-31 16:17:00-05:00,406.01
2023-01-31 16:18:00-05:00,406.48
2023-01-31 16:19:00-05:00,406.48
2023-01-31 16:20:00-05:00,406.07
2023-01-31 16:21:00-05:00,406.04
2023-01-31 16:22:00-05:00,406.04
2023-01-31 16:23:00-05:00,405.98
2023-01-31 16:24:00-05:00,406.0
2023-01-31 16:25:00-05:00,406.05
2023-01-31 16:26:00-05:00,406.06
2023-01-31 16:27:00-05:00,405.97
2023-01-31 16:28:00-05:00,406.025
2023-01-31 16:29:00-05:00,406.0
2023-01-31 16:30:00-05:00,405.95
2023-01-31 16:31:00-05:00,405.99
2023-01-31 16:32:00-05:00,405.95
2023-01-31 16:33:00-05:00,405.91
2023-01-31 16:34:00-05:00,405.95
2023-01-31 16:35:00-05:00,405.94
2023-01-31 16:36:00-05:00,405.95
2023-01-31 16:37:00-05:00,405.95
2023-01-31 16:38:00-05:00,406.48
2023-01-31 16:39:00-05:00,405.96
2023-01-31 16:40:00-05:00,405.9385
2023-01-31 16:41:00-05:00,405.93
2023-01-31 16:42:00-05:00,406.48
2023-01-31 16:43:00-05:00,405.88
2023-01-31 16:44:00-05:00,405.855
2023-01-31 16:45:00-05:00,406.48
2023-01-31 16:46:00-05:00,405.78
2023-01-31 16:47:00-05:00,405.81
2023-01-31 16:48:00-05:00,406.48
2023-01-31 16:49:00-05:00,406.48
2023-01-31 16:50:00-05:00,406.48
2023-01-31 16:51:00-05:00,405.8
2023-01-31 16:52:00-05:00,405.78
2023-01-31 16:53:00-05:00,405.83
2023-01-31 16:54:00-05:00,405.85
2023-01-31 16:55:00-05:00,405.85
2023-01-31 16:56:00-05:00,405.81
2023-01-31 16:57:00-05:00,405.85
2023-01-31 16:58:00-05:00,405.85
2023-01-31 16:59:00-05:00,432.987
2023-01-31 17:00:00-05:00,405.9697
2023-01-31 17:01:00-05:00,405.93
2023-01-31 17:02:00-05:00,405.95
2023-01-31 17:03:00-05:00,405.97
2023-01-31 17:04:00-05:00,405.97
2023-01-31 17:05:00-05:00,405.97
2023-01-31 17:06:00-05:00,405.97
2023-01-31 17:07:00-05:00,405.97
2023-01-31 17:08:00-05:00,405.97
2023-01-31 17:09:00-05:00,406.02
2023-01-31 17:10:00-05:00,406.02
2023-01-31 17:11:00-05:00,405.99
2023-01-31 17:12:00-05:00,406.009
2023-01-31 17:13:00-05:00,405.97
2023-01-31 17:14:00-05:00,405.96
2023-01-31 17:15:00-05:00,405.95
2023-01-31 17:16:00-05:00,405.915
2023-01-31 17:17:00-05:00,405.94
2023-01-31 17:18:00-05:00,405.92
2023-01-31 17:19:00-05:00,405.94
2023-01-31 17:20:00-05:00,405.94
2023-01-31 17:21:00-05:00,405.96
2023-01-31 17:22:00-05:00,405.96
2023-01-31 17:23:00-05:00,405.9596
2023-01-31 17:24:00-05:00,405.94
2023-01-31 17:25:00-05:00,405.92
2023-01-31 17:26:00-05:00,406.48
2023-01-31 17:27:00-05:00,406.0
2023-01-31 17:28:00-05:00,405.99
2023-01-31 17:29:00-05:00,406.0
2023-01-31 17:30:00-05:00,406.0
2023-01-31 17:31:00-05:00,405.98
2023-01-31 17:32:00-05:00,405.98
2023-01-31 17:33:00-05:00,405.96
2023-01-31 17:34:00-05:00,405.98
2023-01-31 17:35:00-05:00,405.97
2023-01-31 17:36:00-05:00,405.97
2023-01-31 17:37:00-05:00,405.96
2023-01-31 17:38:00-05:00,405.98
2023-01-31 17:39:00-05:00,405.97
2023-01-31 17:40:00-05:00,405.98
2023-01-31 17:41:00-05:00,405.96
2023-01-31 17:42:00-05:00,405.96
2023-01-31 17:43:00-05:00,405.98
2023-01-31 17:44:00-05:00,406.0
2023-01-31 17:45:00-05:00,406.05
2023-01-31 17:46:00-05:00,406.05
2023-01-31 17:47:00-05:00,406.0
2023-01-31 17:48:00-05:00,406.05
2023-01-31 17:49:00-05:00,406.06
2023-01-31 17:50:00-05:00,406.06
2023-01-31 17:51:00-05:00,406.0
2023-01-31 17:52:00-05:00,406.02
2023-01-31 17:53:00-05:00,406.02
2023-01-31 17:54:00-05:00,406.07
2023-01-31 17:55:00-05:00,406.08
2023-01-31 17:56:00-05:00,406.06
2023-01-31 17:57:00-05:00,406.025
2023-01-31 17:58:00-05:00,406.03
2023-01-31 17:59:00-05:00,406.02
2023-01-31 18:00:00-05:00,406.02
2023-01-31 18:01:00-05:00,405.87
2023-01-31 18:02:00-05:00,405.82
2023-01-31 18:03:00-05:00,405.755
2023-01-31 18:04:00-05:00,405.8
2023-01-31 18:05:00-05:00,405.73
2023-01-31 18:06:00-05:00,405.7
2023-01-31 18:07:00-05:00,405.71
2023-01-31 18:08:00-05:00,405.75
2023-01-31 18:09:00-05:00,405.73
2023-01-31 18:10:00-05:00,405.74
2023-01-31 18:11:00-05:00,405.72
2023-01-31 18:12:00-05:00,405.7
2023-01-31 18:13:00-05:00,405.66
2023-01-31 18:14:00-05:00,405.6
2023-01-31 18:15:00-05:00,405.6
2023-01-31 18:16:00-05:00,405.59
2023-01-31 18:17:00-05:00,405.57
2023-01-31 18:18:00-05:00,405.6
2023-01-31 18:19:00-05:00,405.585
2023-01-31 18:20:00-05:00,405.61
2023-01-31 18:21:00-05:00,405.61
2023-01-31 18:22:00-05:00,405.585
2023-01-31 18:23:00-05:00,405.59
2023-01-31 18:24:00-05:00,405.6
2023-01-31 18:25:00-05:00,405.6
2023-01-31 18:26:00-05:00,405.6
2023-01-31 18:27:00-05:00,405.6
2023-01-31 18:28:00-05:00,405.59
2023-01-31 18:29:00-05:00,405.56
2023-01-31 18:30:00-05:00,405.525
2023-01-31 18:31:00-05:00,405.5
2023-01-31 18:32:00-05:00,405.42
2023-01-31 18:33:00-05:00,405.45
2023-01-31 18:34:00-05:00,405.43
2023-01-31 18:35:00-05:00,405.44
2023-01-31 18:36:00-05:00,405.41
2023-01-31 18:37:00-05:00,405.4
2023-01-31 18:38:00-05:00,405.4
2023-01-31 18:39:00-05:00,405.36
2023-01-31 18:40:00-05:00,405.48
2023-01-31 18:41:00-05:00,405.49
2023-01-31 18:42:00-05:00,405.45
2023-01-31 18:43:00-05:00,405.44
2023-01-31 18:44:00-05:00,405.44
2023-01-31 18:45:00-05:00,405.46
2023-01-31 18:46:00-05:00,405.5
2023-01-31 18:47:00-05:00,405.5
2023-01-31 18:48:00-05:00,405.54
2023-01-31 18:49:00-05:00,405.55
2023-01-31 18:50:00-05:00,405.57
2023-01-31 18:51:00-05:00,405.6
2023-01-31 18:52:00-05:00,405.71
2023-01-31 18:53:00-05:00,405.76
2023-01-31 18:54:00-05:00,405.71
2023-01-31 18:55:00-05:00,405.71
2023-01-31 18:56:00-05:00,405.65
2023-01-31 18:57:00-05:00,405.66
2023-01-31 18:58:00-05:00,405.63
2023-01-31 18:59:00-05:00,405.6
2023-01-31 19:00:00-05:00,405.55
2023-01-31 19:01:00-05:00,405.55
2023-01-31 19:02:00-05:00,405.57
2023-01-31 19:03:00-05:00,405.95
2023-01-31 19:04:00-05:00,405.76
2023-01-31 19:05:00-05:00,405.61
2023-01-31 19:06:00-05:00,405.48
2023-01-31 19:07:00-05:00,405.53
2023-01-31 19:08:00-05:00,405.48
2023-01-31 19:09:00-05:00,405.47
2023-01-31 19:10:00-05:00,405.44
2023-01-31 19:11:00-05:00,405.42
2023-01-31 19:12:00-05:00,405.35
2023-01-31 19:13:00-05:00,405.4
2023-01-31 19:14:00-05:00,405.38
2023-01-31 19:15:00-05:00,405.35
2023-01-31 19:16:00-05:00,405.37
2023-01-31 19:17:00-05:00,405.37
2023-01-31 19:18:00-05:00,405.32
2023-01-31 19:19:00-05:00,405.26
2023-01-31 19:20:00-05:00,405.235
2023-01-31 19:21:00-05:00,405.24
2023-01-31 19:22:00-05:00,405.24
2023-01-31 19:23:00-05:00,405.22
2023-01-31 19:24:00-05:00,405.22
2023-01-31 19:25:00-05:00,405.21
2023-01-31 19:26:00-05:00,405.19
2023-01-31 19:27:00-05:00,405.15
2023-01-31 19:28:00-05:00,405.19
2023-01-31 19:29:00-05:00,405.19
2023-01-31 19:30:00-05:00,405.2
2023-01-31 19:31:00-05:00,405.2
2023-01-31 19:32:00-05:00,405.22
2023-01-31 19:33:00-05:00,405.24
2023-01-31 19:34:00-05:00,405.23
2023-01-31 19:35:00-05:00,405.21
2023-01-31 19:36:00-05:00,405.2
2023-01-31 19:37:00-05:00,405.19
2023-01-31 19:38:00-05:00,405.18
2023-01-31 19:39:00-05:00,405.18
2023-01-31 19:40:00-05:00,405.19
2023-01-31 19:41:00-05:00,405.19
2023-01-31 19:42:00-05:00,405.18
2023-01-31 19:43:00-05:00,405.21
2023-01-31 19:44:00-05:00,405.21
2023-01-31 19:45:00-05:00,405.21
2023-01-31 19:46:00-05:00,405.22
2023-01-31 19:48:00-05:00,405.2
2023-01-31 19:49:00-05:00,405.13
2023-01-31 19:50:00-05:00,405.14
2023-01-31 19:51:00-05:00,405.16
2023-01-31 19:52:00-05:00,405.13
2023-01-31 19:53:00-05:00,405.13
2023-01-31 19:54:00-05:00,405.14
2023-01-31 19:55:00-05:00,405.09
2023-01-31 19:56:00-05:00,405.08
2023-01-31 19:57:00-05:00,405.08
2023-01-31 19:58:00-05:00,405.07
2023-01-31 19:59:00-05:00,405.1
